0
0
0
0
0
0
0
0
0
0
5.81739e-007
7.51258e-007
1.01811e-006
1.14629e-006
1.25732e-006
1.33253e-006
1.39359e-006
1.45608e-006
1.50073e-006
1.53492e-006
1.55723e-006
1.59393e-006
1.64186e-006
1.64548e-006
1.67785e-006
1.69762e-006
1.70931e-006
1.65964e-006
1.65175e-006
1.69333e-006
1.68125e-006
1.69012e-006
1.69254e-006
1.63804e-006
1.61339e-006
1.59185e-006
1.56841e-006
1.54198e-006
1.53217e-006
1.5142e-006
1.54556e-006
1.53846e-006
1.54794e-006
1.53019e-006
1.53173e-006
1.53882e-006
1.53992e-006
1.54896e-006
1.52285e-006
1.51155e-006
1.47411e-006
1.45472e-006
1.41544e-006
1.45576e-006
1.45509e-006
1.47608e-006
1.49388e-006
1.51666e-006
1.52145e-006
1.54006e-006
1.56417e-006
1.55371e-006
1.57114e-006
1.56791e-006
1.57502e-006
1.60936e-006
1.60127e-006
1.56349e-006
1.58556e-006
1.60397e-006
1.5827e-006
1.56733e-006
1.55692e-006
1.54815e-006
1.54204e-006
1.51563e-006
1.48938e-006
1.41306e-006
1.37764e-006
1.36841e-006
1.36457e-006
1.38317e-006
1.36784e-006
1.32789e-006
1.27171e-006
1.22924e-006
1.19784e-006
1.22772e-006
1.19795e-006
1.20446e-006
1.20599e-006
1.10459e-006
1.11383e-006
1.14561e-006
1.0842e-006
1.0976e-006
1.06831e-006
1.03958e-006
9.59676e-007
9.53882e-007
9.24858e-007
8.66246e-007
8.24299e-007
7.65331e-007
7.01408e-007
6.76924e-007
6.16262e-007
5.73304e-007
5.43848e-007
5.42701e-007
5.56547e-007
5.81151e-007
6.04749e-007
5.98079e-007
5.8538e-007
5.80737e-007
5.60569e-007
5.49168e-007
5.59157e-007
5.71518e-007
5.86386e-007
6.39843e-007
7.15839e-007
7.89909e-007
8.29872e-007
8.4881e-007
8.59073e-007
8.33475e-007
8.39461e-007
8.54663e-007
8.18563e-007
7.89171e-007
8.02189e-007
8.02841e-007
8.48835e-007
9.16273e-007
9.14701e-007
9.11079e-007
9.63969e-007
1.00646e-006
1.09043e-006
1.15943e-006
1.23524e-006
1.32533e-006
1.39007e-006
1.40656e-006
1.50092e-006
1.56553e-006
1.58909e-006
1.63241e-006
1.65026e-006
1.65983e-006
1.68178e-006
1.70018e-006
1.65671e-006
1.61281e-006
1.59247e-006
1.60535e-006
1.64317e-006
1.70048e-006
1.77704e-006
1.86995e-006
1.99171e-006
2.11238e-006
2.23856e-006
2.355e-006
2.48888e-006
2.58376e-006
2.67788e-006
2.75816e-006
2.78927e-006
2.83184e-006
2.82525e-006
2.82112e-006
2.89028e-006
2.93135e-006
2.95594e-006
2.98635e-006
2.96753e-006
2.96922e-006
2.98348e-006
3.00189e-006
3.00995e-006
2.98788e-006
2.99088e-006
2.99494e-006
3.05329e-006
3.12111e-006
3.18258e-006
3.24758e-006
3.22917e-006
3.21284e-006
3.19428e-006
3.16501e-006
3.17006e-006
3.14243e-006
3.15649e-006
3.18987e-006
3.13452e-006
3.08448e-006
3.00554e-006
2.94758e-006
2.81771e-006
2.708e-006
2.55756e-006
2.47257e-006
2.37449e-006
2.27665e-006
2.16517e-006
2.03175e-006
1.88916e-006
1.78189e-006
1.13835e-006
1.49269e-006
1.37255e-006
1.40372e-006
1.29078e-006
1.27583e-006
1.24801e-006
1.23332e-006
1.22297e-006
1.22443e-006
1.20043e-006
1.17465e-006
1.21968e-006
1.18646e-006
1.16672e-006
1.10019e-006
1.10232e-006
1.15395e-006
1.16779e-006
1.1474e-006
1.1808e-006
1.21184e-006
1.22698e-006
1.27314e-006
1.32299e-006
1.39395e-006
1.4454e-006
1.52243e-006
1.53791e-006
1.53531e-006
1.49715e-006
1.4434e-006
1.38788e-006
1.31312e-006
1.25398e-006
1.24982e-006
1.23881e-006
1.25864e-006
1.26829e-006
1.26211e-006
1.25722e-006
1.22476e-006
1.20482e-006
1.24765e-006
1.23278e-006
1.20747e-006
1.19614e-006
1.22059e-006
1.22481e-006
1.23678e-006
1.19648e-006
1.20263e-006
1.18701e-006
1.12242e-006
1.09457e-006
1.05437e-006
9.99879e-007
9.19854e-007
8.32939e-007
7.6992e-007
7.20759e-007
6.98213e-007
7.04673e-007
6.97018e-007
6.52805e-007
6.63389e-007
7.05403e-007
7.42635e-007
8.01831e-007
8.74964e-007
9.92854e-007
1.12283e-006
1.22247e-006
1.36911e-006
1.51275e-006
1.62451e-006
1.73869e-006
1.78477e-006
1.8205e-006
1.86268e-006
1.88061e-006
1.90559e-006
1.91587e-006
1.92445e-006
1.92934e-006
1.92095e-006
1.91367e-006
1.88164e-006
1.86228e-006
1.84416e-006
1.81078e-006
1.79787e-006
1.76873e-006
1.73688e-006
1.7021e-006
1.6555e-006
1.59006e-006
1.45004e-006
1.34322e-006
1.23804e-006
1.14063e-006
1.04147e-006
9.72936e-007
8.84533e-007
8.34259e-007
7.71703e-007
7.07635e-007
7.24687e-007
7.82792e-007
7.95541e-007
8.91555e-007
9.46119e-007
1.02502e-006
1.09884e-006
1.14962e-006
1.21908e-006
1.27088e-006
1.31773e-006
1.36566e-006
1.43028e-006
1.48378e-006
1.57916e-006
1.58443e-006
1.56923e-006
1.56465e-006
1.56962e-006
1.57917e-006
1.5825e-006
1.59152e-006
1.57277e-006
1.5954e-006
1.65334e-006
1.60519e-006
1.58459e-006
1.67533e-006
1.78445e-006
1.93141e-006
2.03009e-006
2.15379e-006
2.24492e-006
2.33647e-006
2.47046e-006
2.59924e-006
2.73056e-006
2.35255e-006
2.87033e-006
2.87976e-006
3.00155e-006
2.97563e-006
2.89256e-006
2.84885e-006
2.76712e-006
2.71242e-006
2.66619e-006
2.61585e-006
2.53322e-006
2.38064e-006
2.2378e-006
2.13176e-006
2.03494e-006
1.90416e-006
1.80321e-006
1.70643e-006
1.62881e-006
1.59456e-006
1.55332e-006
1.56554e-006
1.64085e-006
1.70639e-006
1.7994e-006
1.89364e-006
1.98557e-006
2.10712e-006
2.19831e-006
2.32867e-006
2.44123e-006
2.51597e-006
2.54128e-006
2.52052e-006
2.49841e-006
2.42899e-006
2.32808e-006
2.19429e-006
2.02237e-006
1.84593e-006
1.60624e-006
1.42607e-006
1.20478e-006
9.90481e-007
8.79864e-007
7.66097e-007
6.54943e-007
6.12574e-007
5.99803e-007
5.85453e-007
6.05951e-007
5.74401e-007
6.13147e-007
6.50426e-007
6.5763e-007
6.60573e-007
6.29335e-007
5.95525e-007
5.48607e-007
4.53814e-007
4.18315e-007
3.37365e-007
2.4964e-007
1.3634e-007
3.83638e-008
-1.13814e-007
-2.12567e-007
-3.31332e-007
-3.6901e-007
-3.69353e-007
-3.70785e-007
-3.62452e-007
-3.68637e-007
-2.4787e-007
-1.23792e-007
2.31725e-008
2.17704e-007
4.12232e-007
6.3983e-007
8.53568e-007
1.06855e-006
1.20191e-006
1.34054e-006
1.46251e-006
1.5625e-006
1.63975e-006
1.73648e-006
1.79996e-006
1.84011e-006
1.91371e-006
1.46738e-006
1.8685e-006
1.89832e-006
2.17245e-006
2.26405e-006
2.28319e-006
2.36909e-006
2.46804e-006
2.5535e-006
2.62696e-006
2.69967e-006
2.65579e-006
2.51522e-006
2.34573e-006
2.21922e-006
2.18597e-006
2.12916e-006
2.09473e-006
2.05904e-006
1.945e-006
1.8604e-006
1.77091e-006
1.68819e-006
1.63609e-006
1.64755e-006
1.71864e-006
1.82075e-006
1.90368e-006
2.0624e-006
2.23308e-006
2.41331e-006
2.58106e-006
2.77816e-006
2.96534e-006
3.13014e-006
3.24082e-006
3.34023e-006
3.4033e-006
3.42213e-006
3.40513e-006
3.35349e-006
3.29652e-006
3.17145e-006
3.07059e-006
3.03002e-006
3.01841e-006
2.96501e-006
2.9327e-006
2.92406e-006
2.90275e-006
2.90502e-006
2.91805e-006
2.38865e-006
2.69449e-006
2.59303e-006
2.6709e-006
2.63504e-006
2.5908e-006
2.53464e-006
2.47595e-006
2.34928e-006
2.23844e-006
2.02765e-006
1.80069e-006
1.45692e-006
1.18645e-006
8.93304e-007
7.3161e-007
6.10144e-007
4.76492e-007
3.80902e-007
3.32868e-007
2.89808e-007
3.20997e-007
4.57817e-007
5.60213e-007
6.84998e-007
8.42672e-007
1.03402e-006
1.16586e-006
1.2395e-006
1.30447e-006
1.34669e-006
1.40279e-006
1.38943e-006
1.4295e-006
1.47412e-006
1.49012e-006
1.48957e-006
1.52433e-006
1.57942e-006
1.59504e-006
1.65292e-006
1.71069e-006
1.74128e-006
1.73332e-006
1.75343e-006
1.2174e-006
1.44298e-006
1.30268e-006
1.35451e-006
1.34362e-006
1.33128e-006
1.31039e-006
1.305e-006
1.2452e-006
1.19836e-006
1.11631e-006
1.06117e-006
9.7182e-007
9.32726e-007
9.42088e-007
1.07398e-006
1.21911e-006
1.3099e-006
1.48926e-006
1.60232e-006
1.73632e-006
1.89632e-006
2.09545e-006
2.35085e-006
2.51841e-006
2.71604e-006
2.86049e-006
2.95027e-006
2.9827e-006
2.94187e-006
2.89458e-006
2.80401e-006
2.75968e-006
2.68187e-006
2.58918e-006
2.50071e-006
2.42776e-006
2.36287e-006
2.34727e-006
2.34855e-006
2.37001e-006
2.37514e-006
2.3791e-006
2.35758e-006
1.76719e-006
2.05211e-006
1.94444e-006
1.45759e-006
1.70417e-006
1.63463e-006
1.69595e-006
1.62502e-006
1.54166e-006
1.43374e-006
1.30314e-006
1.16726e-006
1.03361e-006
9.10585e-007
2.59014e-007
5.67198e-007
4.8648e-007
5.78303e-007
6.08278e-007
7.76178e-007
8.72948e-007
9.77604e-007
5.92263e-007
1.15036e-006
1.24605e-006
1.55164e-006
1.71893e-006
1.90735e-006
2.04054e-006
2.15705e-006
2.26983e-006
2.35982e-006
2.43415e-006
2.48906e-006
2.50352e-006
1.93471e-006
2.25627e-006
2.15349e-006
2.21978e-006
2.20412e-006
2.21782e-006
2.24692e-006
2.26485e-006
2.26023e-006
2.28706e-006
2.33337e-006
2.355e-006
2.36513e-006
1.86907e-006
2.19403e-006
2.15013e-006
2.22444e-006
2.22694e-006
2.27096e-006
2.31425e-006
1.87552e-006
2.19817e-006
2.14269e-006
2.17376e-006
2.10068e-006
2.03363e-006
1.94923e-006
1.80413e-006
1.73414e-006
1.63376e-006
1.53799e-006
1.43313e-006
1.41612e-006
1.43044e-006
1.5193e-006
1.56776e-006
1.69375e-006
1.2537e-006
1.75265e-006
1.83937e-006
2.07557e-006
1.73387e-006
2.24484e-006
2.30249e-006
2.47056e-006
2.5105e-006
2.59692e-006
2.60038e-006
2.62091e-006
2.65943e-006
2.70843e-006
2.74521e-006
2.76283e-006
2.72329e-006
2.67372e-006
2.62095e-006
2.51404e-006
1.9028e-006
2.15952e-006
2.01797e-006
2.00017e-006
1.94686e-006
1.92638e-006
1.90535e-006
1.9054e-006
1.95841e-006
2.02114e-006
2.09434e-006
2.08817e-006
2.15361e-006
2.19248e-006
2.21784e-006
2.26863e-006
2.26393e-006
2.22671e-006
1.63761e-006
1.88281e-006
1.73258e-006
1.68386e-006
1.57492e-006
1.04182e-006
1.31022e-006
1.2098e-006
1.22676e-006
1.18975e-006
1.11666e-006
1.03773e-006
9.18013e-007
7.87159e-007
6.2916e-007
4.89347e-007
-2.25901e-007
-1.6774e-008
-2.18478e-007
-2.25858e-007
-3.287e-007
-3.1574e-007
-2.67465e-007
-1.51898e-007
-6.16865e-009
2.0644e-007
-4.80157e-008
5.97497e-007
7.87547e-007
1.17953e-006
1.42947e-006
1.6616e-006
1.84475e-006
1.51633e-006
1.93341e-006
1.95666e-006
2.14158e-006
2.1601e-006
2.24225e-006
2.28605e-006
2.37036e-006
2.46451e-006
2.55487e-006
2.67125e-006
2.76189e-006
2.85529e-006
2.96994e-006
3.07464e-006
3.16359e-006
3.19845e-006
3.21857e-006
3.26036e-006
3.24181e-006
3.2424e-006
3.15964e-006
3.02183e-006
2.94595e-006
2.85895e-006
2.72452e-006
2.61675e-006
2.53527e-006
2.49606e-006
2.47154e-006
2.43958e-006
2.44063e-006
2.42151e-006
2.39925e-006
2.32983e-006
2.28133e-006
2.24483e-006
2.29895e-006
2.29182e-006
2.30517e-006
2.33748e-006
2.42993e-006
2.49487e-006
2.47537e-006
2.45604e-006
2.38907e-006
2.36361e-006
1.84535e-006
2.07185e-006
1.9385e-006
1.51302e-006
1.86083e-006
1.83525e-006
1.9161e-006
1.95386e-006
2.02611e-006
2.07911e-006
2.1033e-006
2.11357e-006
1.64254e-006
2.00365e-006
2.03441e-006
1.71667e-006
2.03855e-006
1.97923e-006
2.08737e-006
2.12326e-006
2.18412e-006
2.27254e-006
2.3632e-006
2.40893e-006
2.47014e-006
2.51081e-006
2.49633e-006
2.51263e-006
2.49519e-006
2.46586e-006
2.40032e-006
2.32429e-006
2.23118e-006
2.14099e-006
2.05654e-006
1.97072e-006
1.86525e-006
1.84532e-006
1.80804e-006
1.78453e-006
1.78359e-006
1.75789e-006
1.7484e-006
1.74049e-006
1.70508e-006
1.67279e-006
1.6944e-006
1.70079e-006
1.7396e-006
1.29349e-006
1.6481e-006
1.62333e-006
1.77068e-006
1.83811e-006
1.94917e-006
1.58913e-006
1.541e-006
1.85117e-006
1.9375e-006
2.07736e-006
1.6801e-006
2.08276e-006
2.12047e-006
1.74142e-006
2.06611e-006
2.05534e-006
1.66298e-006
2.02369e-006
2.04923e-006
2.20634e-006
2.26765e-006
2.40093e-006
1.99895e-006
1.90848e-006
2.21262e-006
2.32858e-006
2.4625e-006
2.54571e-006
2.61273e-006
2.66533e-006
2.76861e-006
2.87084e-006
2.99576e-006
3.10902e-006
3.22085e-006
3.28041e-006
3.33651e-006
3.35037e-006
3.41926e-006
3.41617e-006
3.41431e-006
2.92366e-006
3.25351e-006
3.16124e-006
3.27955e-006
3.26824e-006
3.31629e-006
3.35314e-006
2.89512e-006
3.19718e-006
3.11591e-006
2.71534e-006
3.0563e-006
3.05053e-006
3.1437e-006
3.13687e-006
3.1458e-006
3.12049e-006
3.09026e-006
3.05202e-006
3.0342e-006
2.96484e-006
2.43365e-006
2.68976e-006
2.56884e-006
2.65985e-006
2.57209e-006
2.54297e-006
2.46827e-006
2.43821e-006
2.35967e-006
1.76147e-006
2.02766e-006
1.44614e-006
1.83174e-006
1.73399e-006
1.34241e-006
1.66666e-006
1.65568e-006
1.75549e-006
1.7815e-006
1.78342e-006
1.78633e-006
1.76706e-006
1.78832e-006
1.29412e-006
1.09249e-006
1.32023e-006
7.92202e-007
1.1177e-006
1.04549e-006
1.10567e-006
1.10121e-006
1.09911e-006
1.09243e-006
1.07324e-006
1.0741e-006
1.07026e-006
1.16345e-006
1.17911e-006
1.17612e-006
1.19745e-006
1.17856e-006
1.21386e-006
1.23608e-006
1.24962e-006
7.67888e-007
1.08553e-006
1.13741e-006
1.26682e-006
1.34379e-006
1.48584e-006
1.56689e-006
1.64749e-006
1.68349e-006
1.70089e-006
1.73137e-006
1.74306e-006
1.27011e-006
1.58728e-006
1.53536e-006
1.08686e-006
1.44817e-006
1.38075e-006
1.41654e-006
1.41787e-006
1.50609e-006
1.57159e-006
1.6448e-006
1.25532e-006
1.6846e-006
1.77098e-006
1.53293e-006
1.52908e-006
1.93368e-006
1.66905e-006
2.24402e-006
2.33961e-006
2.54877e-006
2.64161e-006
2.71981e-006
2.35591e-006
2.79419e-006
2.81137e-006
2.96791e-006
2.98572e-006
3.79766e-006
3.349e-006
3.46133e-006
3.35598e-006
3.35415e-006
2.82141e-006
3.13939e-006
3.09107e-006
2.64043e-006
2.48713e-006
2.68853e-006
2.70569e-006
2.73226e-006
2.23366e-006
2.56534e-006
2.48834e-006
2.55699e-006
2.54244e-006
2.54012e-006
2.4705e-006
2.4504e-006
2.40838e-006
2.36964e-006
2.33594e-006
2.32224e-006
2.27744e-006
2.23543e-006
1.70811e-006
1.95893e-006
1.81424e-006
1.88578e-006
1.89946e-006
1.95851e-006
2.01413e-006
2.04969e-006
2.08904e-006
2.07999e-006
2.07703e-006
2.00784e-006
1.98625e-006
1.99941e-006
1.47347e-006
1.79724e-006
1.77535e-006
1.88614e-006
1.4284e-006
1.73785e-006
1.69864e-006
1.77235e-006
1.78358e-006
1.84285e-006
1.39339e-006
1.69748e-006
1.67373e-006
1.77296e-006
1.79581e-006
1.85089e-006
1.82454e-006
1.86351e-006
1.85504e-006
1.88016e-006
1.86645e-006
1.88407e-006
1.42886e-006
1.76509e-006
1.78291e-006
1.88536e-006
1.91142e-006
1.97936e-006
2.01996e-006
2.06846e-006
2.14534e-006
2.18427e-006
2.23227e-006
2.26414e-006
2.32555e-006
2.39405e-006
2.47747e-006
2.54061e-006
2.55149e-006
2.56277e-006
2.57602e-006
2.57087e-006
2.61967e-006
2.67478e-006
2.69302e-006
2.74657e-006
2.32443e-006
2.67491e-006
2.67628e-006
2.78192e-006
2.83222e-006
2.88159e-006
2.88222e-006
2.89212e-006
2.90483e-006
2.38215e-006
2.66763e-006
2.56176e-006
2.11975e-006
2.38241e-006
2.33591e-006
2.41579e-006
2.38872e-006
1.90435e-006
2.18679e-006
2.10628e-006
1.6779e-006
1.97514e-006
1.95167e-006
2.00038e-006
1.99053e-006
1.98048e-006
1.42652e-006
1.69808e-006
1.62132e-006
1.68434e-006
1.6462e-006
1.67913e-006
1.2412e-006
1.59733e-006
1.55931e-006
1.19648e-006
1.50941e-006
1.515e-006
1.13482e-006
1.54575e-006
1.64134e-006
1.86979e-006
2.02576e-006
2.2214e-006
2.32113e-006
2.35606e-006
2.43196e-006
2.47655e-006
2.53544e-006
2.06018e-006
2.41821e-006
1.89952e-006
2.34135e-006
2.26191e-006
2.37045e-006
2.39585e-006
2.48938e-006
1.98104e-006
1.86188e-006
2.23103e-006
1.8688e-006
2.39694e-006
2.40247e-006
2.57588e-006
2.17779e-006
2.59074e-006
2.576e-006
2.16992e-006
2.53363e-006
2.50364e-006
2.57485e-006
2.54808e-006
2.5202e-006
2.63078e-006
2.71471e-006
2.79629e-006
2.79555e-006
2.33386e-006
2.58332e-006
2.49372e-006
2.52339e-006
2.48898e-006
2.47385e-006
1.97986e-006
2.38029e-006
2.38359e-006
1.9943e-006
2.29511e-006
2.23546e-006
1.78937e-006
2.07267e-006
1.97643e-006
2.0021e-006
2.04527e-006
2.07274e-006
2.06524e-006
1.54549e-006
1.80274e-006
1.65275e-006
1.61187e-006
1.10089e-006
1.5584e-006
1.55529e-006
1.65271e-006
1.13993e-006
1.44125e-006
7.92798e-007
1.09749e-006
1.17888e-006
1.30753e-006
9.03608e-007
1.2592e-006
1.13504e-006
1.21765e-006
1.26681e-006
8.41508e-007
6.73438e-007
9.37258e-007
9.52704e-007
1.05128e-006
7.58989e-007
1.13041e-006
1.05338e-006
1.0385e-006
9.71156e-007
1.01635e-006
1.0659e-006
1.07187e-006
1.03919e-006
1.04142e-006
1.13604e-006
1.17153e-006
1.16148e-006
6.56588e-007
9.99276e-007
5.5569e-007
1.02121e-006
1.04883e-006
6.942e-007
1.04853e-006
1.09853e-006
1.29265e-006
1.36688e-006
1.48334e-006
1.1849e-006
1.58905e-006
1.61665e-006
1.31916e-006
1.82285e-006
1.91606e-006
2.07959e-006
2.14833e-006
2.31029e-006
2.40427e-006
2.4435e-006
2.02098e-006
2.45194e-006
2.49979e-006
2.16056e-006
2.08183e-006
2.56657e-006
2.73025e-006
2.93122e-006
3.03444e-006
3.20617e-006
3.30122e-006
3.33491e-006
3.4243e-006
3.38716e-006
3.35634e-006
3.35765e-006
3.33142e-006
3.35993e-006
3.2744e-006
3.26489e-006
3.18987e-006
3.15767e-006
3.03143e-006
2.92932e-006
2.86465e-006
2.77729e-006
2.72967e-006
2.69473e-006
2.62545e-006
2.60119e-006
2.55908e-006
2.49412e-006
2.41645e-006
2.46613e-006
2.40038e-006
2.36595e-006
2.34691e-006
2.29662e-006
2.23706e-006
2.22533e-006
2.1452e-006
2.08812e-006
2.10127e-006
2.08182e-006
2.0022e-006
2.01729e-006
1.90804e-006
1.83664e-006
1.85292e-006
1.78181e-006
1.75226e-006
1.76978e-006
1.74632e-006
1.70786e-006
1.75901e-006
1.83944e-006
1.86564e-006
1.89909e-006
1.92851e-006
1.90555e-006
1.85641e-006
1.78743e-006
1.70917e-006
1.59674e-006
1.56235e-006
1.5045e-006
1.50669e-006
1.47574e-006
1.48898e-006
1.41657e-006
1.45417e-006
1.47707e-006
1.58845e-006
1.68994e-006
1.81455e-006
1.88656e-006
1.928e-006
1.96573e-006
2.00481e-006
2.00669e-006
2.022e-006
1.9675e-006
1.94791e-006
1.89226e-006
1.84548e-006
1.81357e-006
1.80075e-006
1.77683e-006
1.82085e-006
1.77615e-006
1.79683e-006
1.73323e-006
1.68769e-006
1.6196e-006
1.59303e-006
1.56774e-006
1.60485e-006
1.69625e-006
1.80862e-006
1.89175e-006
1.97312e-006
2.05578e-006
2.19179e-006
2.24522e-006
2.32656e-006
2.36397e-006
2.50817e-006
2.57804e-006
2.62869e-006
2.63332e-006
2.64683e-006
2.63934e-006
2.67407e-006
2.63982e-006
2.66152e-006
2.66615e-006
2.66155e-006
2.6423e-006
2.66041e-006
2.67627e-006
2.68858e-006
2.66544e-006
2.69135e-006
2.71452e-006
2.72329e-006
2.66681e-006
2.69881e-006
2.68887e-006
2.7239e-006
2.70752e-006
2.71242e-006
2.70726e-006
2.71337e-006
2.72007e-006
2.69761e-006
2.68094e-006
2.70273e-006
2.67386e-006
2.65697e-006
2.63835e-006
2.60668e-006
2.56636e-006
2.57866e-006
2.57536e-006
2.61617e-006
2.6036e-006
2.57778e-006
2.49225e-006
2.43439e-006
2.33036e-006
2.26554e-006
2.16061e-006
2.05787e-006
1.93018e-006
1.78453e-006
1.63676e-006
1.5523e-006
1.41923e-006
1.32264e-006
1.19162e-006
1.13013e-006
1.05841e-006
1.03762e-006
9.96942e-007
1.063e-006
1.13311e-006
1.22071e-006
1.23393e-006
1.28501e-006
1.28587e-006
1.36486e-006
1.41837e-006
1.51977e-006
1.59616e-006
1.62675e-006
1.73448e-006
1.80148e-006
1.89865e-006
1.94898e-006
1.94023e-006
1.93417e-006
1.9303e-006
1.93798e-006
1.95131e-006
2.0301e-006
2.09521e-006
2.13504e-006
2.18466e-006
2.25656e-006
2.41118e-006
2.54367e-006
2.76074e-006
2.89498e-006
2.99632e-006
3.08997e-006
3.24129e-006
3.37663e-006
3.52543e-006
3.64166e-006
3.74498e-006
3.78753e-006
3.84777e-006
3.87608e-006
3.83884e-006
3.85554e-006
3.85697e-006
3.86579e-006
3.86664e-006
3.82669e-006
3.89399e-006
3.94635e-006
3.9524e-006
3.963e-006
3.99787e-006
4.00758e-006
4.01905e-006
3.99911e-006
3.98756e-006
3.9731e-006
3.94405e-006
3.8956e-006
3.90332e-006
3.869e-006
3.79599e-006
3.72637e-006
3.60976e-006
3.51184e-006
3.46389e-006
3.38346e-006
3.32716e-006
3.20822e-006
3.06202e-006
2.99548e-006
2.88875e-006
2.80359e-006
2.69385e-006
2.56417e-006
2.46441e-006
2.3623e-006
2.21988e-006
2.06735e-006
1.92477e-006
1.75177e-006
1.55888e-006
1.42177e-006
1.27698e-006
1.12307e-006
1.01363e-006
9.43333e-007
8.87083e-007
8.0325e-007
7.82683e-007
7.53826e-007
7.48654e-007
7.6302e-007
8.34112e-007
8.8961e-007
9.309e-007
1.00566e-006
1.0491e-006
1.08324e-006
1.12574e-006
1.19451e-006
1.25862e-006
1.34175e-006
1.37727e-006
1.44019e-006
1.45392e-006
1.49922e-006
1.54123e-006
1.58355e-006
1.60097e-006
1.59742e-006
1.62731e-006
1.67238e-006
1.72074e-006
1.77413e-006
1.89898e-006
1.9736e-006
1.99692e-006
2.05286e-006
2.0842e-006
2.09241e-006
2.05885e-006
2.03387e-006
2.06181e-006
2.0501e-006
2.02173e-006
2.02564e-006
1.99962e-006
1.95451e-006
1.89628e-006
1.93068e-006
1.93044e-006
1.96151e-006
1.96775e-006
1.96582e-006
1.97667e-006
1.98119e-006
1.90748e-006
1.90226e-006
1.84543e-006
1.78627e-006
1.76853e-006
1.77464e-006
1.8006e-006
1.86869e-006
1.88314e-006
1.90107e-006
1.94021e-006
1.97487e-006
2.0479e-006
2.06719e-006
2.11806e-006
2.19538e-006
2.27059e-006
2.34671e-006
2.4534e-006
2.59615e-006
2.74088e-006
2.93521e-006
3.09978e-006
3.22401e-006
3.37039e-006
3.48416e-006
3.65148e-006
3.77797e-006
3.87821e-006
3.94929e-006
4.00539e-006
4.07495e-006
4.18227e-006
4.27449e-006
4.34479e-006
4.37835e-006
4.45197e-006
4.48998e-006
4.55141e-006
4.60557e-006
4.66125e-006
4.69427e-006
4.73549e-006
4.77386e-006
4.77275e-006
4.80989e-006
4.87842e-006
4.90253e-006
4.96689e-006
5.04906e-006
5.10455e-006
5.11564e-006
5.09885e-006
5.00915e-006
4.89661e-006
4.77632e-006
4.63426e-006
4.48037e-006
4.32012e-006
4.16204e-006
4.0174e-006
3.8388e-006
3.63853e-006
3.44249e-006
3.28017e-006
3.10148e-006
2.87165e-006
2.60161e-006
2.28865e-006
2.02616e-006
1.84669e-006
1.71572e-006
1.57255e-006
1.47766e-006
1.35438e-006
1.28639e-006
1.18626e-006
1.13971e-006
1.05515e-006
1.01019e-006
9.39623e-007
8.43346e-007
8.40899e-007
8.09107e-007
7.63418e-007
7.31945e-007
6.45682e-007
6.36577e-007
6.95939e-007
7.12915e-007
7.63167e-007
8.1195e-007
8.63473e-007
9.0068e-007
9.23961e-007
9.08361e-007
9.64768e-007
9.55992e-007
9.75595e-007
1.06228e-006
1.11638e-006
1.15727e-006
1.17351e-006
1.19939e-006
1.16508e-006
1.13075e-006
1.08311e-006
1.01212e-006
9.10456e-007
8.03763e-007
7.17235e-007
6.85951e-007
6.91489e-007
7.25781e-007
7.84643e-007
8.40191e-007
9.01782e-007
9.80331e-007
1.11604e-006
1.22798e-006
1.33895e-006
1.4507e-006
1.58672e-006
1.69882e-006
1.83001e-006
1.90618e-006
1.99653e-006
2.0411e-006
1.99487e-006
1.93598e-006
1.8191e-006
1.70579e-006
1.64832e-006
1.56795e-006
1.57032e-006
1.53313e-006
1.56801e-006
1.67788e-006
1.76541e-006
1.85582e-006
2.02405e-006
2.16176e-006
2.28285e-006
2.41248e-006
2.53758e-006
2.71932e-006
2.88073e-006
3.03324e-006
3.19057e-006
3.26809e-006
3.31305e-006
3.33441e-006
3.39621e-006
3.44765e-006
3.60585e-006
3.71602e-006
3.96489e-006
4.18561e-006
4.39629e-006
4.62349e-006
4.86028e-006
5.00913e-006
5.20424e-006
5.3417e-006
5.47947e-006
5.60247e-006
5.66429e-006
5.69541e-006
5.70185e-006
5.69055e-006
5.6282e-006
5.54889e-006
5.41906e-006
5.32217e-006
5.24659e-006
5.18401e-006
5.13964e-006
5.10221e-006
5.03658e-006
4.949e-006
4.79709e-006
4.73537e-006
4.64813e-006
4.62563e-006
4.56676e-006
4.5003e-006
4.42412e-006
4.33437e-006
4.22188e-006
4.09357e-006
3.90673e-006
3.71512e-006
3.51646e-006
3.33833e-006
3.19524e-006
2.95229e-006
2.77273e-006
2.61964e-006
2.44903e-006
2.2891e-006
2.13192e-006
1.9516e-006
1.81503e-006
1.6946e-006
1.57741e-006
1.42508e-006
1.30933e-006
1.18723e-006
1.09266e-006
1.01406e-006
8.7155e-007
7.57823e-007
6.80562e-007
6.09937e-007
6.23337e-007
6.82167e-007
6.90877e-007
7.32922e-007
7.28688e-007
7.23745e-007
7.32122e-007
7.91842e-007
9.02792e-007
9.30344e-007
9.92186e-007
9.92811e-007
9.55072e-007
9.57005e-007
9.87378e-007
1.0181e-006
1.09241e-006
1.13009e-006
1.11346e-006
1.09911e-006
1.07005e-006
1.09009e-006
1.07679e-006
1.07681e-006
1.0919e-006
1.12898e-006
1.13969e-006
1.11842e-006
1.13326e-006
1.1222e-006
1.20901e-006
1.28415e-006
1.42471e-006
1.54866e-006
1.69966e-006
1.77134e-006
1.86247e-006
1.95665e-006
2.06843e-006
2.13461e-006
2.24415e-006
2.3824e-006
2.45308e-006
2.49669e-006
2.54514e-006
2.65543e-006
2.70751e-006
2.73706e-006
2.80994e-006
2.83377e-006
2.83229e-006
2.85187e-006
2.86619e-006
2.85653e-006
2.86385e-006
2.86706e-006
2.93018e-006
2.93003e-006
2.89048e-006
2.84233e-006
2.82728e-006
2.77046e-006
2.7551e-006
2.75033e-006
2.79882e-006
2.76749e-006
2.73924e-006
2.71418e-006
2.68789e-006
2.66706e-006
2.65562e-006
2.66885e-006
2.67144e-006
2.64694e-006
2.62387e-006
2.61062e-006
2.64217e-006
2.73074e-006
2.83042e-006
2.94327e-006
3.025e-006
3.11308e-006
3.19278e-006
3.27848e-006
3.36057e-006
3.48048e-006
3.58804e-006
3.66197e-006
3.71508e-006
3.78283e-006
3.81516e-006
3.82625e-006
3.8615e-006
3.83175e-006
3.80147e-006
3.77954e-006
3.77993e-006
3.78435e-006
3.81877e-006
3.84455e-006
3.93018e-006
3.95341e-006
3.99825e-006
4.02996e-006
4.01791e-006
3.97966e-006
3.95958e-006
3.94836e-006
3.89094e-006
3.79076e-006
3.74979e-006
3.71075e-006
3.70822e-006
3.70577e-006
3.69898e-006
3.68015e-006
3.67599e-006
3.66648e-006
3.65414e-006
3.63777e-006
3.58377e-006
3.58622e-006
3.62438e-006
3.66546e-006
3.71013e-006
3.75259e-006
3.76586e-006
3.76043e-006
3.76236e-006
3.72688e-006
3.63034e-006
3.52661e-006
3.42114e-006
3.34791e-006
3.2248e-006
3.11305e-006
3.01835e-006
2.89283e-006
2.78373e-006
2.65313e-006
2.52127e-006
2.38631e-006
2.28302e-006
2.16556e-006
2.09497e-006
2.00491e-006
1.96267e-006
1.90519e-006
1.90565e-006
1.85771e-006
1.84048e-006
1.79118e-006
1.7613e-006
1.7493e-006
1.70816e-006
1.66969e-006
1.67658e-006
1.68469e-006
1.68727e-006
1.6987e-006
1.6737e-006
1.64433e-006
1.61994e-006
1.57974e-006
1.562e-006
1.55976e-006
1.57651e-006
1.5627e-006
1.59973e-006
1.62894e-006
1.67712e-006
1.70344e-006
1.76042e-006
1.79935e-006
1.85671e-006
1.84085e-006
1.9e-006
1.85111e-006
1.84217e-006
1.73945e-006
1.70417e-006
1.66287e-006
1.62854e-006
1.63044e-006
1.66837e-006
1.68445e-006
1.75468e-006
1.77608e-006
1.85757e-006
1.94452e-006
2.03581e-006
2.0628e-006
2.14482e-006
2.16517e-006
2.19096e-006
2.22352e-006
2.22482e-006
2.23784e-006
2.26832e-006
2.35789e-006
2.43323e-006
2.5095e-006
2.57561e-006
2.66364e-006
2.77458e-006
2.84449e-006
2.93106e-006
3.06153e-006
3.15869e-006
3.32122e-006
3.46304e-006
3.62788e-006
3.73668e-006
3.81083e-006
3.86867e-006
3.94571e-006
4.06163e-006
4.09539e-006
4.17713e-006
4.23053e-006
4.22955e-006
4.25946e-006
4.27297e-006
4.25383e-006
4.29783e-006
4.3495e-006
4.37919e-006
4.41102e-006
4.39767e-006
4.4058e-006
4.41283e-006
4.32975e-006
4.28513e-006
4.26025e-006
4.24197e-006
4.24548e-006
4.26249e-006
4.25208e-006
4.26961e-006
4.29802e-006
4.30343e-006
4.2881e-006
4.2865e-006
4.24478e-006
4.19285e-006
4.10196e-006
4.03062e-006
3.91604e-006
3.81564e-006
3.70605e-006
3.59804e-006
3.50632e-006
3.40186e-006
3.27946e-006
3.18939e-006
3.11159e-006
3.05765e-006
3.00497e-006
2.96478e-006
2.91211e-006
2.88759e-006
2.84011e-006
2.79932e-006
2.77778e-006
2.73989e-006
2.7003e-006
2.65457e-006
2.61613e-006
2.59537e-006
2.59997e-006
2.57214e-006
2.06672e-006
2.35093e-006
2.29116e-006
2.366e-006
2.33527e-006
2.31505e-006
2.37169e-006
1.87233e-006
2.18958e-006
1.70834e-006
2.10046e-006
2.11026e-006
2.20502e-006
1.74443e-006
2.06658e-006
1.54977e-006
1.91377e-006
1.42394e-006
1.81215e-006
1.75385e-006
1.36503e-006
1.6905e-006
1.69317e-006
1.83026e-006
1.87885e-006
1.96055e-006
1.99777e-006
2.0319e-006
2.08141e-006
2.1064e-006
2.15024e-006
2.23641e-006
2.28411e-006
1.64618e-006
2.13884e-006
2.09015e-006
2.21388e-006
2.22424e-006
2.25572e-006
2.2706e-006
2.31434e-006
2.31936e-006
2.31854e-006
2.32172e-006
2.31339e-006
2.31974e-006
2.30308e-006
2.29236e-006
2.31041e-006
2.34992e-006
2.38482e-006
2.4677e-006
2.58574e-006
2.66642e-006
2.77241e-006
2.88095e-006
2.96217e-006
3.04513e-006
3.12278e-006
3.16919e-006
3.21439e-006
3.28877e-006
3.33307e-006
3.38762e-006
3.42331e-006
3.47451e-006
3.54174e-006
3.59336e-006
3.65867e-006
3.72058e-006
3.76187e-006
3.83136e-006
3.89242e-006
3.93544e-006
3.99996e-006
4.07181e-006
3.70312e-006
4.01707e-006
4.00476e-006
4.13506e-006
4.16852e-006
4.21358e-006
4.19622e-006
4.18583e-006
4.12693e-006
4.10937e-006
4.04566e-006
4.00201e-006
3.94371e-006
3.89895e-006
3.815e-006
3.78307e-006
3.75793e-006
3.76193e-006
3.73341e-006
3.68567e-006
3.64968e-006
3.57184e-006
3.53691e-006
3.48749e-006
3.44305e-006
3.41795e-006
3.38241e-006
3.39709e-006
3.38713e-006
3.3879e-006
3.35458e-006
3.3848e-006
3.4257e-006
3.4715e-006
3.53603e-006
3.63804e-006
3.72826e-006
3.43647e-006
3.82626e-006
3.91821e-006
4.10082e-006
4.23133e-006
4.33158e-006
4.43e-006
4.56125e-006
4.7208e-006
4.86479e-006
4.96647e-006
5.06135e-006
5.16924e-006
5.26819e-006
5.30493e-006
5.32196e-006
5.33245e-006
5.33262e-006
5.3123e-006
5.21441e-006
5.16311e-006
5.07363e-006
5.03362e-006
4.98886e-006
4.92623e-006
4.82832e-006
4.74746e-006
4.66647e-006
4.58342e-006
4.4754e-006
4.31462e-006
4.2238e-006
4.0876e-006
4.00593e-006
3.96442e-006
3.93259e-006
3.81579e-006
3.71495e-006
3.58738e-006
3.46645e-006
3.39047e-006
3.32744e-006
3.26829e-006
3.21754e-006
3.15244e-006
3.11328e-006
3.09331e-006
3.06606e-006
2.99219e-006
2.95828e-006
2.94707e-006
2.9411e-006
2.98267e-006
2.99193e-006
2.96694e-006
2.94641e-006
2.90908e-006
2.87776e-006
2.8188e-006
2.77976e-006
2.77133e-006
2.76285e-006
2.70333e-006
2.64803e-006
2.64613e-006
2.70493e-006
2.71647e-006
2.73927e-006
2.72616e-006
2.76945e-006
2.78697e-006
2.78747e-006
2.78876e-006
2.81806e-006
2.83768e-006
2.90264e-006
2.96306e-006
3.00357e-006
3.08701e-006
3.1474e-006
3.25752e-006
3.38166e-006
3.43956e-006
3.55563e-006
3.59038e-006
3.74263e-006
3.83876e-006
3.8255e-006
3.83754e-006
3.84421e-006
3.79654e-006
3.65901e-006
3.55125e-006
3.4232e-006
3.2618e-006
3.10431e-006
2.9819e-006
2.89673e-006
2.80505e-006
2.76537e-006
2.67359e-006
2.32458e-006
2.40847e-006
2.35793e-006
2.19591e-006
2.36776e-006
2.36885e-006
2.39407e-006
2.41673e-006
2.44538e-006
2.48624e-006
2.30631e-006
2.3639e-006
2.62857e-006
2.85421e-006
3.03676e-006
3.2295e-006
3.3862e-006
3.48626e-006
3.3248e-006
3.46963e-006
3.54233e-006
3.6559e-006
3.75197e-006
3.83487e-006
3.84667e-006
3.88407e-006
3.8882e-006
3.89882e-006
3.96546e-006
4.09826e-006
4.25579e-006
4.40636e-006
4.51673e-006
4.6144e-006
4.72762e-006
4.88723e-006
5.01313e-006
5.16887e-006
5.24155e-006
5.37832e-006
5.46757e-006
5.57221e-006
5.59088e-006
5.48418e-006
5.55815e-006
5.5397e-006
5.60133e-006
5.71608e-006
5.79695e-006
5.82315e-006
5.74306e-006
5.68994e-006
5.61755e-006
5.46339e-006
5.29691e-006
5.15125e-006
5.05945e-006
5.01076e-006
5.06284e-006
5.14894e-006
5.27734e-006
5.43969e-006
5.59061e-006
5.72286e-006
5.85277e-006
5.96037e-006
6.02427e-006
6.08048e-006
6.09896e-006
5.98263e-006
5.87549e-006
5.57613e-006
5.3982e-006
5.11529e-006
4.81649e-006
4.53541e-006
4.26067e-006
3.97513e-006
3.68097e-006
3.42983e-006
3.19714e-006
3.06371e-006
3.09444e-006
3.02486e-006
2.99276e-006
2.89406e-006
2.84148e-006
2.77822e-006
2.71454e-006
2.69459e-006
2.68813e-006
2.65643e-006
2.62255e-006
2.55794e-006
2.48766e-006
2.39431e-006
2.34761e-006
2.30488e-006
2.26269e-006
2.23702e-006
2.2131e-006
2.28398e-006
2.33953e-006
2.4652e-006
2.65253e-006
2.76392e-006
2.85789e-006
2.91017e-006
2.99106e-006
3.05622e-006
3.05163e-006
2.98273e-006
2.89815e-006
2.6501e-006
2.41201e-006
2.17001e-006
1.97199e-006
1.81117e-006
1.65409e-006
1.56095e-006
1.48021e-006
1.44085e-006
1.4228e-006
1.43874e-006
1.40825e-006
1.34047e-006
1.34621e-006
1.30207e-006
1.35043e-006
1.42692e-006
1.49546e-006
1.56169e-006
1.5491e-006
1.53202e-006
1.53948e-006
1.5774e-006
1.63243e-006
1.68097e-006
1.73026e-006
1.79694e-006
1.87349e-006
1.9192e-006
2.00963e-006
2.13666e-006
2.05023e-006
2.37281e-006
2.52439e-006
2.72004e-006
2.89773e-006
3.11939e-006
3.28333e-006
3.43613e-006
3.60033e-006
3.76959e-006
3.90124e-006
4.04398e-006
4.15769e-006
4.25147e-006
4.34212e-006
4.42454e-006
4.54576e-006
4.59472e-006
4.63321e-006
4.67376e-006
4.78179e-006
4.84792e-006
4.88458e-006
4.91353e-006
4.94897e-006
4.94504e-006
4.9705e-006
5.01526e-006
5.07009e-006
5.10218e-006
4.85522e-006
5.051e-006
4.98318e-006
4.99857e-006
4.94692e-006
4.88442e-006
4.86065e-006
4.86849e-006
4.86066e-006
4.87542e-006
4.90468e-006
4.88677e-006
4.871e-006
4.87832e-006
4.88946e-006
4.89232e-006
4.83982e-006
4.79248e-006
4.73975e-006
4.74598e-006
4.76866e-006
4.79093e-006
4.82821e-006
4.8454e-006
4.84394e-006
4.86171e-006
4.92728e-006
4.99196e-006
5.07867e-006
5.18971e-006
5.25756e-006
5.37665e-006
5.41852e-006
5.47051e-006
5.52778e-006
5.57496e-006
5.61095e-006
5.68932e-006
5.74025e-006
5.78791e-006
5.83844e-006
5.81654e-006
5.77011e-006
5.75728e-006
5.72799e-006
5.71963e-006
5.7318e-006
5.75564e-006
5.77324e-006
5.80978e-006
5.83518e-006
5.85791e-006
5.84574e-006
5.80127e-006
5.74327e-006
5.67149e-006
5.60379e-006
5.56304e-006
5.51491e-006
5.43284e-006
5.31648e-006
5.20863e-006
5.06621e-006
4.90977e-006
4.69766e-006
4.41871e-006
4.17792e-006
3.95231e-006
3.77662e-006
3.5858e-006
3.38585e-006
3.2459e-006
3.07101e-006
2.88035e-006
2.70649e-006
2.60411e-006
2.52862e-006
2.46738e-006
2.41935e-006
2.34403e-006
2.29482e-006
2.20742e-006
2.14048e-006
2.05906e-006
2.02608e-006
1.96747e-006
1.86564e-006
1.78222e-006
1.6697e-006
1.61259e-006
1.61051e-006
1.60175e-006
1.61437e-006
1.56507e-006
1.5258e-006
1.46234e-006
1.36055e-006
1.34326e-006
1.30677e-006
1.27735e-006
1.23118e-006
1.15068e-006
1.07885e-006
1.07556e-006
1.11187e-006
1.18409e-006
1.3095e-006
1.39576e-006
1.54346e-006
1.68111e-006
1.76589e-006
1.83959e-006
1.87817e-006
1.93527e-006
2.01132e-006
2.0825e-006
2.15663e-006
2.26774e-006
2.37939e-006
2.53143e-006
2.61698e-006
2.65594e-006
2.65447e-006
2.68983e-006
2.72605e-006
2.73206e-006
2.73076e-006
2.65858e-006
2.60701e-006
2.49611e-006
2.4229e-006
2.32442e-006
2.23545e-006
2.26668e-006
2.33797e-006
2.41279e-006
2.5083e-006
2.59138e-006
2.71263e-006
2.82953e-006
2.91986e-006
3.05227e-006
3.177e-006
3.2848e-006
3.41966e-006
3.55707e-006
3.69045e-006
3.79783e-006
3.93058e-006
4.05357e-006
4.13692e-006
4.21612e-006
4.31912e-006
4.42025e-006
4.47517e-006
4.52953e-006
4.59101e-006
4.58724e-006
4.58401e-006
4.56347e-006
4.50779e-006
4.43134e-006
4.33848e-006
4.19156e-006
4.07717e-006
3.94891e-006
3.81011e-006
3.70143e-006
3.58744e-006
3.50975e-006
3.39212e-006
3.39546e-006
3.40165e-006
3.44603e-006
3.52168e-006
3.58344e-006
3.66096e-006
3.75241e-006
3.83326e-006
3.8981e-006
3.95405e-006
4.02944e-006
4.09439e-006
4.15449e-006
4.24809e-006
4.30427e-006
4.34733e-006
4.39822e-006
4.46038e-006
4.49955e-006
4.55659e-006
4.629e-006
4.7028e-006
4.82553e-006
4.91827e-006
4.99517e-006
5.08186e-006
5.15205e-006
5.23522e-006
5.34523e-006
5.47674e-006
5.66072e-006
5.7953e-006
5.985e-006
6.14438e-006
6.2368e-006
6.3006e-006
6.31416e-006
6.30121e-006
6.27791e-006
6.25795e-006
6.19043e-006
6.10174e-006
5.97891e-006
5.87324e-006
5.74613e-006
5.70057e-006
5.62026e-006
5.56619e-006
5.52004e-006
5.45767e-006
5.41114e-006
5.37654e-006
5.35295e-006
5.32187e-006
5.34403e-006
5.3994e-006
5.49292e-006
5.59556e-006
5.68617e-006
5.74061e-006
5.8153e-006
5.84052e-006
5.80089e-006
5.74133e-006
5.69555e-006
5.66542e-006
5.658e-006
5.5807e-006
5.54456e-006
5.46385e-006
5.3545e-006
5.26392e-006
5.22415e-006
5.15071e-006
5.12176e-006
5.09833e-006
5.11189e-006
5.08076e-006
5.08744e-006
5.10718e-006
5.08717e-006
5.1148e-006
5.2194e-006
5.34847e-006
5.46983e-006
5.59252e-006
5.70181e-006
5.84326e-006
5.97024e-006
6.0617e-006
6.15664e-006
6.20969e-006
6.27196e-006
6.34081e-006
6.36204e-006
6.30981e-006
6.24692e-006
6.17737e-006
6.10211e-006
5.99713e-006
5.89727e-006
5.80113e-006
5.64164e-006
5.41824e-006
5.24851e-006
5.04621e-006
4.85959e-006
4.7565e-006
4.61806e-006
4.53667e-006
4.52242e-006
4.50128e-006
4.46426e-006
4.4614e-006
4.45258e-006
4.39937e-006
4.38024e-006
4.40242e-006
4.3997e-006
4.41503e-006
4.41512e-006
4.37459e-006
4.33222e-006
4.30756e-006
4.2819e-006
4.22313e-006
4.17746e-006
4.12862e-006
4.09179e-006
4.08401e-006
4.06619e-006
4.0937e-006
4.12974e-006
4.18651e-006
4.29344e-006
4.35777e-006
4.42206e-006
4.41929e-006
4.44302e-006
4.42537e-006
4.41703e-006
4.42461e-006
4.4348e-006
4.45151e-006
4.46356e-006
4.46032e-006
4.47889e-006
4.50353e-006
4.50016e-006
4.49447e-006
4.46004e-006
4.45724e-006
4.38582e-006
4.35167e-006
4.26464e-006
4.18416e-006
4.11039e-006
3.99717e-006
3.9115e-006
3.83112e-006
3.76845e-006
3.67724e-006
3.6208e-006
3.59283e-006
3.51968e-006
3.47337e-006
3.45471e-006
3.44475e-006
3.46884e-006
3.4765e-006
3.48119e-006
3.48266e-006
3.46442e-006
3.45991e-006
3.45705e-006
3.43309e-006
3.3901e-006
3.37933e-006
3.32098e-006
3.27133e-006
3.19811e-006
3.14565e-006
3.07418e-006
2.99907e-006
2.88466e-006
2.79183e-006
2.65664e-006
2.53297e-006
2.40511e-006
2.28155e-006
2.1744e-006
2.10431e-006
2.043e-006
1.96129e-006
1.93949e-006
1.937e-006
1.9795e-006
2.02507e-006
2.06864e-006
2.15446e-006
2.24644e-006
2.33848e-006
2.43562e-006
2.50733e-006
2.5662e-006
2.67271e-006
2.80934e-006
2.92456e-006
2.99125e-006
3.06308e-006
3.12101e-006
3.18831e-006
3.21581e-006
3.18557e-006
3.15585e-006
3.09948e-006
3.0814e-006
3.05639e-006
2.99587e-006
2.93027e-006
2.90758e-006
2.88975e-006
2.88695e-006
2.86192e-006
2.85681e-006
2.86572e-006
2.86557e-006
2.88177e-006
2.84966e-006
2.8434e-006
2.8303e-006
2.79881e-006
2.77031e-006
2.7649e-006
2.73099e-006
2.73176e-006
2.7202e-006
2.70356e-006
2.68262e-006
2.64971e-006
2.6521e-006
2.6695e-006
2.71378e-006
2.77406e-006
2.82159e-006
2.86145e-006
2.92591e-006
2.97096e-006
3.00119e-006
3.01586e-006
3.08717e-006
3.18951e-006
3.31042e-006
3.39981e-006
3.54996e-006
3.68947e-006
3.79371e-006
3.87509e-006
3.93049e-006
4.0233e-006
4.13786e-006
4.23889e-006
4.32727e-006
4.41621e-006
4.50973e-006
4.62738e-006
4.68526e-006
4.72476e-006
4.80048e-006
4.88339e-006
4.99307e-006
5.15519e-006
5.23068e-006
5.27558e-006
5.32609e-006
5.36091e-006
5.33851e-006
5.29521e-006
5.31824e-006
5.36625e-006
5.40301e-006
5.45166e-006
5.5107e-006
5.496e-006
5.54066e-006
5.51404e-006
5.48495e-006
5.46263e-006
5.48888e-006
5.50525e-006
5.51307e-006
5.52178e-006
5.551e-006
5.60648e-006
5.63386e-006
5.65346e-006
5.64616e-006
5.64509e-006
5.6717e-006
5.61219e-006
5.58367e-006
5.60736e-006
5.64302e-006
5.6196e-006
5.55854e-006
5.54056e-006
5.5456e-006
5.56448e-006
5.55251e-006
5.53157e-006
5.49717e-006
5.47458e-006
5.48874e-006
5.4744e-006
5.44275e-006
5.44614e-006
5.43451e-006
5.36219e-006
5.30817e-006
5.29649e-006
5.33305e-006
5.37881e-006
5.43766e-006
5.50753e-006
5.60209e-006
5.73066e-006
5.83136e-006
5.91324e-006
6.00835e-006
6.07227e-006
6.07822e-006
6.09618e-006
6.14026e-006
6.10204e-006
6.10933e-006
6.08552e-006
6.07527e-006
6.08183e-006
6.12022e-006
6.19837e-006
6.29294e-006
6.39669e-006
6.48785e-006
6.52594e-006
6.53091e-006
6.54175e-006
6.50491e-006
6.42547e-006
6.35794e-006
6.21713e-006
6.08484e-006
5.9285e-006
5.80433e-006
5.67752e-006
5.57425e-006
5.49005e-006
5.35695e-006
5.25735e-006
5.18681e-006
5.12286e-006
5.09708e-006
5.09039e-006
5.11873e-006
5.19141e-006
5.2332e-006
5.33742e-006
5.41122e-006
5.50433e-006
5.63082e-006
5.73869e-006
5.804e-006
5.82567e-006
5.91286e-006
5.94428e-006
5.97186e-006
6.04098e-006
6.08214e-006
6.1188e-006
6.17647e-006
6.15083e-006
6.1291e-006
6.07768e-006
6.03579e-006
5.93226e-006
5.84193e-006
5.67933e-006
5.48371e-006
5.22472e-006
4.97962e-006
4.68742e-006
4.33545e-006
4.06518e-006
3.8569e-006
3.72417e-006
3.62875e-006
2.05859e-006
1.26619e-006
3.63577e-007
-3.35244e-007
-1.02666e-006
-1.59113e-006
-2.17977e-006
-2.66945e-006
-3.20015e-006
-3.78171e-006
-4.41985e-006
-5.12465e-006
-5.76279e-006
-6.46683e-006
-7.16871e-006
-7.83726e-006
-8.45864e-006
-8.99967e-006
-9.3822e-006
-9.69067e-006
-9.8788e-006
-9.89842e-006
-9.75233e-006
-9.56186e-006
-9.17546e-006
-8.78528e-006
-8.39207e-006
-7.97933e-006
-7.46999e-006
-7.0057e-006
-6.50631e-006
-5.88712e-006
-5.29766e-006
-4.66752e-006
-4.03743e-006
-3.50222e-006
-2.8162e-006
-2.18713e-006
-1.57846e-006
-1.01569e-006
-4.90926e-007
5.72013e-009
6.8089e-007
1.27997e-006
1.91137e-006
2.54616e-006
3.1604e-006
3.72792e-006
4.28606e-006
4.8677e-006
5.36848e-006
5.8358e-006
6.27002e-006
6.72769e-006
7.16871e-006
7.69067e-006
8.17106e-006
8.63728e-006
8.96567e-006
9.25033e-006
9.58174e-006
9.68551e-006
9.8829e-006
9.9041e-006
1.00105e-005
1.01165e-005
1.01173e-005
1.00906e-005
1.01321e-005
1.01313e-005
1.0145e-005
1.01212e-005
1.01199e-005
1.01595e-005
1.01431e-005
1.00753e-005
1.0077e-005
9.96964e-006
1.00018e-005
9.93755e-006
9.97364e-006
9.94875e-006
9.93532e-006
9.84831e-006
9.73951e-006
9.56037e-006
9.20827e-006
8.87984e-006
8.56601e-006
8.32762e-006
8.12346e-006
7.89483e-006
7.77016e-006
7.61713e-006
7.57033e-006
7.55704e-006
7.55145e-006
7.6087e-006
7.61216e-006
7.63704e-006
7.64151e-006
7.55933e-006
7.33502e-006
7.16698e-006
6.96766e-006
6.80852e-006
6.6324e-006
6.49556e-006
6.37006e-006
6.17641e-006
6.15871e-006
6.06384e-006
6.00495e-006
5.98299e-006
5.94891e-006
6.10304e-006
6.24845e-006
6.49608e-006
6.73451e-006
7.04278e-006
7.41197e-006
7.75876e-006
8.17026e-006
8.63749e-006
9.03999e-006
9.40543e-006
9.77656e-006
1.0171e-005
1.0505e-005
1.08861e-005
1.13007e-005
1.16859e-005
1.22157e-005
1.27951e-005
1.32109e-005
1.36083e-005
1.3974e-005
1.41848e-005
1.43484e-005
1.45517e-005
1.4625e-005
1.46582e-005
1.46869e-005
1.46145e-005
1.45129e-005
1.43897e-005
1.42847e-005
1.41328e-005
1.40488e-005
1.39358e-005
1.38515e-005
1.3762e-005
1.36366e-005
1.35309e-005
1.34111e-005
1.329e-005
1.31821e-005
1.29325e-005
1.27966e-005
1.26621e-005
1.25357e-005
1.23556e-005
1.21216e-005
1.19048e-005
1.14975e-005
1.09909e-005
1.05088e-005
9.99179e-006
9.54424e-006
9.05477e-006
8.64795e-006
8.27819e-006
7.96728e-006
7.62451e-006
7.21811e-006
6.90738e-006
6.52343e-006
6.11875e-006
5.65147e-006
5.14276e-006
4.64294e-006
4.2576e-006
3.90188e-006
3.33967e-006
2.9892e-006
2.46847e-006
1.88053e-006
1.27314e-006
6.49717e-007
5.78964e-008
-5.02069e-007
-1.04975e-006
-1.56995e-006
-2.06186e-006
-2.49884e-006
-2.93824e-006
-3.25331e-006
-3.49264e-006
-3.76518e-006
-3.88754e-006
-3.97834e-006
-4.02874e-006
-4.06942e-006
-4.05335e-006
-4.06933e-006
-4.01195e-006
-4.00145e-006
-3.98063e-006
-3.87317e-006
-3.75886e-006
-3.6777e-006
-3.5571e-006
-3.46675e-006
-3.38403e-006
-3.22919e-006
-3.10506e-006
-2.94709e-006
-2.82505e-006
-2.61492e-006
-2.43217e-006
-2.16564e-006
-1.91524e-006
-1.61572e-006
-1.30441e-006
-9.68792e-007
-6.08268e-007
-3.2124e-007
-9.48519e-009
2.39256e-007
5.84669e-007
8.27144e-007
1.01245e-006
1.19652e-006
1.29755e-006
1.37789e-006
1.40107e-006
1.4503e-006
1.51742e-006
1.5833e-006
1.64373e-006
1.64946e-006
1.65134e-006
1.67039e-006
1.68621e-006
1.67345e-006
1.62449e-006
1.58327e-006
1.52675e-006
1.48094e-006
1.31342e-006
1.18919e-006
1.00739e-006
8.23887e-007
5.70144e-007
3.40172e-007
6.45008e-008
-2.45149e-007
-5.1764e-007
-8.49705e-007
-1.30383e-006
-1.65418e-006
-1.98677e-006
-2.29874e-006
-2.60187e-006
-2.84807e-006
-3.18413e-006
-3.49887e-006
-3.84712e-006
-4.08633e-006
-4.34383e-006
-4.66961e-006
-4.91118e-006
-5.10415e-006
-5.21717e-006
-5.25162e-006
-5.35254e-006
-5.4526e-006
-5.45833e-006
-5.45443e-006
-5.47924e-006
-5.36833e-006
-5.26658e-006
-5.10611e-006
-4.74744e-006
-4.45285e-006
-3.89611e-006
-3.37926e-006
-2.74278e-006
-2.09135e-006
-1.45993e-006
-7.46766e-007
-1.52292e-007
3.5324e-007
8.15031e-007
1.22378e-006
1.56301e-006
1.92731e-006
2.20868e-006
2.48764e-006
2.66143e-006
2.76677e-006
2.92855e-006
2.96205e-006
2.85563e-006
2.7178e-006
2.53444e-006
2.37892e-006
2.26383e-006
2.07932e-006
1.907e-006
1.74717e-006
1.61332e-006
1.47765e-006
1.42565e-006
1.22327e-006
1.07063e-006
9.36882e-007
7.91104e-007
6.29729e-007
3.64258e-007
2.00828e-007
-1.0519e-007
-3.80378e-007
-6.99521e-007
-1.0399e-006
-1.33569e-006
-1.54971e-006
-1.7995e-006
-2.02109e-006
-2.22099e-006
-2.5134e-006
-2.87165e-006
-3.2567e-006
-3.48293e-006
-3.86545e-006
-4.06531e-006
-4.45468e-006
-4.79638e-006
-5.09118e-006
-5.34192e-006
-5.55516e-006
-5.76904e-006
-5.87496e-006
-6.12399e-006
-6.27348e-006
-6.48263e-006
-6.5709e-006
-6.66211e-006
-6.7493e-006
-6.81242e-006
-6.82095e-006
-6.83019e-006
-6.87714e-006
-6.86051e-006
-6.92531e-006
-6.88346e-006
-6.753e-006
-6.5914e-006
-6.28739e-006
-6.00921e-006
-5.74446e-006
-5.49081e-006
-5.20427e-006
-4.92957e-006
-4.49653e-006
-3.94175e-006
-3.40032e-006
-2.92596e-006
-2.41449e-006
-2.04795e-006
-1.75408e-006
-1.44056e-006
-1.24687e-006
-1.08287e-006
-9.65409e-007
-8.21656e-007
-6.70975e-007
-4.94578e-007
-2.95972e-007
-4.07891e-009
2.94219e-007
5.50263e-007
8.33435e-007
1.15216e-006
1.44221e-006
1.76799e-006
2.03735e-006
2.28554e-006
2.51033e-006
2.7089e-006
2.88949e-006
3.07931e-006
3.28286e-006
3.72599e-006
6.5405e-006
1.22293e-005
1.59027e-005
1.89097e-005
2.09843e-005
2.27331e-005
2.41551e-005
2.53113e-005
0
0
0
0
0
0
0
0
0
0
0
0
0
0
0
0
0
0
0
0
0
0
0
0
0
0
0
0
0
0
0
0
0
0
0
0
0
0
0
0
0
0
0
0
0
0
0
0
0
0
0
0
0
0
0
0
0
0
0
0
0
0
0
0
0
0
0
0
0
0
0
0
0
0
0
0
0
0
0
0
0
0
0
0
0
0
0
0
0
0
0
0
0
0
0
0
0
0
0
0
0
0
0
0
0
0
0
0
0
0
0
0
0
0
0
0
0
0
0
0
0
0
0
0
0
0
0
0
0
0
0
0
0
0
0
0
0
0
0
0
0
0
0
0
0
0
0
0
0
0
0
0
0
0
0
0
0
0
0
0
0
0
0
0
0
0
0
0
0
0
0
0
0
0
0
0
0
0
0
0
0
0
0
0
0
0
0
0
0
0
0
0
0
0
0
0
0
0
0
0
0
0
0
0
0
0
0
0
0
0
0
0
0
0
0
0
0
0
0
0
0
0
0
0
0
0
0
0
0
0
0
0
0
0
0
0
0
0
0
0
0
0
0
0
0
0
0
0
0
0
0
0
0
0
0
0
0
0
0
0
0
0
0
0
0
0
0
0
0
0
0
0
0
0
0
0
0
0
0
0
0
0
0
0
0
0
0
0
0
0
0
0
0
0
0
0
0
0
0
0
0
0
0
0
0
0
0
0
0
0
0
0
0
0
0
0
0
0
0
0
0
0
0
0
0
0
0
0
0
0
0
0
0
0
0
0
0
0
0
0
0
0
0
0
0
0
0
0
0
0
0
0
0
0
0
0
0
0
0
0
0
0
0
0
0
0
0
0
0
0
0
0
0
0
0
0
0
0
0
0
0
0
0
0
0
0
0
0
0
0
0
0
0
0
0
0
0
0
0
0
0
0
0
0
0
0
0
0
0
0
0
0
0
0
0
0
0
0
0
0
0
0
0
0
0
0
0
0
0
0
0
0
0
0
0
0
0
0
0
0
0
0
0
0
0
0
0
0
0
0
0
0
0
0
0
0
0
0
0
0
0
0
0
0
0
0
0
0
0
0
0
0
0
0
0
0
0
0
0
0
0
0
0
0
0
0
0
0
0
0
0
0
0
0
0
0
0
0
0
0
0
0
0
0
0
0
0
0
0
0
0
0
0
0
0
0
0
0
0
0
0
0
0
0
0
0
0
0
0
0
0
0
0
0
0
0
0
0
0
0
0
0
0
0
0
0
0
0
0
0
0
0
0
0
0
0
0
0
0
0
0
0
0
0
0
0
0
0
0
0
0
0
0
0
0
0
0
0
0
0
0
0
0
0
0
0
0
0
0
0
0
0
0
0
0
0
0
0
0
0
0
0
0
0
0
0
0
0
0
0
0
0
0
0
0
0
0
0
0
0
0
0
0
0
0
0
0
0
0
0
0
0
0
0
0
0
0
0
0
0
0
0
0
0
0
0
0
0
0
0
0
0
0
0
0
0
0
0
0
0
0
0
0
0
0
0
0
0
0
0
0
0
0
0
0
0
0
0
0
0
0
0
0
0
0
0
0
0
0
0
0
0
0
0
0
0
0
0
0
0
0
0
0
0
0
0
0
0
0
0
0
0
0
0
0
0
0
0
0
0
0
0
0
0
0
0
0
0
0
0
0
0
0
0
0
0
0
0
0
0
0
0
0
0
0
0
0
0
0
0
0
0
0
0
0
0
0
0
0
0
0
0
0
0
0
0
0
0
0
0
0
0
0
0
0
0
0
0
0
0
0
0
0
0
0
0
0
0
0
0
0
0
0
0
0
0
0
0
0
0
0
0
0
0
0
0
0
0
0
0
0
0
0
0
0
0
0
0
0
0
0
0
0
0
0
0
0
0
0
0
0
0
0
0
0
0
0
0
0
0
0
0
0
0
0
0
0
0
0
0
0
0
0
0
0
0
0
0
0
0
0
0
0
0
0
0
0
0
0
0
0
0
0
0
0
0
0
0
0
0
0
0
0
0
0
0
0
0
0
0
0
0
0
0
0
0
0
0
0
0
0
0
0
0
0
0
0
0
0
0
0
0
0
0
0
0
0
0
0
0
0
0
0
0
0
0
0
0
0
0
0
0
0
0
0
0
0
0
0
0
0
0
0
0
0
0
0
0
0
0
0
0
0
0
0
0
0
0
0
0
0
0
0
0
0
0
0
0
0
0
0
0
0
0
0
0
0
0
0
0
0
0
0
0
0
0
0
0
0
0
0
0
0
0
0
0
0
0
0
0
0
0
0
0
0
0
0
0
0
0
0
0
0
0
0
0
0
0
0
0
0
0
0
0
0
0
0
0
0
0
0
0
0
0
0
0
0
0
0
0
0
0
0
0
0
0
0
0
0
0
0
0
0
0
0
0
0
0
0
0
0
0
0
0
0
0
0
0
0
0
0
0
0
0
0
0
0
0
0
0
0
0
0
0
0
0
0
0
0
0
0
0
0
0
0
0
0
0
0
0
0
0
0
0
0
0
0
0
0
0
0
0
0
0
0
0
0
0
0
0
0
0
0
0
0
0
0
0
0
0
0
0
0
0
0
0
0
0
0
0
0
0
0
0
0
0
0
0
0
0
0
0
0
0
0
0
0
0
0
0
0
0
0
0
0
0
0
0
0
0
0
0
0
0
0
0
0
0
0
0
0
0
0
0
0
0
0
0
0
0
0
0
0
0
0
0
0
0
0
0
0
0
0
0
0
0
0
0
0
0
0
0
0
0
0
0
0
0
0
0
0
0
0
0
0
0
0
0
0
0
0
0
0
0
0
0
0
0
0
0
0
0
0
0
0
0
0
0
0
0
0
0
0
0
0
0
0
0
0
0
0
0
0
0
0
0
0
0
0
0
0
0
0
0
0
0
0
0
0
0
0
0
0
0
0
0
0
0
0
0
0
0
0
0
0
0
0
0
0
0
0
0
0
0
0
0
0
0
0
0
0
0
0
0
0
0
0
0
0
0
0
0
0
0
0
0
0
0
0
0
0
0
0
0
0
0
0
0
0
0
0
0
0
0
0
0
0
0
0
0
0
0
0
0
0
0
0
0
0
0
0
0
0
0
0
0
0
0
0
0
0
0
0
0
0
0
0
0
0
0
0
0
0
0
0
0
0
0
0
0
0
0
0
0
0
0
0
0
0
0
0
0
0
0
0
0
0
0
0
0
0
0
0
0
0
0
0
0
0
0
0
0
0
0
0
0
0
0
0
0
0
0
0
0
0
0
0
0
0
0
0
0
0
0
0
0
0
0
0
0
0
0
0
0
0
0
0
0
0
0
0
0
0
0
0
0
0
0
0
0
0
0
0
0
0
0
0
0
0
0
0
0
0
0
0
0
0
0
0
0
0
0
0
0
0
0
0
0
0
0
0
0
0
0
0
0
0
0
0
0
0
0
0
0
0
0
0
0
0
0
0
0
0
0
0
0
0
0
0
0
0
0
0
0
0
0
0
0
0
0
0
0
0
0
0
0
0
0
0
0
0
0
0
0
0
0
0
0
0
0
0
0
0
0
0
0
0
0
0
0
0
0
0
0
0
0
0
0
0
0
0
0
0
0
0
0
0
0
0
0
0
0
0
0
0
0
0
0
0
0
0
0
0
0
0
0
0
0
0
0
0
0
0
0
0
0
0
0
0
0
0
0
0
0
0
0
0
0
0
0
0
0
0
0
0
0
0
0
0
0
0
0
0
0
0
0
0
0
0
0
0
0
0
0
0
0
0
0
0
0
0
0
0
0
0
0
0
0
0
0
0
0
0
0
0
0
0
0
0
0
0
0
0
0
0
0
0
0
0
0
0
0
0
0
0
0
0
0
0
0
0
0
0
0
0
0
0
0
0
0
0
0
0
0
0
0
0
0
0
0
0
0
0
0
0
0
0
0
0
0
0
0
0
0
0
0
0
0
0
0
0
0
0
0
0
0
0
0
0
0
0
0
0
0
0
0
0
0
0
0
0
0
0
0
0
0
0
0
0
0
0
0
0
0
0
0
0
0
0
0
0
0
0
0
0
0
0
0
0
0
0
0
0
0
0
0
0
0
0
0
0
0
0
0
0
0
0
0
0
0
0
0
0
0
0
0
0
0
0
0
0
0
0
0
0
0
0
0
0
0
0
0
0
0
0
0
0
0
0
0
0
0
0
0
0
0
0
0
0
0
0
0
0
0
0
0
0
0
0
0
0
0
0
0
0
0
0
0
0
0
0
0
0
0
0
0
0
0
0
0
0
0
0
0
0
0
0
0
0
0
0
0
0
0
0
0
0
0
0
0
0
0
0
0
0
0
0
0
0
0
0
0
0
0
0
0
0
0
0
0
0
0
0
0
0
0
0
0
0
0
0
0
0
0
0
0
0
0
0
0
0
0
0
0
0
0
0
0
0
0
0
0
0
0
0
0
0
0
0
0
0
0
0
0
0
0
0
0
0
0
0
0
0
0
0
0
0
0
0
0
0
0
0
0
0
0
0
0
0
0
0
0
0
0
0
0
0
0
0
0
0
0
0
0
0
0
0
0
0
0
0
0
0
0
0
0
0
0
0
0
0
0
0
0
0
0
0
0
0
0
0
0
0
0
0
0
0
0
0
0
0
0
0
0
0
0
0
0
0
0
0
0
0
0
0
0
0
0
0
0
0
0
0
0
0
0
0
0
0
0
0
0
0
0
0
0
0
0
0
0
0
0
0
0
0
0
0
0
0
0
0
0
0
0
0
0
0
0
0
0
0
0
0
0
0
0
0
0
0
0
0
0
0
0
0
0
0
0
0
0
0
0
0
0
0
0
0
0
0
0
0
0
0
0
0
0
0
0
0
0
0
0
0
0
0
0
0
0
0
0
0
0
0
0
0
0
0
0
0
0
0
0
0
0
0
0
0
0
0
0
0
0
0
0
0
0
0
0
0
0
0
0
0
0
0
0
0
0
0
0
0
0
0
0
0
0
0
0
0
0
0
0
0
0
0
0
0
0
0
0
0
0
0
0
0
0
0
0
0
0
0
0
0
0
0
0
0
0
0
0
0
0
0
0
0
0
0
0
0
0
0
0
0
0
0
0
0
0
0
0
0
0
0
0
0
0
0
0
0
0
0
0
0
0
0
0
0
0
0
0
0
0
0
0
0
0
0
0
0
0
0
0
0
0
0
0
0
0
0
0
0
0
0
0
0
0
0
0
0
0
0
0
0
0
0
0
0
0
0
0
0
0
0
0
0
0
0
0
0
0
0
0
0
0
0
0
0
0
0
0
0
0
0
0
0
0
0
0
0
0
0
0
0
0
0
0
0
0
0
0
0
0
0
0
0
0
0
0
0
0
0
0
0
0
0
0
0
0
0
0
0
0
0
0
0
0
0
0
0
0
0
0
0
0
0
0
0
0
0
0
0
0
0
0
0
0
0
0
0
0
0
0
0
0
0
0
0
0
0
0
0
0
0
0
0
0
0
0
0
0
0
0
0
0
0
0
0
0
0
0
0
0
0
0
0
0
0
0
0
0
0
0
0
0
0
0
0
0
0
0
0
0
0
0
0
0
0
0
0
0
0
0
0
0
0
0
0
0
0
0
0
0
0
0
0
0
0
0
0
0
0
0
0
0
0
0
0
0
0
0
0
0
0
0
0
0
0
0
0
0
0
0
0
0
0
0
0
0
0
0
0
0
0
0
0
0
0
0
0
0
0
0
0
0
0
0
0
0
0
0
0
0
0
0
0
0
0
0
0
0
0
0
0
0
0
0
0
0
0
0
0
0
0
0
0
0
0
0
0
0
0
0
0
0
0
0
0
0
0
0
0
0
0
0
0
0
0
0
0
0
0
0
0
0
0
0
0
0
0
0
0
0
0
0
0
0
0
0
0
0
0
0
0
0
0
0
0
0
0
0
0
0
0
0
0
0
0
0
0
0
0
0
0
0
0
0
0
0
0
0
0
0
0
0
0
0
0
0
0
0
0
0
0
0
0
0
0
0
0
0
0
0
0
0
0
0
0
0
0
0
0
0
0
0
0
0
0
0
0
0
0
0
0
0
0
0
0
0
0
0
0
0
0
0
0
0
0
0
0
0
0
0
0
0
0
0
0
0
0
0
0
0
0
0
0
0
0
0
0
0
0
0
0
0
0
0
0
0
0
0
0
0
0
0
0
0
0
0
0
0
0
0
0
0
0
0
0
0
0
0
0
0
0
0
0
0
0
0
0
0
0
0
0
0
0
0
0
0
0
0
0
0
0
0
0
0
0
0
0
0
0
0
0
0
0
0
0
0
0
0
0
0
0
0
0
0
0
0
0
0
0
0
0
0
0
0
0
0
0
0
0
0
0
0
0
0
0
0
0
0
0
0
0
0
0
0
0
0
0
0
0
0
0
0
0
0
0
0
0
0
0
0
0
0
0
0
0
0
0
0
0
0
0
0
0
0
0
0
0
0
0
0
0
0
0
0
0
0
0
0
0
0
0
0
0
0
0
0
0
0
0
0
0
0
0
0
0
0
0
0
0
0
0
0
0
0
0
0
0
0
0
0
0
0
0
0
0
0
0
0
0
0
0
0
0
0
0
0
0
0
0
0
0
0
0
0
0
0
0
0
0
0
0
0
0
0
0
0
0
0
0
0
0
0
0
0
0
0
0
0
0
0
0
0
0
0
0
0
0
0
0
0
0
0
0
0
0
0
0
0
0
0
0
0
0
0
0
0
0
0
0
0
0
0
0
0
0
0
0
0
0
0
0
0
0
0
0
0
0
0
0
0
0
0
0
0
0
0
0
0
0
0
0
0
0
0
0
0
0
0
0
0
0
0
0
0
0
0
0
0
0
0
0
0
0
0
0
0
0
0
0
0
0
0
0
0
0
0
0
0
0
0
0
0
0
0
0
0
0
0
0
0
0
0
0
0
0
0
0
0
0
0
0
0
0
0
0
0
0
0
0
0
0
0
0
0
0
0
0
0
0
0
0
0
0
0
0
0
0
0
0
0
0
0
0
0
0
0
0
0
0
0
0
0
0
0
0
0
0
0
0
0
0
0
0
0
0
0
0
0
0
0
0
0
0
0
0
0
0
0
0
0
0
0
0
0
0
0
0
0
0
0
0
0
0
0
0
0
0
0
0
0
0
0
0
0
0
0
0
0
0
0
0
0
0
0
0
0
0
0
0
0
0
0
0
0
0
0
0
0
0
0
0
0
0
0
0
0
0
0
0
0
0
0
0
0
0
0
0
0
0
0
0
0
0
0
0
0
0
0
0
0
0
0
0
0
0
0
0
0
0
0
0
0
0
0
0
0
0
0
0
0
0
0
0
0
0
0
0
0
0
0
0
0
0
0
0
0
0
0
0
0
0
0
0
0
0
0
0
0
0
0
0
0
0
0
0
0
0
0
0
0
0
0
0
0
0
0
0
0
0
0
0
0
0
0
0
0
0
0
0
0
0
0
0
0
0
0
0
0
0
0
0
0
0
0
0
0
0
0
0
0
0
0
0
0
0
0
0
0
0
0
0
0
0
0
0
0
0
0
0
0
0
0
0
0
0
0
0
0
0
0
0
0
0
0
0
0
0
0
0
0
0
0
0
0
0
0
0
0
0
0
0
0
0
0
0
0
0
0
0
0
0
0
0
0
0
0
0
0
0
0
0
0
0
0
0
0
0
0
0
0
0
0
0
0
0
0
0
0
0
0
0
0
0
0
0
0
0
0
0
0
0
0
0
0
0
0
0
0
0
0
0
0
0
0
0
0
0
0
0
0
0
0
0
0
0
0
0
0
0
0
0
0
0
0
0
0
0
0
0
0
0
0
0
0
0
0
0
0
0
0
0
0
0
0
0
0
0
0
0
0
0
0
0
0
0
0
0
0
0
0
0
0
0
0
0
0
0
0
0
0
0
0
0
0
0
0
0
0
0
0
0
0
0
0
0
0
0
0
0
0
0
0
0
0
0
0
0
0
0
0
0
0
0
0
0
0
0
0
0
0
0
0
0
0
0
0
0
0
0
0
0
0
0
0
0
0
0
0
0
0
0
0
0
0
0
0
0
0
0
0
0
0
0
0
0
0
0
0
0
0
0
0
0
0
0
0
0
0
0
0
0
0
0
0
0
0
0
0
0
0
0
0
0
0
0
0
0
0
0
0
0
0
0
0
0
0
0
0
0
0
0
0
0
0
0
0
0
0
0
0
0
0
0
0
0
0
0
0
0
0
0
0
0
0
0
0
0
0
0
0
0
0
0
0
0
0
0
0
0
0
0
0
0
0
0
0
0
0
0
0
0
0
0
0
0
0
0
0
0
0
0
0
0
0
0
0
0
0
0
0
0
0
0
0
0
0
0
0
0
0
0
0
0
0
0
0
0
0
0
0
0
0
0
0
0
0
0
0
0
0
0
0
0
0
0
0
0
0
0
0
0
0
0
0
0
0
0
0
0
0
0
0
0
0
0
0
0
0
0
0
0
0
0
0
0
0
0
0
0
0
0
0
0
0
0
0
0
0
0
0
0
0
0
0
0
0
0
0
0
0
0
0
0
0
0
0
0
0
0
0
0
0
0
0
0
0
0
0
0
0
0
0
0
0
0
0
0
0
0
0
0
0
0
0
0
0
0
0
0
0
0
0
0
0
0
0
0
0
0
0
0
0
0
0
0
0
0
0
0
0
0
0
0
0
0
0
0
0
0
0
0
0
0
0
0
0
0
0
0
0
0
0
0
0
0
0
0
0
0
0
0
0
0
0
0
0
0
0
0
0
0
0
0
0
0
0
0
0
0
0
0
0
0
0
0
0
0
0
0
0
0
0
0
0
0
0
0
0
0
0
0
0
0
0
0
0
0
0
0
0
0
0
0
0
0
0
0
0
0
0
0
0
0
0
0
0
0
0
0
0
0
0
0
0
0
0
0
0
0
0
0
0
0
0
0
0
0
0
0
0
0
0
0
0
0
0
0
0
0
0
0
0
0
0
0
0
0
0
0
0
0
0
0
0
0
0
0
0
0
0
0
0
0
0
0
0
0
0
0
0
0
0
0
0
0
0
0
0
0
0
0
0
0
0
0
0
0
0
0
0
0
0
0
0
0
0
0
0
0
0
0
0
0
0
0
0
0
0
0
0
0
0
0
0
0
0
0
0
0
0
0
0
0
0
0
0
0
0
0
0
0
0
0
0
0
0
0
0
0
0
0
0
0
0
0
0
0
0
0
0
0
0
0
0
0
0
0
0
0
0
0
0
0
0
0
0
0
0
0
0
0
0
0
0
0
0
0
0
0
0
0
0
0
0
0
0
0
0
0
0
0
0
0
0
0
0
0
0
0
0
0
0
0
0
0
0
0
0
0
0
0
0
0
0
0
0
0
0
0
0
0
0
0
0
0
0
0
0
0
0
0
0
0
0
0
0
0
0
0
0
0
0
0
0
0
0
0
0
0
0
0
0
0
0
0
0
0
0
0
0
0
0
0
0
0
0
0
0
0
0
0
0
0
0
0
0
0
0
0
0
0
0
0
0
0
0
0
0
0
0
0
0
0
0
0
0
0
0
0
0
0
0
0
0
0
0
0
0
0
0
0
0
0
0
0
0
0
0
0
0
0
0
0
0
0
0
0
0
0
0
0
0
0
0
0
0
0
0
0
0
0
0
0
0
0
0
0
0
0
0
0
0
0
0
0
0
0
0
0
0
0
0
0
0
0
0
0
0
0
0
0
0
0
0
0
0
0
0
0
0
0
0
0
0
0
0
0
0
0
0
0
0
0
0
0
0
0
0
0
0
0
0
0
0
0
0
0
0
0
0
0
0
0
0
0
0
0
0
0
0
0
0
0
0
0
0
0
0
0
0
0
0
0
0
0
0
0
0
0
0
0
0
0
0
0
0
0
0
0
0
0
0
0
0
0
0
0
0
0
0
0
0
0
0
0
0
0
0
0
0
0
0
0
0
0
0
0
0
0
0
0
0
0
0
0
0
0
0
0
0
0
0
0
0
0
0
0
0
0
0
0
0
0
0
0
0
0
0
0
0
0
0
0
0
0
0
0
0
0
0
0
0
0
0
0
0
0
0
0
0
0
0
0
0
0
0
0
0
0
0
0
0
0
0
0
0
0
0
0
0
0
0
0
0
0
0
0
0
0
0
0
0
0
0
0
0
0
0
0
0
0
0
0
0
0
0
0
0
0
0
0
0
0
0
0
0
0
0
0
0
0
0
0
0
0
0
0
0
0
0
0
0
0
0
0
0
0
0
0
0
0
0
0
0
0
0
0
0
0
0
0
0
0
0
0
0
0
0
0
0
0
0
0
0
0
0
0
0
0
0
0
0
0
0
0
0
0
0
0
0
0
0
0
0
0
0
0
0
0
0
0
0
0
0
0
0
0
0
0
0
0
0
0
0
0
0
0
0
0
0
0
0
0
0
0
0
0
0
0
0
0
0
0
0
0
0
0
0
0
0
0
0
0
0
0
0
0
0
0
0
0
0
0
0
0
0
0
0
0
0
0
0
0
0
0
0
0
0
0
0
0
0
0
0
0
0
0
0
0
0
0
0
0
0
0
0
0
0
0
0
0
0
0
0
0
0
0
0
0
0
0
0
0
0
0
0
0
0
0
0
0
0
0
0
0
0
0
0
0
0
0
0
0
0
0
0
0
0
0
0
0
0
0
0
0
0
0
0
0
0
0
0
0
0
0
0
0
0
0
0
0
0
0
0
0
0
0
0
0
0
0
0
0
0
0
0
0
0
0
0
0
0
0
0
0
0
0
0
0
0
0
0
0
0
0
0
0
0
0
0
0
0
0
0
0
0
0
0
0
0
0
0
0
0
0
0
0
0
0
0
0
0
0
0
0
0
0
0
0
0
0
0
0
0
0
0
0
0
0
0
0
0
0
0
0
0
0
0
0
0
0
0
0
0
0
0
0
0
0
0
0
0
0
0
0
0
0
0
0
0
0
0
0
0
0
0
0
0
0
0
0
0
0
0
0
0
0
0
0
0
0
0
0
0
0
0
0
0
0
0
0
0
0
0
0
0
0
0
0
0
0
0
0
0
0
0
0
0
0
0
0
0
0
0
0
0
0
0
0
0
0
0
0
0
0
0
0
0
0
0
0
0
0
0
0
0
0
0
0
0
0
0
0
0
0
0
0
0
0
0
0
0
0
0
0
0
0
0
0
0
0
0
0
0
0
0
0
0
0
0
0
0
0
0
0
0
0
0
0
0
0
0
0
0
0
0
0
0
0
0
0
0
0
0
0
0
0
0
0
0
0
0
0
0
0
0
0
0
0
0
0
0
0
0
0
0
0
0
0
0
0
0
0
0
0
0
0
0
0
0
0
0
0
0
0
0
0
0
0
0
0
0
0
0
0
0
0
0
0
0
0
0
0
0
0
0
0
0
0
0
0
0
0
0
0
0
0
0
0
0
0
0
0
0
0
0
0
0
0
0
0
0
0
0
0
0
0
0
0
0
0
0
0
0
0
0
0
0
0
0
0
0
0
0
0
0
0
0
0
0
0
0
0
0
0
0
0
0
0
0
0
0
0
0
0
0
0
0
0
0
0
0
0
0
0
0
0
0
0
0
0
0
0
0
0
0
0
0
0
0
0
0
0
0
0
0
0
0
0
0
0
0
0
0
0
0
0
0
0
0
0
0
0
0
0
0
0
0
0
0
0
0
0
0
0
0
0
0
0
0
0
0
0
0
0
0
0
0
0
0
0
0
0
0
0
0
0
0
0
0
0
0
0
0
0
0
0
0
0
0
0
0
0
0
0
0
0
0
0
0
0
0
0
0
0
0
0
0
0
0
0
0
0
0
0
0
0
0
0
0
0
0
0
0
0
0
0
0
0
0
0
0
0
0
0
0
0
0
0
0
0
0
0
0
0
0
0
0
0
0
0
0
0
0
0
0
0
0
0
0
0
0
0
0
0
0
0
0
0
0
0
0
0
0
0
0
0
0
0
0
0
0
0
0
0
0
0
0
0
0
0
0
0
0
0
0
0
0
0
0
0
0
0
0
0
0
0
0
0
0
0
0
0
0
0
0
0
0
0
0
0
0
0
0
0
0
0
0
0
0
0
0
0
0
0
0
0
0
0
0
0
0
0
0
0
0
0
0
0
0
0
0
0
0
0
0
0
0
0
0
0
0
0
0
0
0
0
0
0
0
0
0
0
0
0
0
0
0
0
0
0
0
0
0
0
0
0
0
0
0
0
0
0
0
0
0
0
0
0
0
0
0
0
0
0
0
0
0
0
0
0
0
0
0
0
0
0
0
0
0
0
0
0
0
0
0
0
0
0
0
0
0
0
0
0
0
0
0
0
0
0
0
0
0
0
0
0
0
0
0
0
0
0
0
0
0
0
0
0
0
0
0
0
0
0
0
0
0
0
0
0
0
0
0
0
0
0
0
0
0
0
0
0
0
0
0
0
0
0
0
0
0
0
0
0
0
0
0
0
0
0
0
0
0
0
0
0
0
0
0
0
0
0
0
0
0
0
0
0
0
0
0
0
0
0
0
0
0
0
0
0
0
0
0
0
0
0
0
0
0
0
0
0
0
0
0
0
0
0
0
0
0
0
0
0
0
0
0
0
0
0
0
0
0
0
0
0
0
0
0
0
0
0
0
0
0
0
0
0
0
0
0
0
0
0
0
0
0
0
0
0
0
0
0
0
0
0
0
0
0
0
0
0
0
0
0
0
0
0
0
0
0
0
0
0
0
0
0
0
0
0
0
0
0
0
0
0
0
0
0
0
0
0
0
0
0
0
0
0
0
0
0
0
0
0
0
0
0
0
0
0
0
0
0
0
0
0
0
0
0
0
0
0
0
0
0
0
0
0
0
0
0
0
0
0
0
0
0
0
0
0
0
0
0
0
0
0
0
0
0
0
0
0
0
0
0
0
0
0
0
0
0
0
0
0
0
0
0
0
0
0
0
0
0
0
0
0
0
0
0
0
0
0
0
0
0
0
0
0
0
0
0
0
0
0
0
0
0
0
0
0
0
0
0
0
0
0
0
0
0
0
0
0
0
0
0
0
0
0
0
0
0
0
0
0
0
0
0
0
0
0
0
0
0
0
0
0
0
0
0
0
0
0
0
0
0
0
0
0
0
0
0
0
0
0
0
0
0
0
0
0
0
0
0
0
0
0
0
0
0
0
0
0
0
0
0
0
0
0
0
0
0
0
0
0
0
0
0
0
0
0
0
0
0
0
0
0
0
0
0
0
0
0
0
0
0
0
0
0
0
0
0
0
0
0
0
0
0
0
0
0
0
0
0
0
0
0
0
0
0
0
0
0
0
0
0
0
0
0
0
0
0
0
0
0
0
0
0
0
0
0
0
0
0
0
0
0
0
0
0
0
0
0
0
0
0
0
0
0
0
0
0
0
0
0
0
0
0
0
0
0
0
0
0
0
0
0
0
0
0
0
0
0
0
0
0
0
0
0
0
0
0
0
0
0
0
0
0
0
0
0
0
0
0
0
0
0
0
0
0
0
0
0
0
0
0
0
0
0
0
0
0
0
0
0
0
0
0
0
0
0
0
0
0
0
0
0
0
0
0
0
0
0
0
0
0
0
0
0
0
0
0
0
0
0
0
0
0
0
0
0
0
0
0
0
0
0
0
0
0
0
0
0
0
0
0
0
0
0
0
0
0
0
0
0
0
0
0
0
0
0
0
0
0
0
0
0
0
0
0
0
0
0
0
0
0
0
0
0
0
0
0
0
0
0
0
0
0
0
0
0
0
0
0
0
0
0
0
0
0
0
0
0
0
0
0
0
0
0
0
0
0
0
0
0
0
0
0
0
0
0
0
0
0
0
0
0
0
0
0
0
0
0
0
0
0
0
0
0
0
0
0
0
0
0
0
0
0
0
0
0
0
0
0
0
0
0
0
0
0
0
0
0
0
0
0
0
0
0
0
0
0
0
0
0
0
0
0
0
0
0
0
0
0
0
0
0
0
0
0
0
0
0
0
0
0
0
0
0
0
0
0
0
0
0
0
0
0
0
0
0
0
0
0
0
0
0
0
0
0
0
0
0
0
0
0
0
0
0
0
0
0
0
0
0
0
0
0
0
0
0
0
0
0
0
0
0
0
0
0
0
0
0
0
0
0
0
0
0
0
0
0
0
0
0
0
0
0
0
0
0
0
0
0
0
0
0
0
0
0
0
0
0
0
0
0
0
0
0
0
0
0
0
0
0
0
0
0
0
0
0
0
0
0
0
0
0
0
0
0
0
0
0
0
0
0
0
0
0
0
0
0
0
0
0
0
0
0
0
0
0
0
0
0
0
0
0
0
0
0
0
0
0
0
0
0
0
0
0
0
0
0
0
0
0
0
0
0
0
0
0
0
0
0
0
0
0
0
0
0
0
0
0
0
0
0
0
0
0
0
0
0
0
0
0
0
0
0
0
0
0
0
0
0
0
0
0
0
0
0
0
0
0
0
0
0
0
0
0
0
0
0
0
0
0
0
0
0
0
0
0
0
0
0
0
0
0
0
0
0
0
0
0
0
0
0
0
0
0
0
0
0
0
0
0
0
0
0
0
0
0
0
0
0
0
0
0
0
0
0
0
0
0
0
0
0
0
0
0
0
0
0
0
0
0
0
0
0
0
0
0
0
0
0
0
0
0
0
0
0
0
0
0
0
0
0
0
0
0
0
0
0
0
0
0
0
0
0
0
0
0
0
0
0
0
0
0
0
0
0
0
0
0
0
0
0
0
0
0
0
0
0
0
0
0
0
0
0
0
0
0
0
0
0
0
0
0
0
0
0
0
0
0
0
0
0
0
0
0
0
0
0
0
0
0
0
0
0
0
0
0
0
0
0
0
0
0
0
0
0
0
0
0
0
0
0
0
0
0
0
0
0
0
0
0
0
0
0
0
0
0
0
0
0
0
0
0
0
0
0
0
0
0
0
0
0
0
0
0
0
0
0
0
0
0
0
0
0
0
0
0
0
0
0
0
0
0
0
0
0
0
0
0
0
0
0
0
0
0
0
0
0
