0
0
0
0
0
0
0
0
0
0
-6.30287
-8.40252
-11.2108
-12.843
-14.3149
-15.3495
-16.1915
-16.819
-17.3095
-17.6816
-17.9731
-18.1945
-18.3591
-18.4813
-18.5881
-18.6564
-18.7207
-18.76
-18.7945
-18.8216
-18.8452
-18.8626
-18.8742
-18.8888
-18.8958
-18.9025
-18.9117
-18.9095
-18.9071
-18.9032
-18.9006
-18.9022
-18.9048
-18.9012
-18.906
-18.908
-18.9149
-18.9193
-18.9197
-18.9319
-18.9438
-18.9502
-18.9467
-18.9426
-18.9419
-18.9292
-18.9215
-18.9163
-18.9186
-18.9171
-18.9154
-18.9102
-18.9065
-18.9045
-18.9075
-18.9105
-18.9152
-18.911
-18.9058
-18.9019
-18.8982
-18.8982
-18.8965
-18.8991
-18.8971
-18.9005
-18.8971
-18.8962
-18.8916
-18.8993
-18.9061
-18.9087
-18.9057
-18.9083
-18.9155
-18.9164
-18.9221
-18.9345
-18.9362
-18.9392
-18.931
-18.9262
-18.9155
-18.9255
-18.923
-18.9302
-18.9321
-18.9388
-18.9378
-18.9377
-18.931
-18.9267
-18.924
-18.9247
-18.9276
-18.922
-18.9209
-18.9168
-18.9036
-18.898
-18.8874
-18.8936
-18.8805
-18.8822
-18.8752
-18.8727
-18.8681
-18.8677
-18.8645
-18.8671
-18.8716
-18.8768
-18.8933
-18.9022
-18.9144
-18.9122
-18.9212
-18.9351
-18.9549
-18.9683
-18.9836
-18.9964
-18.9981
-19.0035
-19.0146
-19.0195
-19.0153
-19.0051
-18.9959
-18.9886
-18.9765
-18.9553
-18.9445
-18.9357
-18.9254
-18.9214
-18.9155
-18.9142
-18.9025
-18.9024
-18.8964
-18.8832
-18.8814
-18.8846
-18.8784
-18.8833
-18.8869
-18.8949
-18.8993
-18.9019
-18.9042
-18.9128
-18.9162
-18.9274
-18.9408
-18.9476
-18.9563
-18.9644
-18.9611
-18.9699
-18.9638
-18.9696
-18.9615
-18.9699
-18.9668
-18.9734
-18.9807
-18.981
-18.9845
-18.9759
-18.9783
-18.9728
-18.964
-18.9591
-18.9488
-18.9415
-18.9364
-18.9244
-18.919
-18.9094
-18.9165
-18.913
-18.9196
-18.9202
-18.9209
-18.9191
-18.9263
-18.9307
-18.9354
-18.9375
-18.9394
-18.9432
-18.9524
-18.9647
-18.9721
-18.983
-18.9936
-19.0006
-19.0083
-19.0156
-19.0155
-19.0133
-19.018
-19.0209
-19.0157
-19.0143
-19.0062
-19.0068
-19.0017
-18.9993
-18.9912
-18.9884
-18.9893
-18.9882
-18.9802
-18.9808
-18.9809
-18.9698
-18.9632
-18.9585
-18.9605
-18.9552
-18.9472
-18.9394
-18.9359
-18.9357
-18.9346
-18.9396
-18.9422
-18.9431
-18.952
-18.9683
-18.9695
-18.9724
-18.9781
-18.9895
-18.9964
-19.0045
-19.0108
-19.0122
-19.0137
-19.0147
-19.0124
-19.0131
-19.0126
-19.0122
-19.0119
-19.0086
-19.0092
-18.9998
-19.0023
-19.0062
-18.9999
-19.0017
-18.9923
-18.9729
-18.9541
-18.929
-18.9123
-18.8949
-18.8767
-18.8631
-18.837
-18.8218
-18.8025
-18.7905
-18.785
-18.7702
-18.7735
-18.7825
-18.7918
-18.8042
-18.8117
-18.8172
-18.8344
-18.8628
-18.887
-18.9075
-18.9326
-18.9612
-18.9813
-19.0024
-19.0249
-19.0447
-19.0639
-19.0904
-19.1054
-19.1112
-19.1189
-19.1198
-19.1136
-19.1079
-19.101
-19.0912
-19.0888
-19.0783
-19.0729
-19.0608
-19.0551
-19.0405
-19.0195
-18.9921
-18.971
-18.9481
-18.9253
-18.9014
-18.8611
-18.8352
-18.8164
-18.7946
-18.7777
-18.7609
-18.7604
-18.7552
-18.7535
-18.7535
-18.7548
-18.7662
-18.7842
-18.7989
-18.8255
-18.857
-18.893
-18.9141
-18.9405
-18.9598
-18.9819
-19.0112
-19.0333
-19.0556
-19.0629
-19.0725
-19.0731
-19.0622
-19.0469
-19.0229
-18.9987
-18.9745
-18.9418
-18.8991
-18.8653
-18.8277
-18.791
-18.7707
-18.7521
-18.7396
-18.7296
-18.7293
-18.7341
-18.7393
-18.747
-18.758
-18.7765
-18.7997
-18.833
-18.8753
-18.9102
-18.9418
-18.9758
-19.0037
-19.0333
-19.0587
-19.0808
-19.1053
-19.1156
-19.1293
-19.1384
-19.1362
-19.1388
-19.1273
-19.1275
-19.1187
-19.103
-19.0849
-19.0615
-19.0473
-19.0224
-19.0049
-18.9894
-18.9761
-18.9624
-18.9594
-18.9447
-18.9221
-18.9112
-18.8929
-18.8786
-18.8563
-18.8362
-18.8046
-18.766
-18.7243
-18.6798
-18.6415
-18.5986
-18.5591
-18.5268
-18.4922
-18.4751
-18.4706
-18.4674
-18.4832
-18.4974
-18.5296
-18.5635
-18.6093
-18.6607
-18.7057
-18.7565
-18.8035
-18.8504
-18.9118
-18.9553
-18.9983
-19.0301
-19.0492
-19.0585
-19.0721
-19.0773
-19.0611
-19.0565
-19.0462
-19.0388
-19.0274
-19.0173
-19.0071
-18.9939
-18.9773
-18.9621
-18.9452
-18.9392
-18.9286
-18.9151
-18.9018
-18.8755
-18.8558
-18.8204
-18.7847
-18.7337
-18.6743
-18.5973
-18.5455
-18.4804
-18.4284
-18.3828
-18.3505
-18.3308
-18.3255
-18.3215
-18.3406
-18.3763
-18.4468
-18.5112
-18.5947
-18.6724
-18.7414
-18.8126
-18.8726
-18.9441
-19.0044
-19.0533
-19.0908
-19.1094
-19.1206
-19.1222
-19.1184
-19.1105
-19.1006
-19.0897
-19.0738
-19.0626
-19.0538
-19.057
-19.0547
-19.0584
-19.057
-19.0536
-19.04
-19.0174
-18.9809
-18.9422
-18.8945
-18.8369
-18.7693
-18.7076
-18.6307
-18.558
-18.4722
-18.401
-18.3365
-18.2847
-18.2489
-18.2241
-18.2163
-18.224
-18.241
-18.2691
-18.3003
-18.3381
-18.3968
-18.4551
-18.5181
-18.5717
-18.6301
-18.6775
-18.718
-18.7445
-18.7799
-18.8097
-18.8418
-18.8558
-18.8759
-18.8934
-18.92
-18.9434
-18.9654
-18.9824
-18.9942
-19.0055
-19.0204
-19.0331
-19.0302
-19.0269
-19.0113
-18.9778
-18.9376
-18.883
-18.8287
-18.7633
-18.6853
-18.613
-18.541
-18.4815
-18.4203
-18.3772
-18.3462
-18.3259
-18.3211
-18.3307
-18.3374
-18.3589
-18.3812
-18.4211
-18.4555
-18.4891
-18.5191
-18.5421
-18.5688
-18.5928
-18.617
-18.6276
-18.6403
-18.6574
-18.6701
-18.6936
-18.7108
-18.7411
-18.7039
-18.8107
-18.8497
-18.8229
-18.9281
-18.9642
-19.0165
-19.0499
-19.0736
-19.0835
-19.0827
-19.0688
-19.0265
-18.9774
-18.9033
-18.8399
-18.7584
-18.6918
-18.6092
-18.5414
-18.4601
-18.2794
-18.2745
-18.2092
-18.1893
-18.1578
-18.156
-18.167
-18.179
-18.192
-18.2077
-18.2195
-18.2296
-18.2401
-18.2602
-18.2674
-18.2765
-18.2893
-18.3029
-18.3196
-18.3334
-18.3412
-18.3743
-18.3946
-18.4273
-18.4588
-18.512
-18.579
-18.6495
-18.7142
-18.7667
-18.8137
-18.8603
-18.9146
-18.9548
-18.984
-18.998
-19.005
-19.0005
-18.9772
-18.9214
-18.8639
-18.7955
-18.7235
-18.6548
-18.592
-18.5389
-18.4806
-18.4354
-18.3971
-18.3662
-18.3403
-18.3274
-18.3182
-18.3202
-18.3219
-18.3311
-18.3287
-18.3363
-18.3408
-18.3345
-18.3169
-18.3064
-18.2929
-18.2823
-18.2719
-18.2614
-18.2591
-18.2573
-18.25
-18.2695
-18.2825
-18.3111
-18.3408
-18.3767
-18.4165
-18.4699
-18.5199
-18.5832
-18.6282
-18.6694
-18.7111
-18.7601
-18.7151
-18.7958
-18.8167
-18.851
-18.8692
-18.882
-18.8852
-18.8783
-18.8538
-18.8319
-18.7948
-18.7542
-18.7138
-18.6688
-18.6206
-18.5594
-18.4956
-18.4478
-18.3929
-18.3627
-18.3135
-18.279
-18.2266
-18.1965
-18.0922
-18.1334
-18.1008
-18.1004
-18.0797
-18.0755
-18.0736
-18.0745
-17.9897
-18.0573
-18.0637
-18.1004
-18.1151
-18.1385
-18.1567
-18.184
-18.2031
-18.2294
-18.2639
-18.3095
-18.3455
-18.3745
-18.4063
-18.4368
-18.4662
-18.4203
-18.5165
-18.5433
-18.5889
-18.6151
-18.644
-18.6672
-18.6727
-18.6728
-18.6726
-18.6681
-18.6582
-18.649
-18.6338
-18.6103
-18.5876
-18.5619
-18.5326
-18.5037
-18.4827
-18.4628
-18.4395
-18.4243
-18.406
-18.3936
-18.3785
-18.3653
-18.3454
-18.324
-18.2993
-18.2814
-18.265
-18.2487
-18.226
-18.201
-18.1851
-18.1665
-18.1583
-18.1446
-18.1335
-18.1246
-18.1172
-18.1138
-18.1176
-18.1165
-18.1206
-18.1283
-18.1438
-18.1587
-18.172
-18.1958
-18.2185
-18.2458
-18.2628
-18.2836
-18.2906
-18.3096
-18.3218
-18.3391
-18.3544
-18.362
-18.3819
-18.3903
-18.4101
-18.4255
-18.4389
-18.4521
-18.4667
-18.4674
-18.4702
-18.4833
-18.4959
-18.5085
-18.5143
-18.5193
-18.5129
-18.5121
-18.5049
-18.4918
-18.4764
-18.4587
-18.4392
-18.4139
-18.3935
-18.3751
-18.3627
-18.3498
-18.3341
-18.32
-18.3149
-18.291
-18.2702
-18.251
-18.2334
-18.2168
-18.1994
-18.186
-18.1642
-18.1491
-18.1363
-18.1244
-18.1191
-18.1161
-18.1226
-18.1391
-18.1634
-18.1922
-18.2108
-18.2329
-18.2439
-18.2582
-18.2735
-18.2992
-18.3154
-18.3318
-18.3392
-18.3497
-18.3621
-18.3813
-18.396
-18.4056
-18.4157
-18.4288
-18.4392
-18.4462
-18.4513
-18.4592
-18.4678
-18.4764
-18.4739
-18.4682
-18.47
-18.4614
-18.4625
-18.4622
-18.4611
-18.4524
-18.4428
-17.7796
-18.1971
-18.1135
-18.2029
-18.1962
-18.2012
-18.2033
-18.1973
-18.1859
-18.1786
-18.1704
-18.1638
-18.1596
-18.1579
-18.1564
-18.0581
-18.1214
-18.1109
-18.1315
-18.1368
-18.1429
-18.148
-18.1576
-18.1623
-18.171
-18.1744
-18.176
-18.198
-18.2246
-18.2421
-18.2617
-18.2855
-18.3029
-18.3219
-18.3472
-18.3661
-18.3808
-18.3949
-18.4081
-18.4244
-18.4421
-18.4569
-18.4721
-18.4829
-18.4848
-18.4866
-18.4952
-18.4956
-18.4946
-18.4926
-18.4873
-18.4745
-18.4697
-18.4575
-18.4349
-18.4163
-18.3935
-18.3665
-18.3466
-18.3189
-18.2095
-18.2425
-18.2168
-18.2086
-18.1942
-18.1822
-18.1618
-18.1491
-18.1316
-18.1214
-18.1101
-18.1021
-18.0997
-18.0948
-18.0842
-18.0871
-17.9966
-18.0648
-18.0637
-18.0921
-18.0257
-18.0333
-18.1137
-18.0662
-18.1715
-18.1927
-18.2347
-18.2619
-18.2912
-18.3155
-18.2523
-18.3343
-18.3457
-18.3806
-18.395
-18.4236
-18.4382
-18.4584
-18.4647
-18.4729
-18.4789
-18.4729
-18.3841
-18.4421
-18.4334
-18.4316
-18.4266
-18.4191
-18.4079
-18.4034
-18.3894
-18.3723
-18.2559
-18.3008
-18.1829
-18.2548
-18.1367
-18.2012
-18.1736
-18.183
-18.0834
-18.1441
-18.1252
-18.047
-18.1092
-18.1051
-18.1242
-18.1263
-18.1468
-18.0639
-18.1343
-18.1334
-18.1633
-18.1742
-18.1909
-18.2094
-18.2231
-18.2461
-18.1641
-18.2473
-18.1775
-18.2731
-18.2753
-18.3147
-18.3345
-18.3614
-18.3787
-18.3837
-18.3865
-18.3109
-18.3727
-18.3686
-18.3953
-18.3983
-18.4074
-18.4036
-18.4048
-18.3955
-18.3828
-18.3737
-18.3618
-18.3592
-18.3554
-18.3498
-18.3387
-18.3289
-18.3113
-18.2977
-18.2836
-18.2719
-18.2524
-18.234
-18.2261
-18.2235
-18.2248
-18.2194
-18.2165
-18.2089
-18.2134
-18.2175
-18.2284
-18.2289
-18.2328
-18.2399
-18.2392
-18.2474
-18.2514
-18.2737
-18.283
-18.3011
-18.3033
-18.3139
-18.3196
-18.3295
-18.3379
-18.3475
-18.3534
-18.3518
-18.3534
-18.3507
-18.3548
-18.3482
-18.3544
-18.3612
-18.3585
-18.3612
-18.363
-18.3508
-18.3441
-18.3452
-18.3365
-18.329
-18.3212
-18.32
-18.3143
-18.3171
-18.3112
-18.3066
-18.2956
-18.2843
-18.2707
-18.2608
-18.2552
-18.2508
-18.2494
-18.2447
-18.2393
-18.2326
-18.2318
-18.2319
-18.2291
-18.2338
-18.236
-18.2537
-18.2615
-18.278
-18.2886
-18.3007
-18.3079
-18.3212
-18.3262
-18.3332
-18.3409
-18.3521
-18.3595
-18.3703
-18.3766
-18.3793
-18.3796
-18.3805
-18.3796
-18.3838
-18.3719
-18.3675
-18.3618
-18.3592
-18.3563
-18.3473
-18.3483
-18.3325
-18.3274
-18.3136
-18.3005
-18.2945
-18.2915
-18.2818
-18.2723
-18.2662
-18.2572
-18.2604
-18.2601
-18.2617
-18.2582
-18.2585
-18.2583
-18.2606
-18.2656
-18.2722
-18.2824
-18.2951
-18.2934
-18.3019
-18.297
-18.2973
-18.2946
-18.301
-18.3028
-18.3117
-18.315
-18.3274
-18.3312
-18.3331
-18.3387
-18.3314
-18.3358
-18.3363
-18.3415
-18.3298
-18.3255
-18.329
-18.3248
-18.332
-18.3351
-18.3423
-18.332
-18.331
-18.3252
-18.3295
-18.3305
-18.3297
-18.3265
-18.3224
-18.3209
-18.3212
-18.3186
-18.3101
-18.2979
-18.2952
-18.2883
-18.29
-18.2892
-18.2911
-18.2949
-18.3044
-18.2962
-18.2963
-18.2902
-18.2763
-18.2682
-18.2577
-18.2592
-18.2605
-18.1809
-18.2476
-18.2354
-18.2558
-18.1672
-18.2378
-18.2443
-18.2797
-18.3025
-18.3188
-18.3309
-18.3196
-18.3189
-18.3144
-18.3114
-18.3151
-18.3188
-18.3172
-18.3022
-18.3072
-18.2921
-18.2094
-18.268
-18.2535
-18.2721
-18.2714
-18.2672
-18.2654
-18.259
-18.2648
-18.2624
-18.2565
-18.2491
-18.2517
-18.2558
-18.2595
-18.2668
-18.2711
-18.2735
-18.186
-18.2518
-18.2539
-18.2837
-18.3017
-18.3231
-18.3393
-18.3451
-18.3489
-18.355
-18.3584
-18.3554
-18.3561
-18.3544
-18.3512
-18.3409
-18.3391
-18.3268
-18.3156
-18.2206
-18.2847
-18.2678
-18.2833
-18.2758
-18.2898
-18.2947
-18.2901
-18.2924
-18.2918
-18.2944
-18.2887
-18.2854
-18.2792
-18.2738
-18.2707
-18.2652
-18.2664
-18.2557
-18.2539
-18.241
-18.2415
-18.2482
-18.2437
-18.2523
-18.2559
-18.2632
-18.2666
-18.2765
-18.1843
-18.2466
-18.2445
-18.1755
-18.2495
-18.2544
-18.2744
-18.2865
-18.2148
-18.2756
-18.2763
-18.2959
-18.2915
-18.293
-18.2918
-18.2878
-18.2833
-18.2776
-18.2698
-18.2743
-18.1808
-18.2481
-18.1591
-18.2544
-18.2616
-18.2968
-18.2227
-18.295
-18.2044
-18.1965
-18.2496
-18.2677
-18.2821
-18.2881
-18.2938
-18.2934
-18.299
-18.2125
-18.282
-18.2733
-18.2946
-18.3
-18.3069
-18.3156
-18.3212
-18.3145
-18.314
-18.3031
-18.2966
-18.1963
-18.2519
-18.2366
-18.243
-18.2302
-18.1377
-18.1873
-18.1769
-18.1948
-18.2048
-18.2199
-18.2314
-18.2336
-18.2365
-18.2383
-18.2319
-18.1407
-18.2062
-18.2044
-18.2328
-18.2522
-18.2717
-18.2874
-18.3022
-18.3094
-18.3147
-18.3201
-18.3248
-18.3175
-18.3156
-18.3139
-18.3152
-18.3007
-18.3053
-18.3029
-18.299
-18.2954
-18.2991
-18.2115
-18.282
-18.2856
-18.3066
-18.3128
-18.3159
-18.2204
-18.2861
-18.266
-18.2719
-18.2638
-18.2625
-18.2688
-18.2667
-18.2656
-18.2643
-18.2642
-18.2597
-18.2533
-18.2551
-18.2449
-18.2548
-18.2555
-18.2478
-18.2481
-18.2417
-18.2396
-18.225
-18.22
-18.223
-18.2186
-18.2205
-18.2184
-18.224
-18.218
-18.2367
-18.2388
-18.1573
-18.2128
-18.1969
-18.2135
-18.2101
-18.2101
-18.2114
-18.2101
-18.2134
-18.2108
-18.2228
-18.2227
-18.2222
-18.2249
-18.2243
-18.2307
-18.2389
-18.2437
-18.2424
-18.2426
-18.1612
-18.2261
-18.2228
-18.2444
-18.2585
-18.2731
-18.2826
-18.2846
-18.293
-18.2943
-18.2915
-18.2044
-18.266
-18.2544
-18.2663
-18.263
-18.2681
-18.2672
-18.2625
-18.2624
-18.2594
-18.2559
-18.2535
-18.2427
-18.2398
-18.1444
-18.1937
-18.1877
-18.1927
-18.1894
-18.191
-18.1834
-18.1792
-18.1699
-18.1646
-18.1672
-18.1704
-18.1715
-18.1756
-18.1801
-18.1841
-18.1983
-18.1301
-18.1937
-18.1991
-18.2205
-18.2369
-18.2498
-18.2561
-18.2573
-18.2611
-18.2613
-18.1769
-18.2291
-18.215
-18.2202
-18.207
-18.2068
-18.2061
-18.2006
-18.1989
-18.2026
-18.1975
-18.1952
-18.1996
-18.208
-18.2265
-18.2423
-18.2616
-18.2829
-18.2944
-18.3028
-18.3104
-18.3116
-18.305
-18.3006
-18.2946
-18.2819
-18.2693
-18.2695
-18.2754
-18.2757
-18.277
-18.28
-18.278
-18.28
-18.2864
-18.2776
-18.2814
-18.2819
-18.2901
-18.3008
-18.3069
-18.3009
-18.3018
-18.2977
-18.2948
-18.2875
-18.2804
-18.2683
-18.2587
-18.2432
-18.226
-18.2096
-18.1991
-18.1863
-18.17
-18.1561
-18.149
-18.1476
-18.1421
-18.1297
-18.1214
-18.1187
-18.1164
-18.1149
-18.1204
-18.1355
-18.1514
-18.1599
-18.1599
-18.1717
-18.1703
-18.1755
-18.1889
-18.1972
-18.2008
-18.2015
-18.2097
-18.2323
-18.2419
-18.2576
-18.281
-18.297
-18.3106
-18.3285
-18.3394
-18.3554
-18.3728
-18.3717
-18.3698
-18.3648
-18.36
-18.3591
-18.3555
-18.3518
-18.34
-18.3334
-18.3097
-18.2965
-18.2772
-18.2632
-18.2435
-18.2276
-18.1207
-18.1571
-18.1261
-18.1242
-18.1072
-18.1016
-18.0912
-18.0877
-18.0896
-18.0933
-18.0843
-18.0839
-18.0836
-18.0891
-18.1021
-18.1112
-18.1115
-18.1303
-18.1441
-18.1468
-18.1459
-18.1559
-18.1526
-18.0781
-18.1348
-18.137
-18.1621
-18.1762
-18.1895
-18.2082
-18.1527
-18.2284
-18.236
-18.2593
-18.271
-18.289
-18.3013
-18.3074
-18.3159
-18.2435
-18.3096
-18.3052
-18.3245
-18.324
-18.3222
-18.316
-18.3105
-18.3084
-18.3063
-18.2956
-18.2967
-18.2846
-18.2693
-18.2642
-18.2518
-18.2416
-18.2143
-18.1999
-18.183
-18.1659
-18.1469
-18.122
-18.1027
-18.0812
-18.0735
-18.0609
-18.0461
-18.0456
-18.0378
-18.0434
-18.0468
-18.0599
-18.0745
-18.0927
-18.1179
-18.1353
-18.1653
-18.1872
-18.2038
-18.2184
-18.2322
-18.2423
-18.2574
-18.1798
-18.2437
-18.2382
-18.2667
-18.2842
-18.2961
-18.3166
-18.3268
-18.3439
-18.3446
-18.3537
-18.354
-18.3633
-18.3449
-18.3463
-18.3429
-18.3413
-18.3348
-18.3277
-18.3163
-18.3125
-18.299
-18.2835
-18.2732
-18.2555
-18.2371
-18.2216
-18.2126
-18.1791
-18.1617
-18.1289
-18.0987
-18.0723
-18.0482
-18.0303
-18.023
-18.0176
-18.0095
-18.0133
-18.0152
-18.0144
-17.9323
-17.9952
-17.9947
-17.9332
-18.0106
-18.0234
-18.0593
-18.0788
-18.0933
-18.1052
-18.1253
-18.0538
-18.0469
-18.1111
-18.1336
-18.0826
-18.1602
-18.165
-18.2046
-18.2228
-18.2496
-18.2719
-18.2833
-18.2905
-18.2184
-18.2846
-18.2835
-18.3153
-18.3209
-18.3355
-18.3322
-18.3299
-18.3224
-18.2371
-18.2829
-18.2667
-18.1906
-18.2341
-18.2066
-18.1957
-18.1817
-18.165
-18.1421
-18.1234
-18.1017
-18.0857
-18.0737
-18.0673
-18.0491
-18.043
-18.0372
-18.0341
-18.0377
-18.0362
-18.0417
-18.0386
-18.0405
-18.031
-18.0358
-18.0338
-18.0415
-18.0364
-18.0447
-18.0508
-18.0678
-18.0833
-18.1066
-18.1292
-18.1442
-18.1588
-18.1737
-18.1964
-18.2182
-18.2429
-18.2581
-18.2666
-18.2852
-18.301
-18.3039
-18.3053
-18.3058
-18.2985
-18.2984
-18.2958
-18.2849
-18.29
-18.2986
-18.2968
-18.2977
-18.2939
-18.2936
-18.2797
-18.2617
-18.1609
-18.2056
-18.187
-18.1915
-18.1787
-18.1699
-18.1697
-18.1706
-18.1593
-18.1498
-18.1391
-18.1306
-18.1127
-18.0267
-18.084
-18.0714
-18.0808
-18.0689
-18.0585
-18.0504
-18.0486
-18.0433
-18.039
-18.03
-18.0232
-18.0181
-18.0242
-18.0319
-18.0468
-18.0635
-18.077
-18.104
-18.1213
-18.1534
-18.184
-18.2045
-18.2215
-18.2355
-18.2424
-18.2588
-18.2785
-18.2907
-18.3014
-18.3169
-18.321
-18.3403
-18.344
-18.3413
-18.3357
-18.3359
-18.3262
-18.3074
-18.3001
-18.2937
-18.2836
-18.1891
-18.2394
-18.2203
-18.2311
-18.2275
-18.2151
-18.2017
-18.1796
-18.1722
-18.1522
-18.1419
-18.1254
-18.1046
-17.996
-18.0342
-18.0052
-17.9147
-17.9638
-17.9456
-17.9696
-17.9812
-18.0128
-18.0276
-18.0445
-18.0639
-18.0854
-18.1023
-18.1008
-18.1165
-18.1209
-18.1302
-18.1488
-18.1687
-18.1916
-18.2223
-18.2375
-18.2605
-18.2796
-18.3075
-18.3298
-18.3546
-18.3675
-18.3869
-18.392
-18.4011
-18.4133
-18.4184
-18.4242
-18.4337
-18.4321
-18.4219
-18.4223
-18.4131
-18.3971
-18.3724
-18.266
-18.3136
-18.2834
-18.2861
-18.2713
-18.2572
-18.2451
-18.2276
-18.2123
-18.192
-18.1745
-18.1541
-18.1355
-18.1245
-18.1255
-18.1231
-18.1244
-18.1315
-18.1399
-18.1512
-18.1649
-18.173
-18.1889
-18.2059
-18.2154
-18.2428
-18.2522
-18.2571
-18.1702
-18.2313
-18.2255
-18.2483
-18.2636
-18.282
-18.3062
-18.3301
-18.3631
-18.396
-18.4223
-18.4626
-18.4953
-18.5279
-18.5592
-18.5857
-18.6037
-18.625
-18.6329
-18.6463
-18.6516
-18.6547
-18.5699
-18.6335
-18.6193
-18.6402
-18.646
-18.6513
-18.6586
-18.585
-18.6457
-18.6369
-18.6443
-18.6452
-18.6486
-18.6577
-18.6613
-18.6736
-18.6099
-18.6732
-18.6691
-18.6852
-18.6921
-18.6983
-18.6994
-18.7083
-18.7261
-18.7345
-18.7317
-18.7384
-18.7368
-18.7422
-18.7571
-18.7642
-18.7732
-18.7797
-18.7842
-18.7932
-18.8041
-18.8098
-18.824
-18.8386
-18.8475
-18.8671
-18.8845
-18.9175
-18.9515
-18.9837
-19.0178
-19.0481
-19.0819
-19.1188
-19.1525
-19.1849
-19.2162
-19.2511
-19.296
-19.3334
-19.3685
-19.4014
-19.4328
-19.468
-19.498
-19.4486
-19.5457
-19.4928
-19.5226
-19.6087
-19.656
-19.7208
-19.7562
-19.7927
-19.8234
-19.8594
-19.8958
-19.921
-19.9525
-19.989
-20.0133
-20.0534
-20.0823
-20.1325
-20.1599
-20.1954
-20.2208
-20.2573
-20.2894
-20.328
-20.3613
-20.3991
-20.4301
-20.4597
-20.4911
-20.5269
-20.5659
-20.5964
-20.6221
-20.6566
-20.6926
-20.6589
-20.7684
-20.8168
-20.8957
-20.9615
-21.0306
-21.0988
-21.1683
-21.2472
-21.3202
-21.3126
-21.4434
-21.5202
-21.6207
-21.7069
-21.7919
-21.8729
-21.953
-22.03
-22.1118
-22.1911
-22.2721
-22.3609
-22.4392
-22.5198
-22.5934
-22.6742
-22.7573
-22.8398
-22.9219
-23.0017
-23.0869
-23.1775
-23.2698
-23.2792
-23.414
-23.491
-23.5987
-23.6991
-23.7968
-23.8955
-23.9905
-24.0841
-24.1892
-24.2909
-24.3968
-24.5064
-24.6174
-24.7242
-24.756
-24.9261
-25.0538
-25.2133
-25.3646
-25.5306
-25.698
-25.8615
-26.0382
-26.1492
-26.4028
-26.6019
-26.8175
-27.0148
-27.2173
-27.42
-27.626
-27.8504
-28.069
-28.2881
-28.5055
-28.7203
-28.927
-29.1184
-29.3122
-29.5029
-29.6786
-29.8521
-30.0237
-30.1629
-30.3148
-30.4569
-30.6008
-30.7418
-30.8826
-31.0238
-31.1532
-31.2793
-31.4083
-31.5406
-31.6702
-31.7984
-31.9356
-32.0949
-32.2485
-32.4219
-32.6016
-32.7809
-32.9687
-33.1651
-33.3741
-33.5901
-33.8139
-34.0609
-34.3155
-34.5814
-34.8453
-35.1292
-35.4138
-35.7034
-35.928
-36.2661
-36.5505
-36.8528
-37.1482
-37.4509
-37.7397
-38.0356
-38.3176
-38.6147
-38.907
-39.2024
-39.5088
-39.8146
-40.128
-40.3942
-40.7671
-41.118
-41.5041
-41.8651
-42.2287
-42.576
-42.9201
-43.2624
-43.5934
-43.9124
-44.2259
-44.5286
-44.7693
-45.0916
-45.336
-45.6587
-45.9341
-46.2242
-46.5061
-46.7879
-47.0722
-47.3502
-47.6264
-47.8932
-48.1629
-48.4475
-48.7211
-49.0026
-49.2778
-49.5474
-49.8176
-50.0902
-50.309
-50.6152
-50.8732
-51.1567
-51.4245
-51.6984
-51.9683
-52.252
-52.5208
-52.8014
-53.0856
-53.3779
-53.6721
-53.9714
-54.2928
-54.6039
-54.9347
-55.2717
-55.6291
-55.9978
-56.3696
-56.7298
-57.1035
-57.4736
-57.8237
-58.1783
-58.5365
-58.8834
-59.2151
-59.5447
-59.8391
-60.1774
-60.4936
-60.8266
-61.1509
-61.4731
-61.7749
-62.0771
-62.3698
-62.664
-62.9688
-63.2821
-63.5935
-63.893
-64.1825
-64.4662
-64.7429
-65.0148
-65.2819
-65.5478
-65.8089
-66.0721
-66.3303
-66.5965
-66.8604
-67.1283
-67.3869
-67.6457
-67.8947
-68.1582
-68.4094
-68.6609
-68.9108
-69.1534
-69.3957
-69.6413
-69.8849
-70.1166
-70.3534
-70.5832
-70.8151
-71.0383
-71.2578
-71.4674
-71.6819
-71.8979
-72.1207
-72.3443
-72.6208
-72.8625
-73.1
-73.3259
-73.5596
-73.789
-74.0224
-74.2517
-74.4909
-74.7392
-74.9784
-75.2269
-75.4711
-75.7191
-75.9551
-76.1955
-76.442
-76.7
-76.9492
-77.1961
-77.4352
-77.6832
-77.9247
-78.1728
-78.4158
-78.6452
-78.8805
-79.1038
-79.3342
-79.5564
-79.785
-80.0089
-80.2346
-80.4522
-80.6695
-80.8792
-81.0952
-81.3125
-81.5257
-81.7471
-81.9578
-82.1642
-82.3692
-82.575
-82.7793
-82.9864
-83.1911
-83.3916
-83.5889
-83.7858
-83.9798
-84.1826
-84.3821
-84.5814
-84.7799
-84.9718
-85.1581
-85.3428
-85.5186
-85.6907
-85.8608
-86.0241
-86.1935
-86.3585
-86.5271
-86.6916
-86.8554
-87.0165
-87.17
-87.3238
-87.4771
-87.6318
-87.7846
-87.9318
-88.0791
-88.2154
-88.3449
-88.4689
-88.5907
-88.7106
-88.8287
-88.9486
-89.0601
-89.1616
-89.2628
-89.3635
-89.4593
-89.551
-89.6354
-89.7225
-89.8085
-89.8969
-89.9771
-90.046
-90.1069
-90.1713
-90.2318
-90.2982
-90.3541
-90.4066
-90.4539
-90.499
-90.5476
-90.5975
-90.6407
-90.688
-90.7299
-90.7785
-90.8203
-90.8636
-90.909
-90.9549
-91.0036
-91.0497
-91.0991
-91.1453
-91.1959
-91.2434
-91.296
-91.3516
-91.4095
-91.4632
-91.5185
-91.5802
-91.6373
-91.6937
-91.7524
-91.8159
-91.8732
-91.9312
-91.9863
-92.0453
-92.108
-92.1631
-92.2156
-92.2681
-92.3209
-92.3739
-92.4262
-92.4806
-92.5333
-92.5851
-92.6375
-92.6795
-92.7293
-92.7747
-92.8232
-92.8656
-92.9098
-92.9512
-92.9956
-93.0426
-93.0942
-93.145
-93.1946
-93.2496
-93.3036
-93.3651
-93.4258
-93.4856
-93.5477
-93.6142
-93.6792
-93.7497
-93.8158
-93.8919
-93.9673
-94.0469
-94.1266
-94.211
-94.2987
-94.3777
-94.4588
-94.5379
-94.6154
-94.6915
-94.7755
-94.8607
-94.9471
-95.0273
-95.1087
-95.1872
-95.2664
-95.344
-95.4317
-95.5172
-95.6018
-95.6851
-95.7713
-95.8559
-95.9403
-96.0223
-96.1015
-96.1735
-96.2478
-96.315
-96.3848
-96.4476
-96.5086
-96.5691
-96.6228
-96.6773
-96.73
-96.7814
-96.834
-96.8891
-96.9442
-96.9976
-97.0529
-97.1137
-97.1704
-97.2345
-97.2943
-97.3575
-97.4142
-97.4706
-97.5302
-97.5848
-97.6385
-97.6908
-97.7421
-97.7921
-97.8405
-97.8864
-97.9321
-97.9756
-98.0162
-98.0584
-98.0978
-98.1355
-98.1679
-98.1946
-98.2198
-98.2428
-98.2643
-98.2809
-98.3016
-98.3163
-98.3311
-98.3383
-98.3439
-98.3508
-98.3634
-98.3737
-95.8423
-97.5511
-97.2788
-97.7569
-97.8301
-98.0174
-98.1047
-98.1952
-98.2531
-98.2994
-98.3355
-98.3605
-98.38
-98.3972
-98.4087
-98.4146
-98.4137
-98.4099
-98.4052
-98.3958
-98.3876
-98.381
-98.3754
-98.371
-98.3657
-98.3569
-98.3515
-98.3436
-98.3402
-98.334
-98.33
-98.3279
-98.3225
-98.318
-98.3158
-98.3115
-98.3058
-98.3022
-98.2977
-98.2972
-98.298
-98.2991
-98.3047
-98.3126
-98.326
-98.3363
-98.3443
-98.3538
-98.3612
-98.3694
-98.375
-98.3773
-98.3844
-98.3904
-98.3989
-98.4078
-98.421
-98.4316
-98.4384
-98.4449
-98.4508
-98.455
-98.4605
-98.465
-98.4691
-98.4766
-98.483
-98.4885
-98.4963
-98.5048
-98.5169
-98.525
-98.5324
-98.5403
-98.5509
-98.5608
-98.5693
-98.5798
-98.5935
-98.6017
-98.6104
-98.6175
-98.625
-98.6297
-98.6332
-98.6365
-98.6384
-98.6441
-98.6477
-98.6491
-98.6518
-98.6533
-98.6583
-98.6605
-98.6678
-98.6765
-98.6848
-98.6922
-98.7028
-98.7129
-98.7208
-98.7264
-98.7324
-98.7372
-98.7385
-98.7439
-98.7499
-98.7631
-98.7748
-98.7854
-98.7985
-98.8108
-98.8223
-98.8296
-98.8362
-98.8466
-98.852
-98.857
-98.8645
-98.8675
-98.8751
-98.8739
-98.875
-98.8785
-98.8778
-98.8787
-98.8794
-98.883
-98.8871
-98.8906
-98.8909
-98.8928
-98.8943
-98.8915
-98.8903
-98.886
-98.8802
-98.8752
-98.8672
-98.8586
-98.8496
-98.835
-98.8205
-98.8056
-98.7889
-98.7745
-98.7615
-98.7511
-98.7405
-98.7264
-98.7124
-98.6983
-98.6823
-98.6679
-98.653
-98.639
-98.6242
-98.6083
-98.5944
-98.5789
-98.5595
-98.5424
-98.5224
-98.5053
-98.4855
-98.4689
-98.4512
-98.4324
-98.4167
-98.4002
-98.3848
-98.3669
-98.3543
-98.3371
-98.3236
-98.3074
-98.2939
-98.2779
-98.2664
-98.2532
-98.2405
-98.2292
-98.2257
-98.2159
-98.2101
-98.202
-98.1943
-98.1906
-98.1865
-98.1836
-98.1827
-98.183
-98.1835
-98.1851
-98.1855
-98.189
-98.1908
-98.1954
-98.193
-98.1913
-98.1856
-98.1815
-98.1814
-98.1803
-98.1814
-98.1806
-98.1805
-98.179
-98.1791
-98.1787
-98.1791
-98.1816
-98.1797
-98.1825
-98.1825
-98.1854
-98.1892
-98.1958
-98.1992
-98.2028
-98.2111
-98.2161
-98.2225
-98.2285
-98.2397
-98.2468
-98.2569
-98.2635
-98.2689
-98.2738
-98.2804
-98.2845
-98.2851
-98.2885
-98.2903
-98.2914
-98.291
-98.2941
-98.2971
-98.2983
-98.3013
-98.3032
-98.3064
-98.3093
-98.3145
-98.318
-98.3204
-98.3263
-98.3298
-98.3325
-98.3301
-98.3325
-98.3273
-98.328
-98.3269
-98.3253
-98.3228
-98.3217
-98.3186
-98.3114
-98.3055
-98.2977
-98.2873
-98.2766
-98.2632
-98.2485
-98.2359
-98.225
-98.2153
-98.2016
-98.1914
-98.1756
-98.1617
-98.1494
-98.1354
-98.1258
-98.1144
-98.1047
-98.0963
-98.0846
-98.0778
-98.0644
-98.0561
-98.0441
-98.0367
-98.0284
-98.0211
-98.012
-98.0032
-97.9959
-97.9885
-97.9792
-97.9703
-97.96
-97.953
-97.9428
-97.936
-97.9255
-97.9193
-97.9102
-97.9038
-97.8962
-97.8888
-97.8836
-97.8829
-97.8813
-97.8843
-97.8869
-97.8916
-97.901
-97.9086
-97.9141
-97.9208
-97.929
-97.9403
-97.9482
-97.9561
-97.9652
-97.9773
-97.9904
-98.0082
-98.0224
-98.0392
-98.0533
-98.0688
-98.0835
-98.1018
-98.1172
-98.1333
-98.1511
-98.1701
-98.1908
-98.2129
-98.2366
-98.2598
-98.2855
-98.306
-98.3273
-98.3482
-98.373
-98.3953
-98.4213
-98.4429
-98.4657
-98.4882
-98.509
-98.5278
-98.5456
-98.5645
-98.5836
-98.6057
-98.6263
-98.6477
-98.672
-98.6956
-98.7154
-98.7355
-98.7567
-98.7784
-98.798
-98.8263
-98.8463
-98.8759
-98.9006
-98.9301
-98.9599
-98.9857
-99.0092
-99.032
-99.0559
-99.0785
-99.1012
-99.1207
-99.1419
-99.1652
-99.1873
-99.2104
-99.2294
-99.2561
-99.2752
-99.293
-99.313
-99.3345
-99.3558
-99.3752
-99.3948
-99.4127
-99.4298
-99.4482
-99.4666
-99.4853
-99.5042
-99.526
-99.5453
-99.5672
-99.5921
-99.6154
-99.6351
-99.654
-99.6738
-99.6921
-99.7099
-99.7301
-99.7459
-99.7633
-99.7834
-99.8017
-99.8207
-99.841
-99.8587
-99.8815
-99.9039
-99.9207
-99.9444
-99.9694
-99.9932
-100.015
-100.04
-100.062
-100.085
-100.111
-100.138
-100.166
-100.193
-100.223
-100.257
-100.29
-100.323
-100.357
-100.394
-100.435
-100.474
-100.516
-100.568
-100.612
-100.66
-100.705
-100.75
-100.794
-100.838
-100.885
-100.921
-100.962
-100.997
-101.033
-101.068
-101.102
-101.136
-101.169
-101.2
-101.232
-101.262
-101.293
-101.322
-101.353
-101.385
-101.421
-101.456
-101.493
-101.53
-101.56
-101.594
-101.621
-101.654
-101.682
-101.712
-101.744
-101.779
-101.812
-101.845
-101.88
-101.911
-101.944
-101.979
-102.021
-102.06
-102.1
-102.141
-102.183
-102.223
-102.269
-102.319
-102.367
-102.415
-102.461
-102.503
-102.546
-102.59
-102.636
-102.675
-102.712
-102.75
-102.788
-102.824
-102.862
-102.894
-102.923
-102.952
-102.978
-103.004
-103.025
-103.047
-103.066
-103.084
-103.104
-103.12
-103.131
-103.145
-103.157
-103.168
-103.182
-103.19
-103.203
-103.211
-103.222
-103.23
-103.241
-103.252
-103.264
-103.272
-103.282
-103.288
-103.294
-103.299
-103.3
-103.302
-103.185
-103.1
-103.005
-102.888
-102.767
-102.644
-102.512
-102.393
-102.292
-102.185
-102.079
-101.978
-101.88
-101.792
-101.726
-101.656
-101.6
-101.547
-101.517
-101.501
-101.482
-101.477
-101.488
-101.511
-101.552
-101.604
-101.68
-101.762
-101.855
-101.963
-102.096
-102.242
-102.387
-102.52
-102.642
-102.764
-102.89
-103.011
-103.131
-103.266
-103.393
-103.517
-103.639
-103.751
-103.873
-103.963
-104.065
-104.145
-104.217
-104.284
-104.334
-104.392
-104.435
-104.483
-104.514
-104.534
-104.534
-104.521
-104.501
-104.454
-104.406
-104.348
-104.291
-104.214
-104.135
-104.029
-103.924
-103.804
-103.694
-103.573
-103.447
-103.314
-103.159
-102.995
-102.824
-102.669
-102.508
-102.338
-102.161
-101.996
-101.799
-101.619
-101.424
-101.246
-101.044
-100.867
-100.675
-100.491
-100.326
-100.146
-99.9783
-99.8146
-99.6438
-99.4694
-99.3135
-99.1561
-99.0136
-98.8607
-98.7266
-98.5773
-98.4363
-98.2986
-98.177
-98.0652
-97.9603
-97.8675
-97.778
-97.7185
-97.6615
-97.5996
-97.5546
-97.5131
-97.4857
-97.4497
-97.4204
-97.4192
-97.3994
-97.3833
-97.362
-97.3358
-97.3033
-97.2682
-97.2397
-97.1974
-97.1579
-97.1133
-97.0521
-97.0032
-96.9427
-96.8869
-96.831
-96.7915
-96.7359
-96.6822
-96.627
-96.5584
-96.4933
-96.4162
-96.3313
-96.2331
-96.1374
-96.0337
-95.929
-95.8072
-95.6923
-95.5668
-95.4578
-95.3319
-95.2001
-95.0554
-94.8988
-94.7246
-94.5493
-94.3618
-94.1755
-93.9709
-93.7819
-93.5669
-93.3693
-93.163
-92.9511
-92.7295
-92.5105
-92.2893
-92.0607
-91.8409
-91.6165
-91.3984
-91.1757
-90.9407
-90.7083
-90.4824
-90.2556
-90.0388
-89.7992
-89.5583
-89.3102
-89.0671
-88.8309
-88.5857
-88.3506
-88.1198
-87.8874
-87.6702
-87.4511
-87.2206
-87.0049
-86.7823
-86.542
-86.3179
-86.0884
-85.8589
-85.6335
-85.4217
-85.2108
-85.0112
-84.8223
-84.637
-84.4714
-84.3023
-84.1476
-83.993
-83.8414
-83.6871
-83.5261
-83.3884
-83.2395
-83.0821
-82.9213
-82.7566
-82.6055
-82.4465
-82.2843
-82.1318
-81.9583
-81.7965
-81.6325
-81.4631
-81.2871
-81.1157
-80.9448
-80.7643
-80.5888
-80.3959
-80.21
-80.0049
-79.8035
-79.5954
-79.3939
-79.1749
-78.9566
-78.7143
-78.4662
-78.2091
-77.951
-77.6772
-77.3833
-77.0752
-76.7512
-76.4277
-76.0786
-75.7388
-75.3839
-75.0213
-74.6582
-74.2891
-73.9199
-73.5345
-73.155
-72.7571
-72.3492
-71.9564
-71.5387
-71.1203
-70.6973
-70.2718
-69.8612
-69.4472
-69.0443
-68.6418
-68.2282
-67.8036
-67.3761
-66.9444
-66.5046
-66.0494
-65.6088
-65.148
-64.6833
-64.2255
-63.7845
-63.3488
-62.9149
-62.495
-62.0772
-61.6679
-61.2714
-60.8745
-60.4736
-60.0698
-59.6659
-59.2337
-58.7929
-58.338
-57.8876
-57.4232
-56.9562
-56.4878
-56.0243
-55.5671
-55.1076
-54.6643
-54.2303
-53.7916
-53.3541
-52.8978
-52.4461
-51.9741
-51.4913
-51.0223
-50.5479
-50.0783
-49.6075
-49.1402
-48.6705
-48.2019
-47.7452
-47.2822
-46.8109
-46.3414
-45.8552
-45.3529
-44.8369
-44.2993
-43.7601
-43.1895
-42.6278
-42.0596
-41.5026
-40.9308
-40.3885
-39.8761
-39.4015
-38.9013
-38.4134
-37.9069
-37.367
-36.7957
-36.2181
-35.6197
-35.0092
-34.3904
-33.7899
-33.2007
-32.6059
-32.0198
-31.4305
-30.8337
-30.2373
-29.6486
-29.063
-28.4681
-27.8957
-27.3255
-26.7666
-26.1943
-25.641
-25.0847
-24.5238
-23.9399
-23.3733
-22.7903
-22.2174
-21.6505
-21.0805
-20.5307
-19.9627
-19.3934
-18.8193
-18.2379
-17.6572
-17.0842
-16.4934
-15.9174
-15.3322
-14.7554
-14.1911
-13.633
-13.0741
-12.498
-11.9319
-11.37
-10.7904
-10.1868
-9.60578
-9.00645
-8.42794
-7.839
-7.25744
-6.67983
-6.10728
-5.54538
-4.98177
-4.42174
-3.85344
-3.28718
-2.7057
-2.15239
-1.59818
-1.05341
-0.503928
0.0322638
0.576513
1.14138
1.68864
2.23788
2.79242
3.35667
3.91991
4.47496
5.01377
5.5426
6.07122
6.58952
7.10341
7.60505
8.10868
8.63094
9.15666
9.68892
10.2107
10.75
11.2807
11.8217
12.3442
12.8575
13.3458
13.835
14.3037
14.7709
15.241
15.7082
16.1737
16.6336
17.0996
17.566
18.0415
18.5139
19.0007
19.478
19.9404
20.393
20.8412
21.2843
21.7267
22.1739
22.616
23.0539
23.4865
23.9266
24.36
24.8149
25.258
25.708
26.1417
26.5967
27.019
27.4587
27.8713
28.2925
28.6999
29.1051
29.5243
29.9087
30.3112
30.6975
31.0942
31.4743
31.8749
32.2644
32.6476
33.0276
33.4278
33.8064
34.1871
34.5601
34.9315
35.2681
35.6026
35.9398
36.2522
36.5612
36.8623
37.1571
37.4533
37.7485
38.0412
38.3244
38.6147
38.896
39.1783
39.4761
39.7558
40.039
40.3187
40.5984
40.8695
41.1486
41.4166
41.676
41.9423
42.1888
42.4356
42.6713
42.9089
43.1295
43.3479
43.5631
43.7763
43.9831
44.1895
44.3929
44.6768
44.8959
45.126
45.3432
45.559
45.7666
45.9713
46.1699
46.366
46.565
46.7605
46.9602
47.1549
47.359
47.5584
47.7608
47.9587
48.1571
48.3394
48.5284
48.7091
48.8917
49.0693
49.245
49.4168
49.5873
49.7575
49.9194
50.076
50.2307
50.3823
50.5341
50.6798
50.8221
50.9637
51.1046
51.2412
51.3806
51.5083
51.642
51.7761
51.9082
52.0393
52.1706
52.3022
52.4314
52.5608
52.6862
52.8126
52.9429
53.0759
53.2093
53.346
53.4832
53.6212
53.7591
53.8988
54.0399
54.1827
54.3218
54.4638
54.608
54.7523
54.8974
55.0376
55.183
55.3193
55.4571
55.5918
55.7314
55.8684
56.0054
56.1441
56.2763
56.4138
56.5407
56.6724
56.7992
56.9267
57.0571
57.1891
57.3167
57.4506
57.5817
57.7136
57.8454
57.9709
58.0993
58.2233
58.3451
58.4675
58.5907
58.7096
58.8342
58.9558
59.0734
59.1932
59.3173
59.4441
59.5716
59.6955
59.8214
59.9451
60.0736
60.2006
60.3319
60.4659
60.6035
60.7388
60.8731
61.004
61.1315
61.2613
61.3876
61.5161
61.6357
61.7575
61.8801
62.0078
62.1307
62.2599
62.3794
62.4946
62.6061
62.7151
62.8235
62.9353
63.0466
63.1635
63.2716
63.3782
63.4822
63.5772
63.6699
63.761
63.8477
63.9358
64.0186
64.1017
64.182
64.2587
64.3283
64.3961
64.4648
64.5308
64.5927
64.6574
64.7151
64.778
64.8329
64.8895
64.9444
64.9956
65.0462
65.0914
65.136
65.1745
65.2129
65.2462
65.2795
65.3091
65.3362
65.3637
65.3849
65.4104
65.4364
65.4611
65.4827
65.5047
65.5262
65.5474
65.5665
65.5844
65.6036
65.6198
65.6321
65.6434
65.6508
65.6573
65.6573
65.6578
65.6533
65.6526
65.6467
65.6418
65.6307
65.6226
65.6124
65.6018
65.5847
65.5692
65.5484
65.5326
65.5131
65.4972
65.4821
65.4661
65.4541
65.4409
65.427
65.4135
65.4002
65.3874
65.3763
65.3632
65.3494
65.3403
65.326
65.3134
65.2898
65.266
65.2406
65.217
65.1951
65.1734
65.1544
65.1324
65.1098
65.0864
65.0696
65.0528
65.037
65.0247
65.0144
65.0075
65.0016
64.9932
64.9897
64.9836
64.9827
64.9837
64.9861
64.9885
64.9917
64.9958
64.9993
64.9989
65.0004
64.9981
64.9951
64.9873
64.9883
64.9898
64.9909
64.9922
64.9917
64.993
64.993
64.9918
64.9915
64.9917
64.9891
64.9882
64.9816
64.9764
64.9676
64.9594
64.9512
64.9458
64.9465
64.9421
64.9391
64.9333
64.931
64.9219
64.917
64.9098
64.9035
64.889
64.8735
64.8552
64.839
64.8154
64.7979
64.774
64.7513
64.7291
64.7036
64.6758
64.6486
64.6239
64.5927
64.5582
64.5221
64.4855
64.4496
64.416
64.3809
64.3431
64.3002
64.2583
64.2178
64.175
64.1343
64.0924
64.0498
64.0024
63.9547
63.9016
63.8515
63.7881
63.7274
63.6576
63.5942
63.5248
63.4605
63.3988
63.3289
63.2537
63.1812
63.1046
63.0293
62.9488
62.8756
62.7981
62.7235
62.6432
62.5681
62.4888
62.4155
62.3355
62.2555
62.1737
62.0895
62.0109
61.9425
61.8798
61.8171
61.7621
61.7089
61.6612
61.6258
61.5917
61.5639
61.5401
61.5226
61.506
61.4932
61.4841
61.4776
61.4717
61.467
61.4616
61.4617
61.4575
61.4563
61.4518
61.4476
61.4403
61.4387
61.4313
61.4225
61.4117
61.3995
61.3867
61.374
61.3608
61.3534
61.3379
61.3214
61.3002
61.2782
61.2484
61.2197
61.1898
61.1599
61.128
61.0947
61.0634
61.0273
60.9909
60.9529
60.9187
60.8814
60.8411
60.7954
60.7532
60.6956
60.6453
60.5906
60.5328
60.478
60.4174
60.3552
60.2905
60.2224
60.1566
60.0927
60.0271
59.9692
59.9078
59.8405
59.7784
59.7087
59.6479
59.5831
59.5242
59.4596
59.4004
59.3365
59.2738
59.2159
59.1539
59.1015
59.0415
58.9751
58.9116
58.8553
58.7917
58.7237
58.6397
58.5554
58.4643
58.371
58.2876
58.2123
58.1498
58.0971
58.0636
58.0437
58.0462
58.0589
58.0938
58.1296
58.1796
58.2441
58.3188
58.4052
58.4793
58.5778
58.6698
58.7747
58.8799
58.9986
59.0994
59.196
59.3033
59.4148
59.5349
59.6652
59.7895
59.914
60.0322
60.1528
60.2619
60.3749
60.489
60.6011
60.7018
60.7953
60.8865
60.9694
61.0539
61.1392
61.2243
61.3037
61.3836
61.452
61.5276
61.5957
61.6674
61.7379
61.8067
61.8754
61.9499
62.0246
62.0973
62.1751
62.2557
62.3336
62.4128
62.5082
62.5957
62.6827
62.7908
62.8937
62.9996
63.1024
63.1967
63.2864
63.3685
63.4412
63.5079
63.559
63.6045
63.6384
63.6646
63.679
63.6815
63.6771
63.6574
63.6351
63.6004
63.5568
63.4927
63.4258
63.3439
63.2763
63.1871
63.1091
63.0351
62.9539
62.8552
62.7653
62.6751
62.5998
62.5037
62.4236
62.3346
62.2527
62.1766
62.1072
62.0505
61.9942
61.9499
61.9049
61.8623
61.8187
61.7763
61.7348
61.6971
61.6607
61.6202
61.5719
61.5255
61.4795
61.4349
61.3954
61.3531
61.302
61.2535
61.2048
61.1589
61.1174
61.0689
61.0172
60.9639
60.9101
60.8507
60.7986
60.7472
60.6971
60.6566
60.6093
60.564
60.5149
60.479
60.4369
60.4022
60.3604
60.3255
60.2777
60.2364
60.1907
60.1477
60.1089
60.067
60.03
59.9942
59.9595
59.9244
59.8979
59.8712
59.8456
59.8251
59.7999
59.7767
59.7588
59.7457
59.7335
59.7233
59.707
59.6955
59.6878
59.6862
59.6865
59.6897
59.6947
59.7036
59.7153
59.7266
59.741
59.7474
59.7547
59.7653
59.7732
59.7804
59.7954
59.8091
59.8288
59.8537
59.8846
59.9301
59.988
60.0466
60.104
60.1751
60.2396
60.3276
60.4212
60.527
60.6431
60.7777
60.8965
61.0401
61.181
61.3487
61.5268
61.7028
61.9009
62.0874
62.2859
62.484
62.7127
62.94
63.166
63.3813
63.5957
63.8164
64.0379
64.2576
64.4765
64.6816
64.869
65.0621
65.2401
65.4303
65.6413
66.1308
66.1573
66.3779
66.5339
66.7022
66.884
67.0607
67.2475
67.4163
67.596
67.7455
67.9056
68.0545
68.2103
68.3598
68.5023
68.6221
68.7417
68.8515
68.9672
69.0721
69.1681
69.2489
69.3258
69.3942
69.4503
69.5057
69.5513
69.5942
69.6228
69.6481
69.6625
69.6647
69.662
69.6372
69.6062
69.5584
69.5043
69.4381
69.37
69.3027
69.2167
69.1104
69.0106
68.9116
68.7956
68.6891
68.5563
68.3898
68.2333
68.0836
67.9514
67.8106
67.671
67.515
67.3765
67.2428
67.1214
67.0041
66.8969
66.7899
66.6944
66.5941
66.4882
66.3849
66.2827
66.1865
66.0971
66.0176
65.9363
65.858
65.6532
65.4839
65.2876
65.0817
64.8766
64.6012
64.3583
64.0855
63.8434
63.5548
63.3046
63.0135
62.7211
62.4105
62.151
61.877
61.6491
61.4106
61.2136
61.0143
60.8632
60.72
60.609
60.5147
60.4549
60.4213
60.4019
60.4283
60.4484
60.4851
60.5267
60.6038
60.7169
60.8283
60.9692
61.1009
61.2736
61.438
61.656
61.8962
62.2418
62.5991
62.9146
63.2485
63.5532
63.9177
64.3419
64.7416
65.2021
65.6168
65.9876
66.4568
66.7829
67.1145
67.37
67.6304
67.8381
68.0252
68.184
68.3086
68.4195
68.508
68.592
68.6522
68.706
68.7486
68.7809
68.8018
68.8113
68.8083
68.7959
68.7688
68.7358
68.6903
68.633
68.5706
68.5013
68.4299
68.3446
68.2551
68.1563
68.0533
67.9403
67.8239
67.7019
67.5805
67.3156
67.1206
66.8722
66.6377
66.387
66.1518
65.9024
65.6563
65.3845
65.1218
64.8316
64.5229
64.1981
63.8653
63.5095
63.1472
62.7643
62.3924
61.9823
61.6013
61.2392
60.876
60.5532
60.2176
59.9142
59.5822
59.2563
58.9279
58.6224
58.2697
57.9695
57.6436
57.3267
57.0294
56.7311
56.4245
56.1468
55.8317
55.5559
55.2608
54.9871
54.7231
54.4553
54.1754
53.9122
53.6428
53.3948
53.1435
52.9159
52.706
52.5211
52.3645
52.2419
52.1534
52.1067
52.0964
52.0802
52.0963
52.101
52.1395
52.1596
52.2152
52.2784
52.3217
52.4027
52.4533
52.5584
52.6295
52.7499
52.837
52.9637
53.0662
53.205
53.4074
53.5989
53.7994
53.9611
54.1228
54.2457
54.3836
54.4957
54.6217
54.7325
54.8497
54.9365
55.0363
55.1112
55.2123
55.2811
55.3647
55.4235
55.5033
55.5526
55.6063
55.6686
55.7247
55.7379
55.7302
55.7301
55.6681
55.5967
55.4874
55.3639
55.2418
55.0943
54.9446
54.7645
54.5777
54.3864
54.188
53.9935
53.7816
53.5588
53.3141
53.0444
52.7626
52.4966
52.1882
51.8852
51.5267
51.1613
50.773
50.3831
49.953
49.4942
49.0311
48.5191
48.0265
47.4969
46.9958
46.4506
45.9163
45.3414
44.7916
44.1899
43.5699
42.9268
42.2999
41.6885
41.0833
40.5166
39.9526
39.4294
38.8982
38.3902
37.8516
37.3416
36.7996
36.2712
35.7153
35.152
34.568
34.01
33.3786
32.7836
32.1595
31.5466
30.9545
30.5523
29.9651
29.5272
29.2198
28.7535
28.4216
28.0842
27.7754
27.4815
27.1904
26.9259
26.6664
26.4311
26.2105
25.985
25.7918
25.7468
25.4807
25.332
25.1558
24.9764
24.7963
24.609
24.4578
24.3016
24.1861
24.1143
24.0352
23.9711
23.8817
23.8098
23.7093
23.6294
23.5938
23.5082
23.4318
23.3125
23.1755
23.0328
22.8485
22.6707
22.478
22.2767
22.0537
21.8443
21.6151
21.4012
21.1633
20.8932
20.5864
20.2563
19.8883
19.4953
19.0646
18.6193
18.1318
17.6506
17.1487
16.6491
16.1451
15.6255
15.0972
14.5464
13.9994
13.4342
12.8701
12.2807
11.6717
11.0371
10.3954
9.75563
9.11534
8.42915
7.7574
7.06654
6.31522
5.59154
4.8335
4.0472
3.27159
2.45784
1.65889
0.848153
0.0712392
-0.723377
-1.49274
-2.23618
-3.00467
-3.78953
-4.57384
-5.32263
-6.0467
-6.76993
-7.48015
-8.21107
-8.96449
-9.71421
-10.4528
-11.1818
-11.8936
-12.5951
-13.2724
-13.9555
-14.5726
-15.2864
-15.9543
-16.6358
-17.2957
-17.9364
-18.5762
-19.1919
-19.7958
-20.38
-20.9475
-21.497
-22.0353
-22.5545
-23.0728
-23.5719
-24.0406
-24.5141
-24.9829
-25.4325
-25.8969
-26.3512
-26.8135
-27.2755
-27.7507
-28.2249
-28.6937
-29.1679
-29.6406
-30.1236
-30.6141
-31.1071
-31.5979
-32.0937
-32.5924
-33.1004
-33.5967
-34.1011
-34.6095
-35.1101
-35.6215
-36.1325
-36.652
-37.1651
-37.6824
-38.195
-38.7303
-39.2728
-39.8325
-40.3889
-40.9322
-41.487
-42.0208
-42.5665
-43.1151
-43.662
-44.1997
-44.7214
-45.2372
-45.7427
-46.2425
-46.7319
-47.2215
-47.6982
-48.1847
-48.6582
-49.1241
-49.5881
-50.042
-50.4912
-50.9422
-51.391
-51.8473
-52.2957
-52.7566
-53.214
-53.6842
-54.15
-54.621
-55.08
-55.5359
-55.9796
-56.4094
-56.8311
-57.2424
-57.6549
-58.0769
-58.4912
-58.911
-59.3346
-59.7593
-60.1841
-60.5884
-60.994
-61.3782
-61.7781
-62.1787
-62.5742
-62.9629
-63.3536
-63.7284
-64.107
-64.4828
-64.8613
-65.2453
-65.6361
-66.0103
-66.3828
-66.7623
-67.1378
-67.5363
-67.9311
-68.3178
-68.6944
-69.0701
-69.445
-69.8238
-70.1945
-70.5562
-70.9445
-71.3386
-71.7302
-72.1221
-72.5405
-73.0062
-73.4594
-73.9315
-74.3874
-74.8558
-75.3028
-75.778
-76.338
-76.8429
-77.3408
-77.8056
-78.2513
-78.6954
-79.1329
-79.566
-80.0069
-80.4294
-80.8534
-81.2577
-81.5575
-81.9171
-82.2594
-82.6039
-82.9385
-83.2832
-83.6371
-83.974
-84.4223
-84.7932
-85.1519
-85.509
-85.8414
-86.1661
-86.4814
-86.7965
-87.0915
-87.3866
-87.6648
-87.9365
-88.1994
-88.4564
-88.7077
-88.9513
-89.1827
-89.4153
-89.6344
-89.8508
-90.0631
-90.2679
-90.4654
-90.6572
-90.8497
-91.0298
-91.2077
-91.3718
-91.531
-91.6884
-91.8395
-91.9891
-92.1326
-92.2771
-92.4026
-92.529
-92.6515
-92.7735
-92.8886
-92.998
-93.1094
-93.2077
-93.3003
-93.396
-93.484
-93.5743
-93.6612
-93.7424
-93.8163
-93.8735
-93.9307
-93.9855
-94.0217
-94.068
-94.1117
-94.1456
-94.1816
-94.2163
-94.2554
-94.2847
-94.2969
-94.3455
-94.3733
-94.4118
-94.429
-94.4661
-94.4902
-94.5215
-94.558
-94.5925
-94.6291
-94.6705
-94.7086
-94.7498
-94.7866
-94.8232
-94.8554
-94.888
-94.9087
-94.9405
-94.9768
-95.0128
-95.0488
-95.0728
-95.1026
-95.1331
-95.1719
-95.1997
-95.2359
-95.2783
-95.3243
-95.3715
-95.4254
-95.4815
-95.5518
-95.628
-95.7014
-95.7836
-95.8643
-95.9547
-96.0414
-96.1364
-96.2335
-96.3451
-96.4582
-96.578
-96.7019
-96.8333
-96.9615
-97.0946
-97.2235
-97.3656
-97.5222
-97.6774
-97.834
-95.4078
-97.2988
-97.1748
-97.8263
-98.0564
-98.4151
-98.673
-98.9334
-99.1658
-99.3995
-99.6196
-99.8413
-100.046
-100.249
-100.451
-100.649
-100.848
-101.038
-101.226
-101.417
-101.614
-101.804
-101.983
-102.175
-102.362
-102.538
-102.715
-102.868
-103.034
-103.178
-103.338
-103.505
-103.661
-103.822
-103.986
-104.13
-104.281
-104.429
-104.58
-104.734
-104.884
-105.037
-105.171
-105.316
-105.449
-105.587
-105.721
-105.851
-105.973
-106.094
-106.208
-106.322
-106.432
-106.539
-106.646
-106.734
-106.823
-106.895
-106.968
-107.037
-107.105
-107.173
-107.231
-107.284
-107.331
-107.346
-107.394
-107.4
-107.449
-107.467
-107.49
-107.495
-107.49
-107.47
-107.443
-107.409
-107.386
-107.349
-107.318
-107.268
-107.216
-107.15
-107.058
-107.006
-106.943
-106.886
-106.822
-106.755
-106.678
-106.598
-106.518
-106.443
-106.364
-106.279
-106.158
-106.088
-106.003
-105.915
-105.825
-105.737
-105.658
-105.569
-105.474
-105.383
-105.292
-105.197
-105.102
-105.004
-104.91
-104.808
-104.703
-104.611
-104.506
-104.415
-104.32
-104.224
-104.126
-104.045
-103.967
-103.89
-103.816
-103.737
-103.657
-103.582
-103.507
-103.437
-103.371
-103.305
-103.24
-103.176
-103.083
-103.041
-102.983
-102.938
-102.889
-102.845
-102.805
-102.769
-102.729
-102.696
-102.665
-102.638
-102.614
-102.591
-102.574
-102.563
-102.556
-102.552
-102.552
-102.553
-102.558
-102.561
-102.564
-102.57
-102.578
-102.588
-102.599
-102.62
-102.641
-102.669
-102.692
-102.707
-102.732
-102.753
-102.773
-102.799
-102.813
-102.834
-102.851
-102.873
-102.887
-102.914
-102.934
-102.962
-102.978
-102.989
-103.006
-103.017
-103.035
-103.055
-103.08
-103.098
-103.11
-103.128
-103.14
-103.16
-103.177
-103.191
-103.206
-103.213
-103.216
-103.215
-103.217
-103.217
-103.213
-103.205
-103.192
-103.175
-103.156
-103.135
-103.115
-103.095
-103.076
-103.053
-103.031
-103.002
-102.973
-102.948
-102.919
-102.889
-102.857
-102.816
-102.775
-102.73
-102.687
-102.639
-102.592
-102.546
-102.504
-102.458
-102.406
-102.352
-102.292
-102.236
-102.177
-102.12
-102.06
-101.999
-101.933
-101.871
-101.805
-101.741
-101.673
-101.608
-101.526
-101.479
-101.418
-101.341
-101.3
-101.24
-101.183
-101.1
-101.062
-101.009
-100.957
-100.904
-100.852
-100.796
-100.719
-100.677
-100.622
-100.568
-100.514
-100.46
-100.403
-100.34
-100.258
-100.188
-100.146
-100.095
-100.053
-99.9748
-99.9437
-99.8899
-99.8436
-99.7882
-99.7363
-99.6843
-99.6159
-99.5877
-99.5427
-99.483
-99.4621
-99.4233
-99.3918
-99.3559
-99.3178
-99.2796
-99.246
-99.2175
-99.1929
-99.1512
-99.1455
-99.0995
-99.0985
-99.0811
-99.0724
-99.058
-99.0462
-99.0384
-99.0332
-99.0289
-99.0261
-99.0212
-99.0203
-99.021
-99.0232
-99.0334
-99.0442
-99.06
-99.0733
-99.0923
-99.1121
-99.141
-99.1688
-99.2034
-99.2361
-99.2688
-99.3053
-99.3383
-99.3879
-99.4238
-99.4679
-99.5071
-99.5567
-99.6014
-99.6542
-99.7069
-99.7562
-99.8062
-99.8496
-99.8983
-99.9196
-99.9762
-100.022
-100.071
-100.125
-100.166
-100.207
-100.248
-100.284
-100.327
-100.369
-100.41
-100.447
-100.482
-100.516
-100.543
-100.571
-100.596
-100.62
-100.646
-100.663
-100.682
-100.7
-100.716
-100.729
-100.743
-100.761
-100.777
-100.79
-100.804
-100.818
-100.831
-100.842
-100.849
-100.864
-100.876
-100.882
-100.888
-100.893
-100.899
-100.904
-100.908
-100.908
-100.909
-100.91
-100.91
-100.913
-100.905
-100.903
-100.898
-100.894
-100.888
-100.88
-100.871
-100.861
-100.847
-100.83
-100.813
-100.791
-100.769
-100.74
-100.722
-100.699
-100.682
-100.663
-100.64
-100.622
-100.6
-100.574
-100.553
-100.527
-100.507
-100.483
-100.46
-100.437
-100.416
-100.392
-100.366
-100.345
-100.324
-100.3
-100.279
-100.258
-100.241
-100.222
-100.206
-100.186
-100.148
-100.155
-100.142
-100.139
-100.128
-100.123
-100.12
-100.123
-100.128
-100.107
-100.13
-100.132
-100.146
-100.153
-100.141
-100.17
-100.183
-100.202
-100.223
-100.244
-100.263
-100.281
-100.303
-100.326
-100.329
-100.372
-100.4
-100.435
-100.474
-100.512
-100.56
-100.6
-100.644
-100.687
-100.727
-100.775
-100.821
-100.871
-100.92
-100.972
-101.019
-101.072
-101.129
-101.184
-101.245
-101.305
-101.37
-101.433
-101.502
-101.569
-101.642
-101.707
-101.774
-101.837
-101.906
-101.975
-102.045
-102.095
-102.155
-102.235
-102.303
-102.35
-102.434
-102.505
-102.58
-102.652
-102.716
-102.784
-102.826
-102.885
-102.964
-103.03
-103.102
-103.166
-103.229
-103.291
-103.35
-103.408
-103.469
-103.527
-103.587
-103.642
-103.7
-103.755
-103.811
-103.864
-103.917
-103.97
-104.025
-104.08
-104.139
-104.19
-104.238
-104.286
-104.331
-104.382
-104.434
-104.487
-104.535
-104.579
-104.621
-104.657
-104.695
-104.732
-104.772
-104.789
-104.817
-104.865
-104.901
-104.939
-104.969
-105
-105.033
-105.064
-105.093
-105.12
-105.146
-105.169
-105.185
-105.207
-105.226
-105.246
-101.927
-104.168
-103.804
-104.434
-104.528
-104.769
-104.882
-105.005
-105.086
-105.157
-105.188
-105.246
-105.275
-105.309
-105.33
-105.349
-105.365
-105.38
-105.394
-105.404
-105.416
-105.426
-105.43
-105.438
-105.443
-105.443
-105.423
-105.437
-105.432
-105.433
-105.428
-105.423
-105.418
-105.413
-105.408
-105.401
-105.39
-105.375
-105.362
-105.347
-105.333
-105.319
-105.305
-105.292
-105.277
-105.266
-105.25
-105.238
-105.225
-105.206
-105.188
-105.174
-105.154
-105.144
-105.13
-105.118
-105.101
-105.083
-105.067
-105.053
-105.041
-105.028
-105.014
-104.981
-104.983
-104.845
-104.755
-104.642
-104.545
-104.44
-104.34
-104.224
-104.058
-103.986
-103.884
-103.81
-103.675
-103.651
-103.588
-103.551
-103.446
-103.472
-103.44
-103.436
-103.435
-103.456
-103.481
-103.512
-103.532
-103.544
-103.569
-103.599
-103.627
-103.682
-103.745
-103.836
-103.922
-104.024
-104.11
-104.207
-104.285
-104.402
-104.525
-104.639
-104.746
-104.846
-104.971
-105.101
-105.225
-105.349
-105.411
-105.55
-102.272
-104.593
-104.287
-104.963
-105.102
-105.365
-105.511
-105.651
-105.74
-105.823
-105.867
-105.897
-105.902
-105.911
-105.894
-105.886
-105.843
-105.796
-105.741
-105.676
-105.599
-105.52
-105.423
-105.329
-105.22
-105.099
-104.981
-104.859
-104.741
-104.531
-104.447
-104.296
-104.173
-104.043
-103.901
-103.755
-103.614
-103.475
-103.343
-103.192
-102.949
-102.763
-102.671
-102.524
-102.383
-102.244
-102.108
-100.245
-101.25
-100.909
-101.093
-100.999
-100.985
-100.909
-100.839
-100.749
-100.661
-100.562
-100.372
-100.356
-100.255
-100.183
-100.104
-100.045
-99.9905
-99.9271
-99.8682
-99.808
-99.7446
-99.6738
-99.6069
-99.5263
-99.4533
-99.3669
-99.2871
-99.2042
-99.126
-99.0439
-98.9608
-98.8784
-98.8008
-98.715
-98.6132
-98.5317
-98.4489
-98.3592
-98.2616
-98.1576
-98.0443
-97.924
-97.809
-97.6822
-97.5581
-97.4325
-97.2986
-97.1508
-96.9931
-96.846
-96.6958
-96.5479
-96.3957
-96.237
-96.073
-95.9149
-95.7404
-95.5523
-95.3591
-95.184
-94.9871
-94.7178
-94.5848
-94.364
-94.1715
-93.9629
-93.7344
-93.514
-93.2805
-93.0611
-92.8461
-92.6131
-92.3859
-92.1416
-91.8981
-91.6655
-91.4341
-91.2117
-90.9892
-90.755
-90.5085
-90.2565
-90.0103
-89.7488
-89.4893
-89.2164
-88.938
-88.6449
-88.3808
-88.0993
-87.8469
-87.5953
-87.3458
-87.1127
-86.8766
-86.6448
-86.4087
-86.1806
-85.9405
-85.6986
-85.4604
-85.2235
-84.9949
-84.7675
-84.5393
-84.3278
-84.1141
-83.9009
-83.6011
-83.3815
-83.1493
-83.0396
-82.8593
-82.6989
-82.5191
-82.3338
-82.157
-81.9614
-81.7683
-81.4792
-81.3543
-81.1657
-80.9953
-80.8062
-80.6177
-80.421
-80.236
-80.0313
-79.81
-79.5859
-79.3654
-79.1373
-78.9056
-78.6559
-78.4101
-78.1482
-77.8851
-77.6222
-77.347
-77.0635
-76.7777
-76.4791
-76.1895
-75.8927
-75.5815
-75.259
-74.9306
-74.5984
-74.2527
-73.9131
-73.572
-73.2403
-72.895
-72.5472
-72.2003
-71.8563
-71.4784
-71.1156
-70.7148
-70.3206
-69.9097
-69.494
-69.0705
-68.6418
-68.2075
-67.6499
-67.2958
-66.8637
-66.4658
-66.0661
-65.6785
-65.2698
-64.8714
-64.4663
-64.0515
-63.631
-62.066
-62.3779
-61.7904
-61.5126
-60.9299
-60.5976
-60.122
-59.6747
-59.2017
-58.7395
-58.2655
-57.7901
-57.3165
-56.7263
-56.3391
-55.8392
-55.3692
-54.8828
-54.3987
-53.8997
-53.4099
-52.9082
-52.397
-51.9016
-51.3982
-50.8984
-50.3979
-49.8947
-49.3938
-48.8804
-48.3768
-47.8509
-47.3257
-46.7889
-46.2556
-45.6947
-45.1384
-44.5761
-44.0251
-43.4716
-42.9431
-42.4078
-41.877
-41.3398
-40.8052
-40.2594
-39.6976
-39.1194
-38.5126
-37.9136
-37.1561
-36.6611
-36.029
-35.4606
-34.8713
-34.272
-33.654
-33.0491
-32.4375
-31.8263
-31.2044
-30.589
-29.9694
-29.3583
-28.7418
-28.1246
-27.5187
-26.7325
-26.231
-25.5873
-24.9965
-24.3755
-23.7628
-23.1462
-22.5331
-21.924
-21.2945
-20.6539
-20.0154
-19.3488
-18.6962
-18.0391
-17.3832
-16.723
-16.0805
-15.4372
-14.813
-14.201
-13.5813
-12.973
-12.3619
-11.7553
-11.1347
-10.5289
-9.92667
-9.3393
-9.32736
-8.38987
-7.89019
-7.23093
-6.45117
-5.98572
-5.38664
-4.83951
-4.27026
-3.69673
-3.14698
-2.60057
-2.07017
-1.54396
-1.02275
-0.513508
-0.00221299
0.507172
1.0243
1.53962
2.05256
2.5534
3.06009
3.54897
4.2559
4.59406
5.08363
5.51623
5.97166
6.65584
6.97454
7.48031
7.93195
8.42212
8.90508
9.3957
9.8966
10.3806
10.8659
11.3284
11.7836
12.219
12.6551
13.085
13.5114
14.1799
14.469
14.9384
15.3495
15.7993
16.2392
16.6916
17.135
17.5842
18.0227
18.4695
18.9016
19.3186
19.7381
20.1484
20.5699
20.9889
21.4103
21.8441
22.2816
22.7016
23.1277
23.5499
23.975
24.3933
24.818
25.2314
25.635
26.0351
26.4244
26.8073
27.1984
27.5754
27.9452
28.3216
28.6908
29.0654
29.711
29.9071
30.3098
30.625
30.998
31.3335
31.6877
32.0159
32.345
32.6708
32.9903
33.3052
33.8894
34.0212
34.3709
34.6298
34.9299
35.2198
35.5216
35.8212
36.1044
36.4034
36.6877
36.9725
37.2597
37.553
37.8439
38.1367
38.4246
38.7203
39.0068
39.2973
39.579
39.849
40.1226
40.3876
40.6528
40.9143
41.1776
41.4355
41.7665
42.0359
42.3169
42.5786
42.8402
43.0899
43.3379
43.5837
43.8241
44.0639
44.2981
44.5321
44.7657
44.998
45.2335
45.4705
45.7032
46.2111
46.2628
46.5225
46.7073
46.9188
47.1221
47.3246
47.5277
47.723
47.9223
48.1145
48.3084
48.4946
48.6782
48.8569
49.0253
49.1954
49.363
49.5231
49.6796
49.8317
49.9855
50.1301
50.2783
50.4188
50.5603
50.6965
50.8304
50.9648
51.1011
51.2314
51.3601
51.4858
51.6187
51.7492
51.8775
52.0088
52.1375
52.2599
52.3858
52.5129
52.6412
52.7718
52.9009
53.0314
53.1618
53.28
53.4069
53.5362
53.658
53.7844
53.9041
54.0197
54.1361
54.2512
54.3672
54.48
54.5979
54.7075
54.8146
54.9206
55.0247
55.1246
55.2272
55.3315
55.4364
55.5379
55.6431
55.7465
55.8487
55.9525
56.0552
56.1526
56.2495
56.3479
56.4506
56.5492
56.6522
56.7556
56.8592
56.9631
57.0643
57.1677
57.2729
57.3786
57.4895
57.5978
57.7076
57.8166
57.9232
58.0329
58.1381
58.2458
58.358
58.4747
58.5921
58.7119
58.8228
58.9347
59.0483
59.1657
59.2877
59.4041
59.523
59.6412
59.7626
59.8861
60.0128
60.1399
60.265
60.3929
60.5198
60.6421
61.0392
60.9812
61.1314
61.2073
61.3231
61.4212
61.5295
61.634
61.7414
61.843
61.9503
62.0494
62.1487
62.2428
62.3447
62.4403
62.5326
62.6198
62.7068
62.7936
62.8802
62.9571
63.036
63.1029
63.1699
63.2305
63.2921
63.3547
63.4179
63.4761
63.5412
63.5919
63.6423
63.6898
63.7373
63.7817
63.8259
63.8693
63.9101
63.948
63.9798
64.0111
64.0354
64.0692
64.0931
64.1225
64.1481
64.1713
64.191
64.2124
64.2331
64.2486
64.27
64.2874
64.5771
64.4112
64.4565
64.4158
64.4171
64.3993
64.3915
64.3848
64.3762
64.3717
64.3605
64.3452
64.3337
64.3227
64.3091
64.2977
64.2844
64.2607
64.2416
64.2188
64.1992
64.1804
64.1569
64.132
64.1005
64.07
64.0349
64.0039
63.9735
63.9434
63.9127
63.8852
63.8557
63.8229
63.7956
63.763
64.0072
63.7974
63.7945
63.7152
63.6778
63.6367
63.6021
63.5676
63.5362
63.5086
63.4862
63.46
63.4383
63.4179
63.3959
63.3754
63.3578
63.3404
63.3199
63.3024
63.2839
63.2661
63.2462
63.2267
63.2068
63.1874
63.1733
63.157
63.1435
63.1329
63.1218
63.1165
63.1094
63.0959
63.0848
63.0693
63.0554
63.0385
63.0237
63.0093
62.9952
62.9818
62.967
62.9531
62.9376
62.9226
62.9057
62.892
62.8751
62.8573
62.8357
62.8187
62.8046
62.7869
62.7718
62.7477
62.7281
62.7078
62.6829
62.6564
62.6359
62.6119
62.593
62.5665
62.5445
62.5212
62.4939
62.4704
62.4403
62.4125
62.3829
62.3507
62.3186
62.2815
62.2404
62.2066
62.163
62.1245
62.082
62.0402
61.9987
61.9528
61.898
61.8514
61.8004
61.7502
61.695
61.6433
61.5883
61.5303
61.4689
61.411
61.3518
61.2934
61.2347
61.1785
61.1257
61.0747
61.0251
60.9727
60.9169
60.8595
60.804
60.7483
60.6982
60.6516
60.6039
60.5577
60.5106
60.4631
60.4155
60.3665
60.3184
60.2677
60.2165
60.1736
60.1275
60.0887
60.0508
60.0133
59.9751
59.9356
59.8951
59.858
59.8207
59.7847
59.7508
59.712
59.6878
59.6598
59.6337
59.6088
59.5852
59.5521
59.5244
59.4922
59.4625
59.4329
59.4097
59.3891
59.3676
59.3524
59.3416
59.3274
59.3132
59.2901
59.2744
59.2533
59.2379
59.2301
59.221
59.2191
59.216
59.2177
59.2178
59.2182
59.2155
59.2147
59.2117
59.2087
59.2056
59.2028
59.1962
59.2038
59.2079
59.2103
59.2082
59.1996
59.1924
59.1874
59.1878
59.1895
59.1908
59.1955
59.2029
59.2079
59.2152
59.2164
59.2197
59.2217
59.2197
59.2182
59.2194
59.2182
59.2153
59.2204
59.2191
59.2165
59.2145
59.2151
59.2135
59.2144
59.2125
59.2124
59.2127
59.2101
59.2086
59.2008
59.1963
59.188
59.1799
59.1692
59.1644
59.157
59.1506
59.1438
59.132
59.1229
59.1164
59.1062
59.0986
59.0883
59.0802
59.064
59.0526
59.0399
59.0289
59.0152
59.0025
58.9852
58.9689
58.9519
58.9312
58.9134
58.8922
58.8787
58.8588
58.8367
58.816
58.7925
58.7727
58.7543
58.7292
58.708
58.6816
58.657
58.6347
58.6129
58.5906
58.5673
58.5426
58.5204
58.5018
58.4801
58.46
58.4431
58.4251
58.4081
58.3968
58.3842
58.3687
58.3559
58.3424
58.3284
58.3198
58.308
58.2984
58.2944
58.2853
58.282
58.28
58.2764
58.2697
58.2712
58.2688
58.2708
58.2742
58.2787
58.2815
58.2873
58.2909
58.2999
58.3045
58.3072
58.3136
58.3179
58.3273
58.3386
58.345
58.3528
58.3631
58.369
58.3796
58.3841
58.3945
58.4049
58.4167
58.433
58.4465
58.4636
58.4799
58.4955
58.5113
58.527
58.5399
58.5557
58.5742
58.584
58.5972
58.6115
58.623
58.6325
58.6433
58.6506
58.6551
58.6631
58.6704
58.6803
58.6915
58.7022
58.7171
58.7285
58.7428
58.7541
58.7639
58.773
58.7839
58.7957
58.8115
58.8255
58.8479
58.8607
58.8748
58.8903
58.9078
58.9204
58.9426
58.9623
58.98
58.9978
59.0178
59.0383
59.0596
59.0726
59.0864
59.1002
59.113
59.1278
59.1404
59.1539
59.1679
59.1771
59.1861
59.195
59.1987
59.2021
59.2066
59.2062
59.2063
59.2093
59.2112
59.2108
59.2119
59.2077
59.2016
59.1993
59.1982
59.1937
59.1909
59.1895
59.1834
59.1767
59.1672
59.1614
59.1543
59.1401
59.1291
59.1198
59.1069
59.0964
59.0882
59.0764
59.066
59.0594
59.0495
59.0412
59.0373
59.0287
59.027
59.0212
59.0172
59.0144
59.016
59.0135
59.0104
59.0057
59.0028
58.9979
58.994
58.9875
58.9821
58.9799
58.9745
58.9757
58.9783
58.9762
58.9772
58.9758
58.9795
58.9819
58.9844
58.9884
58.9927
58.9986
59.0051
59.0147
59.0252
59.0393
59.0488
59.0567
59.0651
59.0731
59.0839
59.0976
59.104
59.1205
59.1317
59.1433
59.1565
59.1722
59.1821
59.1962
59.2073
59.22
59.2281
59.2404
59.249
59.2529
59.2623
59.269
59.2745
59.282
59.2945
59.2976
59.3007
59.3026
59.304
59.3046
59.3078
59.3126
59.3157
59.3208
59.3255
59.3314
59.3352
59.3384
59.3458
59.357
59.3622
59.3745
59.3853
59.3992
59.4106
59.4287
59.444
59.4644
59.4841
59.5103
59.5328
59.5585
59.5813
59.6057
59.6263
59.6506
59.6728
59.6902
59.7101
59.7292
59.7478
59.76
59.7797
59.7903
59.8018
59.8147
59.8272
59.8312
59.8391
59.8497
59.8602
59.8706
59.8805
59.8891
59.8912
59.8944
59.8919
59.8831
59.8754
59.8644
59.8498
59.8351
59.8194
59.7964
59.7715
59.7456
59.715
59.6904
59.6609
59.6308
59.6013
59.5661
59.5313
59.4954
59.4604
59.4235
59.39
59.3506
59.3088
59.2716
59.2286
59.1918
59.1516
59.1155
59.0753
59.0355
58.9945
58.9545
58.9151
58.8812
58.8433
58.8037
58.772
58.7344
58.7022
58.6697
58.6404
58.6158
58.5935
58.5662
58.5444
58.523
58.4964
58.4708
58.4461
58.4165
58.3874
58.3613
58.3329
58.3036
58.2741
58.2417
58.2107
58.1771
58.1406
58.1077
58.0721
58.0337
57.9959
57.9599
57.9201
57.8766
57.8336
57.7885
57.7435
57.6974
57.6475
57.6071
57.5569
57.51
57.4596
57.402
57.3494
57.2951
57.2397
57.1816
57.1263
57.0662
57.0142
56.9533
56.8971
56.8383
56.7803
56.7258
56.6714
56.6156
56.5589
56.5079
56.4575
56.4107
56.3628
56.3149
56.2702
56.2241
56.181
56.1363
56.0888
56.0478
56.0062
55.9579
55.9105
55.861
55.8076
55.7545
55.6999
55.6423
55.5889
55.5266
55.471
55.4116
55.3441
55.2761
55.2122
55.1483
55.0842
55.0216
54.9563
54.8857
54.8196
54.7538
54.6897
54.6282
54.5637
54.4963
54.4319
54.3627
54.2976
54.2284
54.159
54.0907
54.0274
53.9598
53.8891
53.8186
53.7453
53.6731
53.5972
53.52
53.4457
53.3718
53.2989
53.2224
53.1482
53.0718
52.9992
52.9194
52.8432
52.7647
52.6865
52.606
52.5293
52.4567
52.3795
52.2964
52.2164
52.136
52.0537
51.9732
51.8886
51.7999
51.7104
51.6274
51.5384
51.4526
51.3654
51.2693
51.1732
51.0822
50.9874
50.8908
50.7921
50.6946
50.5918
50.4947
50.3995
50.3054
50.2181
50.1331
50.0485
49.9638
49.8845
49.8066
49.7284
49.6525
49.5713
49.4916
49.4155
49.3415
49.2588
49.1751
49.0932
49.0109
48.9309
48.8474
48.7619
48.6749
48.5826
48.495
48.4005
48.3016
48.2071
48.1023
47.9978
47.8834
47.767
47.6458
47.5184
47.3842
47.2499
47.1171
46.9886
46.8554
46.7264
46.5955
46.4599
46.3263
46.1936
46.0584
45.9201
45.7809
45.6395
45.5025
45.3569
45.216
45.0736
44.9281
44.7713
44.6205
44.4508
44.2851
44.1148
43.942
43.7614
43.5812
43.3832
43.1894
42.9913
42.796
42.6025
42.4104
42.2157
42.0208
41.8326
41.6505
41.4622
41.2826
41.1031
40.9289
40.7523
40.5688
40.3903
40.2118
40.0314
39.8554
39.6799
39.5028
39.3219
39.1458
38.9573
38.7759
38.5916
38.406
38.2183
38.0351
37.8521
37.6758
37.4955
37.3199
37.1284
36.9308
36.7236
36.5114
36.29
36.0638
35.8326
35.5988
35.3654
35.133
34.8953
34.6014
34.3416
34.0822
33.83
33.5678
33.3317
33.0833
32.8498
32.6203
32.3933
32.1736
31.9598
31.7443
31.549
31.3385
31.123
30.9221
30.7036
30.4955
30.2819
30.0583
29.8265
29.6528
29.4319
29.2119
28.8883
28.5929
28.2833
27.9702
27.6502
27.3255
27.0054
26.6729
26.37
26.0531
25.7524
25.4437
25.1624
24.8894
24.6144
24.3504
24.0977
23.8419
23.5997
23.3431
23.1068
22.8562
22.6061
22.3375
22.0603
21.7703
21.4651
21.1537
20.8346
20.4941
20.1324
19.7839
19.4356
19.095
18.753
18.412
18.089
17.7715
17.4778
17.1936
16.9124
16.6594
16.4187
16.1786
15.9452
15.7056
15.4722
15.2271
14.9773
14.7207
14.4378
14.1326
13.8244
13.5331
13.1959
12.8906
12.5497
12.2333
11.8943
11.601
11.2645
10.9624
10.6592
10.3929
10.1086
9.83603
9.57339
9.322
9.04809
8.79514
8.53767
8.27755
8.00213
7.74234
7.47509
7.20468
6.92379
6.64221
6.36041
6.07981
5.79252
5.51259
5.22686
4.9525
4.67759
4.41595
4.15498
3.89229
3.64736
3.40329
3.15127
2.90508
2.66342
2.42739
2.18727
1.95278
1.72709
1.49933
1.26064
1.01284
0.772079
0.513955
0.264698
0.0256815
-0.235142
-0.5014
-0.745793
-1.00124
-1.25146
-1.5044
-1.75018
-1.99357
-2.23172
-2.46553
-2.70068
-2.92389
-3.13801
-3.35631
-3.54932
-3.74945
-3.94618
-4.14253
-4.33518
-4.52985
-4.71857
-4.9043
-5.10153
-5.28448
-5.48151
-5.67556
-5.86934
-6.06695
-6.26406
-6.45979
-6.66542
-6.86013
-7.05615
-7.25876
-7.45343
-7.65937
-7.8654
-8.07103
-8.27379
-8.45472
-8.6446
-8.81914
-8.9916
-9.15931
-9.33213
-9.49916
-9.66261
-9.81227
-9.96068
-10.118
-10.2613
-10.4055
-10.5486
-10.6775
-10.8194
-10.9621
-11.0969
-11.2302
-11.3587
-11.4924
-11.6219
-11.7601
-11.8905
-12.0234
-12.1545
-12.2888
-12.4286
-12.5584
-12.6921
-12.8202
-12.9466
-13.0708
-13.195
-13.3026
-13.4304
-13.5532
-13.675
-13.7912
-13.9143
-14.0273
-14.1387
-14.2616
-14.3737
-14.4828
-14.5927
-14.7022
-14.806
-14.9087
-15.0159
-15.1162
-15.223
-15.3146
-15.4078
-15.5089
-15.6026
-15.6945
-15.7758
-15.8603
-15.9428
-16.0263
-16.0928
-16.1625
-16.226
-16.2885
-16.3538
-16.4212
-16.4892
-16.5478
-16.6093
-16.6737
-16.7381
-16.7917
-16.8457
-16.8938
-16.9429
-16.9843
-17.0363
-17.0791
-17.1258
-17.1821
-17.2291
-17.2766
-17.3228
-17.3653
-17.4191
-17.46
-17.4995
-17.5402
-17.5797
-17.6096
-17.6425
-17.6672
-17.7038
-17.7411
-17.7726
-17.8089
-17.8365
-17.8652
-17.8982
-17.9331
-17.9688
-17.9988
-18.0327
-18.0526
-18.0817
-18.1099
-18.1323
-18.1588
-18.1888
-18.216
-18.2449
-18.2744
-18.3044
-18.3275
-18.3746
-18.4045
-18.436
-18.4607
-18.489
-18.5104
-18.5336
-18.5585
-18.5885
-18.6253
-18.6488
-18.6754
-18.6973
-18.7266
-18.7582
-18.7819
-18.7988
-18.8196
-18.8358
-18.8551
-18.8776
-18.8961
-18.9182
-18.9357
-18.9518
-18.9596
-18.9795
-18.9919
-19.0203
-19.0378
-19.0511
-19.0598
-19.0804
-19.0828
-19.0958
-19.107
-19.1235
-19.1439
-19.1636
-19.1851
-19.2074
-19.2199
-19.2243
-19.2444
-19.2621
-19.2701
-19.2853
-19.297
-19.2947
-19.3017
-19.3074
-19.3202
-19.3327
-19.3459
-19.3674
-19.3815
-19.4038
-19.411
-19.424
-19.4331
-19.4408
-19.4486
-19.4595
-19.4676
-19.4786
-19.4857
-19.4982
-19.5048
-19.5108
-19.5229
-19.5308
-19.5423
-19.554
-19.5589
-19.561
-19.5629
-19.5705
-19.586
-19.5917
-19.5925
-19.5978
-19.5995
-19.6019
-19.6043
-19.6082
-19.613
-19.6172
-19.6239
-19.6304
-19.6343
-19.6419
-19.6493
-19.6532
-19.6672
-19.6754
-19.6823
-19.682
-19.6903
-19.6929
-19.701
-19.7056
-19.7159
-19.7251
-19.7296
-19.7335
-19.7321
-19.7364
-19.7431
-19.7343
-19.7419
-19.7454
-19.7551
-19.7639
-19.7707
-19.7654
-19.7719
-19.7704
-19.7681
-19.7699
-19.7688
-19.7638
-19.7602
-19.7527
-19.7424
-19.7381
-19.7313
-19.735
-19.7344
-19.7506
-19.7599
-19.7699
-19.7784
-19.7832
-19.7905
-19.7921
-19.7929
-19.7984
-19.8022
-19.8068
-19.8053
-19.8034
-19.805
-19.8124
-19.8114
-19.8189
-19.8247
-19.8288
-19.8287
-19.8317
-19.8394
-19.845
-19.8504
-19.8573
-19.8623
-19.8718
-19.8849
-19.8857
-19.891
-19.8928
-19.8883
-19.886
-19.8786
-19.8785
-19.8835
-19.8673
-19.8646
-19.8594
-19.8651
-19.8705
-19.8717
-19.8804
-19.8886
-19.8906
-19.888
-19.8999
-19.9087
-19.9081
-19.9043
-19.8977
-19.8968
-19.8897
-19.89
-19.894
-19.9007
-19.9107
-19.918
-19.9175
-19.9298
-19.9317
-19.9322
-19.9331
-19.9376
-19.9374
-19.943
-19.9513
-19.9643
-19.978
-19.9901
-19.9936
-20.0002
-19.9977
-19.9908
-19.9882
-19.9928
-19.9818
-19.9797
-19.9673
-19.9545
-19.943
-19.938
-19.9333
-19.9323
-19.9309
-19.9305
-19.9289
-19.9293
-19.9371
-19.9415
-19.9389
-19.9413
-19.9431
-19.9464
-19.9539
-19.9601
-19.9633
-19.9638
-19.9787
-19.9806
-19.9791
-19.9799
-19.987
-19.9859
-19.9894
-19.9915
-19.994
-19.991
-19.9918
-19.9958
-20.0058
-20.0085
-20.0057
-19.997
-19.9954
-19.9902
-19.9855
-19.9779
-19.9759
-19.9823
-19.9733
-19.9823
-19.9804
-19.9766
-19.975
-19.9745
-19.9712
-19.9735
-19.9768
-19.9853
-19.9895
-19.9896
-19.9894
-19.987
-19.9919
-19.9963
-19.9922
-19.9954
-19.9882
-19.9919
-19.9946
-19.9979
-19.9982
-19.9896
-19.9909
-19.9895
-19.986
-19.9749
-19.9725
-19.9666
-19.9633
-19.9512
-19.948
-19.9389
-19.9442
-19.9493
-19.9461
-19.9469
-19.9467
-19.9541
-19.9571
-19.9614
-19.9643
-19.9646
-19.9647
-19.9572
-19.9555
-19.9519
-19.9487
-19.9513
-19.9539
-19.9575
-19.9618
-19.9733
-19.9698
-19.9748
-19.98
-19.9921
-19.9945
-20.0018
-20.0057
-20.0041
-20.0023
-20.0163
-20.0232
-20.0282
-20.0379
-20.0397
-20.0381
-20.0575
-20.0641
-20.0828
-20.0822
-20.0876
-20.0922
-20.0928
-20.091
-20.0971
-20.0929
-20.0953
-20.0909
-20.0901
-20.0861
-20.0877
-20.0854
-20.0842
-20.0882
-20.0948
-20.0935
-20.0903
-20.0889
-20.089
-20.0894
-20.0928
-20.1053
-20.1015
-20.1112
-20.1086
-20.1143
-20.112
-20.1078
-20.1021
-20.0975
-20.0987
-20.0909
-20.0957
-20.1031
-20.1068
-20.0969
-20.0942
-20.0928
-20.0967
-20.0999
-20.1021
-20.1028
-20.099
-20.0989
-20.1054
-20.108
-20.1193
-20.1179
-20.1181
-20.1181
-20.1223
-20.1243
-20.1295
-20.1411
-20.1419
-20.1356
-20.1347
-20.1244
-20.1213
-20.1223
-20.1283
-20.1308
-20.1332
-20.1398
-20.1431
-20.139
-20.1462
-20.1405
-20.1472
-20.1452
-20.1457
-20.1547
-20.1591
-20.1642
-20.1658
-20.1679
-20.1669
-20.1648
-20.1652
-20.1697
-20.1733
-20.1756
-20.1684
-20.1569
-20.1504
-20.1466
-20.1502
-20.1518
-20.1525
-20.151
-20.1492
-20.1432
-20.1431
-20.1346
-20.1315
-20.1204
-20.1092
-20.1069
-20.1053
-20.109
-20.1142
-20.1175
-20.1246
-20.1267
-20.1297
-20.1244
-20.1325
-20.1206
-20.1197
-20.119
-20.1256
-20.1194
-20.1205
-20.1128
-20.105
-20.0975
-20.0999
-20.0952
-20.0982
-20.0925
-20.0934
-20.091
-20.0876
-20.0905
-20.1008
-20.1049
-20.1083
-20.1118
-20.1199
-20.1169
-20.1199
-20.1148
-20.1105
-20.1112
-20.1158
-20.1136
-20.1293
-20.1351
-20.1436
-20.1517
-20.1554
-20.1515
-20.1553
-20.1614
-20.1626
-20.1644
-20.1803
-20.1899
-20.1975
-20.2037
-20.21
-20.2167
-20.2257
-20.2276
-20.2309
-20.2405
-20.2416
-20.252
-20.2519
-20.2472
-20.2462
-20.2365
-20.2383
-20.2303
-20.2324
-20.2336
-20.2297
-20.2278
-20.2275
-20.2243
-20.2341
-20.2336
-20.2325
-20.2318
-20.2318
-20.2319
-20.232
-20.2319
-20.2244
-20.2258
-20.2223
-20.2224
-20.2299
-20.2174
-20.2148
-20.2151
-20.2182
-20.2179
-20.2063
-20.2035
-20.193
-20.182
-20.1716
-20.169
-20.1703
-20.1665
-20.1704
-20.1702
-20.1755
-20.17
-20.173
-20.1804
-20.1863
-20.1854
-20.1857
-20.1824
-20.1925
-20.198
-20.1963
-20.2064
-20.2101
-20.2058
-20.2053
-20.2002
-20.1886
-20.1956
-20.1908
-20.1907
-20.1947
-20.1873
-20.1946
-20.1964
-20.206
-20.2105
-20.2195
-20.2173
-20.2178
-20.2108
-20.2131
-20.2195
-20.2274
-20.2331
-20.2325
-20.2323
-20.2292
-20.2424
-20.2501
-20.2543
-20.272
-20.277
-20.2718
-20.2723
-20.2701
-20.266
-20.2628
-20.2575
-20.2634
-20.2669
-20.268
-20.2711
-20.2738
-20.2724
-20.2784
-20.2767
-20.2843
-20.2833
-20.2807
-20.2695
-20.2629
-20.2583
-20.2562
-20.2594
-20.2537
-20.2547
-20.2469
-20.2564
-20.2567
-20.256
-20.2656
-20.2693
-20.274
-20.2787
-20.2756
-20.274
-20.2672
-20.2613
-20.2563
-20.258
-20.2576
-20.2608
-20.2662
-20.2649
-20.2637
-20.2641
-20.2647
-20.2655
-20.271
-20.269
-20.2783
-20.2745
-20.2713
-20.2752
-20.2667
-20.2703
-20.2718
-20.2765
-20.2766
-20.2835
-20.2856
-20.2913
-20.2918
-20.2917
-20.2885
-20.2934
-20.2904
-20.2878
-20.285
-20.2819
-20.2852
-20.2874
-20.3065
-20.3124
-20.3149
-20.3143
-20.3152
-20.3079
-20.3033
-20.2967
-20.293
-20.288
-20.295
-20.3018
-20.2996
-20.3138
-20.3193
-20.3252
-20.3324
-20.3332
-20.3323
-20.3332
-20.3329
-20.3268
-20.3268
-20.3271
-20.3258
-20.322
-20.3284
-20.3301
-20.3384
-20.3343
-20.3358
-20.3352
-20.331
-20.326
-20.3242
-20.3317
-20.3253
-20.3252
-20.3312
-20.3328
-20.3405
-20.3412
-20.3471
-20.3548
-20.3573
-20.355
-20.3565
-20.3579
-20.3545
-20.3494
-20.3431
-20.3363
-20.3316
-20.3334
-20.3305
-20.3365
-20.3363
-20.3333
-20.329
-20.3276
-20.3184
-20.317
-20.3221
-20.3284
-20.3222
-20.3287
-20.3305
-20.3284
-20.3207
-20.3182
-20.3211
-20.3148
-20.3207
-20.3189
-20.3154
-20.3153
-20.3157
-20.3271
-20.3305
-20.3361
-20.3394
-20.3416
-20.3485
-20.3532
-20.3568
-20.3638
-20.3586
-20.3644
-20.3663
-20.371
-20.3731
-20.3754
-20.3734
-20.369
-20.3666
-20.3742
-20.3831
-20.3875
-20.3893
-20.3849
-20.3896
-20.3944
-20.3977
-20.3954
-20.3911
-20.3871
-20.3874
-20.3839
-20.3888
-20.3862
-20.3788
-20.3741
-20.3739
-20.3698
-20.3674
-20.3725
-20.3816
-20.3836
-20.3862
-20.3924
-20.3976
-20.3985
-20.4033
-20.4092
-20.4173
-20.4211
-20.4196
-20.4123
-20.4118
-20.4015
-20.3955
-20.3898
-20.392
-20.3896
-20.385
-20.3783
-20.3737
-20.3695
-20.3653
-20.37
-20.3784
-20.3804
-20.3898
-20.3897
-20.3983
-20.4028
-20.4088
-20.4022
-20.403
-20.4006
-20.3949
-20.3925
-20.3943
-20.3873
-20.3902
-20.4
-20.4095
-20.4121
-20.4017
-20.4035
-20.3958
-20.3989
-20.405
-20.4031
-20.4136
-20.4177
-20.419
-20.4108
-20.4052
-20.4042
-20.4037
-20.3935
-20.3858
-20.3867
-20.3869
-20.3921
-20.3959
-20.4094
-20.4178
-20.4226
-20.4315
-20.4369
-20.4406
-20.4436
-20.4448
-20.4497
-20.4537
-20.4465
-20.4442
-20.4517
-20.4524
-20.4516
-20.4493
-20.4412
-20.4484
-20.4524
-20.4567
-20.4576
-20.4547
-20.4594
-20.4626
-20.4642
-20.4633
-20.4606
-20.4612
-20.4595
-20.4572
-20.4552
-20.4577
-20.4595
-20.4558
-20.457
-20.4497
-20.4502
-20.4497
-20.4488
-20.4484
-20.435
-20.429
-20.4251
-20.4224
-20.4288
-20.4295
-20.4298
-20.4287
-20.4345
-20.4342
-20.4394
-20.4372
-20.4452
-20.4475
-20.4467
-20.4393
-20.4328
-20.4303
-20.429
-20.4282
-20.4208
-20.4156
-20.4064
-20.4048
-20.4082
-20.4184
-20.4232
-20.4381
-20.4473
-20.4394
-20.4366
-20.4263
-20.4371
-20.4455
-20.45
-20.4477
-20.4462
-20.4402
-20.4459
-20.4474
-20.4498
-20.4513
-20.454
-20.4538
-20.4557
-20.464
-20.468
-20.4644
-20.4641
-20.4662
-20.4679
-20.475
-20.4747
-20.4714
-20.4787
-20.4811
-20.4757
-20.4701
-20.4686
-20.4678
-20.461
-20.4597
-20.4545
-20.4521
-20.4447
-20.4513
-20.4494
-20.443
-20.4428
-20.44
-20.4434
-20.4523
-20.4488
-20.4504
-20.4553
-20.4639
-20.4584
-20.4625
-20.4625
-20.4688
-20.4617
-20.4635
-20.4625
-20.4566
-20.4466
-20.4378
-20.4332
-20.4318
-20.4336
-20.4456
-20.4428
-20.4393
-20.4503
-20.4487
-20.4507
-20.4559
-20.4555
-20.4527
-20.4569
-20.4534
-20.4495
-20.4516
-20.4541
-20.4563
-20.4573
-20.4661
-20.4617
-20.4575
-20.4624
-20.4658
-20.4687
-20.4755
-20.4828
-20.4898
-20.495
-20.4922
-20.4986
-20.494
-20.4917
-20.4894
-20.4871
-20.4909
-20.4899
-20.4838
-20.483
-20.4787
-20.4743
-20.4731
-20.4789
-20.4841
-20.4901
-20.4924
-20.4952
-20.4993
-20.4998
-20.5002
-20.5027
-20.5058
-20.5061
-20.5065
-20.5096
-20.5086
-20.5101
-20.5129
-20.5093
-20.5097
-20.644
-20.5515
-20.5594
-20.3998
-20.4813
-20.4621
-20.4782
-20.4715
-20.4738
-20.4716
-20.488
-20.4836
-20.489
-20.4846
-20.4827
-20.4832
-20.4659
-20.4642
-20.3298
-20.4151
-20.3928
-20.4148
-20.4112
-20.4219
-20.3011
-20.4026
-20.3963
-20.4254
-20.4359
-20.4481
-20.4485
-20.4503
-20.4489
-20.4537
-20.4555
-20.4626
-20.4683
-20.4769
-20.4789
-20.4764
-20.3336
-20.4229
-20.4063
-20.4323
-20.3117
-20.4189
-20.4191
-20.3178
-20.4158
-20.4158
-20.4466
-20.4567
-20.469
-20.4768
-20.4894
-20.4891
-20.491
-20.4941
-20.5009
-20.5106
-20.5285
-20.535
-20.5242
-20.5199
-20.5255
-20.5297
-20.5254
-20.5382
-20.5402
-20.5451
-20.5396
-20.5399
-20.5296
-20.3949
-20.4851
-20.4627
-20.3553
-20.4513
-20.4422
-20.4688
-20.4743
-20.4792
-20.4864
-20.4901
-20.4967
-20.5043
-20.4965
-20.4936
-20.506
-20.5039
-20.4998
-20.4887
-20.4884
-20.4824
-20.4837
-20.49
-20.4941
-20.4915
-20.493
-20.5068
-20.5101
-20.5104
-20.5063
-20.5071
-20.507
-20.5067
-20.5089
-20.4998
-20.4969
-20.4958
-20.4968
-20.4948
-20.4943
-20.4947
-20.4993
-20.5022
-20.507
-20.5119
-20.5174
-20.5104
-20.5078
-20.5027
-20.5098
-20.5211
-20.5238
-20.5349
-20.5343
-20.541
-20.5469
-20.5529
-20.556
-20.5492
-20.5476
-20.55
-20.5493
-20.5506
-20.545
-20.5508
-20.4163
-20.4937
-20.3431
-20.3255
-20.407
-20.2899
-20.4091
-20.407
-20.4446
-20.4561
-20.4745
-20.3559
-20.4577
-20.4458
-20.47
-20.4759
-20.4857
-20.4978
-20.5057
-20.5114
-20.5179
-20.5185
-20.5154
-20.5116
-20.3735
-20.4685
-20.4533
-20.4885
-20.4899
-20.5027
-20.506
-20.5158
-20.5109
-20.5165
-20.5143
-20.5132
-20.5118
-20.5171
-20.5256
-20.5286
-20.523
-20.5255
-20.5219
-20.5253
-20.5263
-20.534
-20.5347
-20.5295
-20.5265
-20.5248
-20.5225
-20.524
-20.5252
-20.5291
-20.3961
-20.4951
-20.3452
-20.4599
-20.3163
-20.4466
-20.4408
-20.3468
-20.4497
-20.3164
-20.4381
-20.4377
-20.4789
-20.4985
-20.5189
-20.5225
-20.5298
-20.5234
-20.5192
-20.5125
-20.3805
-20.4732
-20.3339
-20.4513
-20.4404
-20.483
-20.4961
-20.5064
-20.5054
-20.5242
-20.5351
-20.5449
-20.5468
-20.5555
-20.5534
-20.5512
-20.4135
-20.5001
-20.4837
-20.4987
-20.3777
-20.4791
-20.4761
-20.3652
-20.465
-20.3273
-20.4512
-20.4495
-20.3617
-20.4589
-20.4541
-20.4887
-20.4969
-20.5034
-20.5176
-20.53
-20.5396
-20.5402
-20.5427
-20.4121
-20.3689
-20.4449
-20.3186
-20.2992
-20.3886
-20.4138
-20.4469
-20.4701
-20.4837
-20.3564
-20.4556
-20.4506
-20.4833
-20.4953
-20.5068
-20.5203
-20.5302
-20.5382
-20.5368
-20.5387
-20.5311
-20.5294
-20.5362
-20.5373
-20.5397
-20.5365
-20.536
-20.5301
-20.5298
-20.5335
-20.5381
-20.5384
-20.411
-20.5049
-20.493
-20.5197
-20.5191
-20.5276
-20.5289
-20.5377
-20.5461
-20.5589
-20.5665
-20.559
-20.5588
-20.5551
-20.5522
-20.5415
-20.5316
-20.5372
-20.5326
-20.5381
-20.5402
-20.5535
-20.5558
-20.5616
-20.5653
-20.5633
-20.5685
-20.5641
-20.567
-20.5677
-20.5713
-20.5728
-20.57
-20.5666
-20.5667
-20.5664
-20.572
-20.5698
-20.569
-20.5692
-20.5711
-20.5646
-20.5637
-20.5603
-20.5558
-20.5595
-20.5599
-20.5558
-20.5588
-20.5647
-20.5679
-20.5686
-20.5658
-20.5604
-20.5655
-20.5721
-20.5775
-20.5746
-20.5697
-20.5685
-20.5722
-20.5675
-20.5768
-20.5809
-20.5855
-20.5922
-20.5944
-20.5964
-20.5961
-20.5922
-20.5879
-20.5824
-20.5744
-20.5707
-20.5713
-20.5712
-20.5788
-20.5843
-20.5759
-20.5821
-20.5786
-20.5806
-20.5742
-20.577
-20.5852
-20.5892
-20.5944
-20.5864
-20.5864
-20.5831
-20.5793
-20.5786
-20.5749
-20.5749
-20.5704
-20.5686
-20.5685
-20.5672
-20.5776
-20.5773
-20.5826
-20.5794
-20.5806
-20.5831
-20.5883
-20.59
-20.5827
-20.5819
-20.575
-20.5786
-20.5784
-20.5898
-20.5885
-20.5877
-20.587
-20.5836
-20.5871
-20.5911
-20.5891
-20.6016
-20.5981
-20.602
-20.6032
-20.6031
-20.6011
-20.6008
-20.6005
-20.5982
-20.5929
-20.6007
-20.604
-20.5977
-20.5966
-20.5957
-20.5919
-20.5979
-20.6044
-20.6109
-20.6098
-20.6043
-20.6066
-20.6049
-20.6082
-20.6139
-20.6176
-20.6209
-20.6172
-20.6195
-20.6229
-20.6173
-20.6144
-20.6119
-20.6183
-20.6237
-20.6309
-20.631
-20.6312
-20.6259
-20.6247
-20.6258
-20.6239
-20.6211
-20.6185
-20.6224
-20.6173
-20.6083
-20.6171
-20.615
-20.6154
-20.6185
-20.627
-20.6223
-20.6324
-20.6378
-20.6317
-20.6221
-20.6157
-20.6099
-20.6095
-20.6084
-20.6147
-20.62
-20.6173
-20.6201
-20.6205
-20.6203
-20.6236
-20.6266
-20.6314
-20.6297
-20.619
-20.6085
-20.6029
-20.6072
-20.6094
-20.6162
-20.629
-20.6361
-20.6368
-20.6425
-20.6403
-20.6298
-20.6314
-20.6326
-20.6325
-20.6264
-20.6198
-20.6245
-20.6225
-20.6312
-20.632
-20.6347
-20.6374
-20.6386
-20.6357
-20.6373
-20.6405
-20.6429
-20.643
-20.6413
-20.6402
-20.6395
-20.6412
-20.6377
-20.6386
-20.6332
-20.6318
-20.6359
-20.6385
-20.6335
-20.6306
-20.6406
-20.6506
-20.6564
-20.6632
-20.6609
-20.6609
-20.6603
-20.6544
-20.6516
-20.6495
-20.6424
-20.6426
-20.65
-20.6458
-20.6371
-20.6381
-20.6362
-20.6375
-20.6362
-20.6236
-20.6266
-20.6287
-20.6275
-20.6288
-20.6299
-20.6339
-20.6348
-20.6416
-20.6415
-20.6462
-20.6437
-20.641
-20.6374
-20.6312
-20.6285
-20.6344
-20.6431
-20.6398
-20.6407
-20.639
-20.6439
-20.6415
-20.6328
-20.6342
-20.6376
-20.6356
-20.6386
-20.6371
-20.6441
-20.6442
-20.6407
-20.64
-20.6345
-20.6305
-20.6345
-20.635
-20.6341
-20.6331
-20.6416
-20.6367
-20.6422
-20.638
-20.6438
-20.6411
-20.6431
-20.6373
-20.6373
-20.6341
-20.6271
-20.6268
-20.6277
-20.6245
-20.6232
-20.616
-20.6186
-20.6205
-20.6302
-20.6352
-20.6365
-20.6365
-20.6324
-20.6363
-20.6392
-20.6319
-20.6332
0
0
0
0
0
0
0
0
0
0
0
0
0
0
0
0
0
0
0
0
0
0
0
0
0
0
0
0
0
0
0
0
0
0
0
0
0
0
0
0
0
0
0
0
0
0
0
0
0
0
0
0
0
0
0
0
0
0
0
0
0
0
0
0
0
0
0
0
0
0
0
0
0
0
0
0
0
0
0
0
0
0
0
0
0
0
0
0
0
0
0
0
0
0
0
0
0
0
0
0
0
0
0
0
0
0
0
0
0
0
0
0
0
0
0
0
0
0
0
0
0
0
0
0
0
0
0
0
0
0
0
0
0
0
0
0
0
0
0
0
0
0
0
0
0
0
0
0
0
0
0
0
0
0
0
0
0
0
0
0
0
0
0
0
0
0
0
0
0
0
0
0
0
0
0
0
0
0
0
0
0
0
0
0
0
0
0
0
0
0
0
0
0
0
0
0
0
0
0
0
0
0
0
0
0
0
0
0
0
0
0
0
0
0
0
0
0
0
0
0
0
0
0
0
0
0
0
0
0
0
0
0
0
0
0
0
0
0
0
0
0
0
0
0
0
0
0
0
0
0
0
0
0
0
0
0
0
0
0
0
0
0
0
0
0
0
0
0
0
0
0
0
0
0
0
0
0
0
0
0
0
0
0
0
0
0
0
0
0
0
0
0
0
0
0
0
0
0
0
0
0
0
0
0
0
0
0
0
0
0
0
0
0
0
0
0
0
0
0
0
0
0
0
0
0
0
0
0
0
0
0
0
0
0
0
0
0
0
0
0
0
0
0
0
0
0
0
0
0
0
0
0
0
0
0
0
0
0
0
0
0
0
0
0
0
0
0
0
0
0
0
0
0
0
0
0
0
0
0
0
0
0
0
0
0
0
0
0
0
0
0
0
0
0
0
0
0
0
0
0
0
0
0
0
0
0
0
0
0
0
0
0
0
0
0
0
0
0
0
0
0
0
0
0
0
0
0
0
0
0
0
0
0
0
0
0
0
0
0
0
0
0
0
0
0
0
0
0
0
0
0
0
0
0
0
0
0
0
0
0
0
0
0
0
0
0
0
0
0
0
0
0
0
0
0
0
0
0
0
0
0
0
0
0
0
0
0
0
0
0
0
0
0
0
0
0
0
0
0
0
0
0
0
0
0
0
0
0
0
0
0
0
0
0
0
0
0
0
0
0
0
0
0
0
0
0
0
0
0
0
0
0
0
0
0
0
0
0
0
0
0
0
0
0
0
0
0
0
0
0
0
0
0
0
0
0
0
0
0
0
0
0
0
0
0
0
0
0
0
0
0
0
0
0
0
0
0
0
0
0
0
0
0
0
0
0
0
0
0
0
0
0
0
0
0
0
0
0
0
0
0
0
0
0
0
0
0
0
0
0
0
0
0
0
0
0
0
0
0
0
0
0
0
0
0
0
0
0
0
0
0
0
0
0
0
0
0
0
0
0
0
0
0
0
0
0
0
0
0
0
0
0
0
0
0
0
0
0
0
0
0
0
0
0
0
0
0
0
0
0
0
0
0
0
0
0
0
0
0
0
0
0
0
0
0
0
0
0
0
0
0
0
0
0
0
0
0
0
0
0
0
0
0
0
0
0
0
0
0
0
0
0
0
0
0
0
0
0
0
0
0
0
0
0
0
0
0
0
0
0
0
0
0
0
0
0
0
0
0
0
0
0
0
0
0
0
0
0
0
0
0
0
0
0
0
0
0
0
0
0
0
0
0
0
0
0
0
0
0
0
0
0
0
0
0
0
0
0
0
0
0
0
0
0
0
0
0
0
0
0
0
0
0
0
0
0
0
0
0
0
0
0
0
0
0
0
0
0
0
0
0
0
0
0
0
0
0
0
0
0
0
0
0
0
0
0
0
0
0
0
0
0
0
0
0
0
0
0
0
0
0
0
0
0
0
0
0
0
0
0
0
0
0
0
0
0
0
0
0
0
0
0
0
0
0
0
0
0
0
0
0
0
0
0
0
0
0
0
0
0
0
0
0
0
0
0
0
0
0
0
0
0
0
0
0
0
0
0
0
0
0
0
0
0
0
0
0
0
0
0
0
0
0
0
0
0
0
0
0
0
0
0
0
0
0
0
0
0
0
0
0
0
0
0
0
0
0
0
0
0
0
0
0
0
0
0
0
0
0
0
0
0
0
0
0
0
0
0
0
0
0
0
0
0
0
0
0
0
0
0
0
0
0
0
0
0
0
0
0
0
0
0
0
0
0
0
0
0
0
0
0
0
0
0
0
0
0
0
0
0
0
0
0
0
0
0
0
0
0
0
0
0
0
0
0
0
0
0
0
0
0
0
0
0
0
0
0
0
0
0
0
0
0
0
0
0
0
0
0
0
0
0
0
0
0
0
0
0
0
0
0
0
0
0
0
0
0
0
0
0
0
0
0
0
0
0
0
0
0
0
0
0
0
0
0
0
0
0
0
0
0
0
0
0
0
0
0
0
0
0
0
0
0
0
0
0
0
0
0
0
0
0
0
0
0
0
0
0
0
0
0
0
0
0
0
0
0
0
0
0
0
0
0
0
0
0
0
0
0
0
0
0
0
0
0
0
0
0
0
0
0
0
0
0
0
0
0
0
0
0
0
0
0
0
0
0
0
0
0
0
0
0
0
0
0
0
0
0
0
0
0
0
0
0
0
0
0
0
0
0
0
0
0
0
