0
0
0
0
0
0
0
0
0
0
0.31475
0.422304
0.561295
0.645345
0.721926
0.775959
0.819607
0.850321
0.874734
0.893275
0.908022
0.917185
0.922099
0.929451
0.931898
0.934322
0.936562
0.944622
0.94754
0.944628
0.94715
0.947124
0.947579
0.954024
0.957112
0.959766
0.962549
0.965598
0.966807
0.968862
0.965557
0.966391
0.965417
0.967375
0.967239
0.966495
0.966394
0.96543
0.968264
0.969494
0.973549
0.975652
0.979904
0.975546
0.97562
0.973351
0.971428
0.968965
0.968448
0.966435
0.963828
0.96496
0.963075
0.961981
0.960731
0.956376
0.956878
0.960531
0.956432
0.953726
0.955217
0.954928
0.955054
0.953576
0.951651
0.951394
0.950796
0.95398
0.953438
0.948403
0.943812
0.936678
0.934423
0.931764
0.933659
0.932995
0.931709
0.92372
0.922256
0.916883
0.910619
0.916459
0.908738
0.898277
0.895928
0.888495
0.884115
0.879652
0.880194
0.871079
0.865305
0.864781
0.861012
0.860622
0.86221
0.857672
0.855559
0.84977
0.842332
0.83225
0.820211
0.806942
0.790294
0.777458
0.764479
0.751061
0.737697
0.725841
0.71143
0.697595
0.68168
0.66479
0.646148
0.630747
0.615589
0.598958
0.582202
0.571151
0.554416
0.533778
0.520835
0.505282
0.488728
0.472104
0.456537
0.438445
0.429421
0.421225
0.407183
0.394981
0.377002
0.361001
0.343072
0.325094
0.309711
0.297264
0.280103
0.261287
0.248169
0.229418
0.209227
0.192745
0.171284
0.156078
0.145765
0.137984
0.127667
0.11617
0.104731
0.0963555
0.0851856
0.0770276
0.0624004
0.0468314
0.0308769
0.0124752
-0.00324702
-0.0135057
-0.0186695
-0.0187618
-0.0140803
-0.0140114
-0.0173549
-0.0198224
-0.031004
-0.0370985
-0.041247
-0.0468246
-0.046604
-0.0484031
-0.0463869
-0.043621
-0.0377814
-0.0336865
-0.0378361
-0.0322502
-0.0280722
-0.021105
-0.013688
-0.00877196
-0.00519892
0.00162831
0.011966
0.0272448
0.0389522
0.0458451
0.0516804
0.0566682
0.0643313
0.069552
0.0809154
0.0988301
0.11685
0.127787
0.143403
0.156826
0.174119
0.18985
0.209012
0.228448
0.245041
0.255462
0.333342
0.307674
0.330291
0.323157
0.335049
0.343262
0.35246
0.35739
0.361548
0.365237
0.370414
0.373465
0.376778
0.386829
0.388688
0.395838
0.403174
0.407169
0.406464
0.414814
0.413377
0.413365
0.415093
0.418675
0.416165
0.413013
0.419023
0.413137
0.414447
0.416961
0.418275
0.431498
0.448115
0.452374
0.464871
0.47014
0.473752
0.479884
0.483954
0.486144
0.495044
0.507178
0.510078
0.519847
0.53059
0.536809
0.549087
0.55038
0.556154
0.558241
0.558913
0.562624
0.562849
0.573947
0.572169
0.573518
0.58096
0.585562
0.603434
0.609374
0.617399
0.622629
0.623012
0.632489
0.636863
0.638298
0.64174
0.643007
0.64635
0.645306
0.641701
0.62958
0.629582
0.631381
0.624618
0.617582
0.608034
0.609257
0.606854
0.607038
0.610266
0.618604
0.625065
0.64244
0.65705
0.68299
0.702574
0.737247
0.759182
0.790838
0.80961
0.838748
0.846675
0.868854
0.874532
0.892343
0.89949
0.91729
0.93186
0.944764
0.96019
0.968933
0.981116
0.985587
0.997611
1.00448
1.00982
1.005
0.995437
0.993059
0.971514
0.963218
0.945372
0.936449
0.925656
0.91321
0.911828
0.900525
0.895201
0.88525
0.878441
0.873633
0.865782
0.86295
0.854501
0.852083
0.8561
0.853057
0.859754
0.863643
0.860507
0.861333
0.867079
0.876958
0.874587
0.865407
0.865914
0.8652
0.866776
0.866149
0.86766
0.876364
0.878252
0.880761
0.945128
0.908788
0.925246
0.942558
0.972062
1.00113
1.04196
1.08756
1.12857
1.1715
1.21812
1.25872
1.30618
1.34629
1.38596
1.41382
1.44407
1.47203
1.48812
1.50152
1.5105
1.5182
1.51707
1.51185
1.50253
1.48486
1.47161
1.46277
1.44695
1.43031
1.41718
1.40788
1.39804
1.39031
1.39455
1.39152
1.38938
1.38388
1.39107
1.39468
1.39732
1.40449
1.40652
1.41684
1.41822
1.41608
1.41265
1.40957
1.39761
1.38918
1.38398
1.37757
1.37643
1.36068
1.35499
1.35741
1.36994
1.3888
1.42706
1.46212
1.51149
1.54852
1.59584
1.64758
1.69105
1.73838
1.7814
1.8236
1.86549
1.9004
1.92851
1.94614
1.95773
1.96107
1.95902
1.95276
1.94452
1.93234
1.92222
1.91843
1.91069
1.90367
1.90656
1.89575
1.88519
1.87924
1.87845
1.87367
1.86614
1.86508
1.86134
1.91928
1.8759
1.87325
1.84041
1.82851
1.83716
1.83419
1.82913
1.82701
1.82706
1.834
1.86113
1.89951
1.94668
1.98667
2.02502
2.06682
2.10704
2.13893
2.18034
2.2172
2.24528
2.26127
2.2715
2.27923
2.28366
2.28308
2.28431
2.27325
2.26355
2.24815
2.24457
2.23188
2.21788
2.20336
2.19958
2.19153
2.1855
2.1828
2.1826
2.18494
2.18257
2.18385
2.18568
2.18395
2.1797
2.18431
2.18549
2.1886
2.18734
2.18929
2.19495
2.26231
2.25208
2.29024
2.31577
2.35653
2.40345
2.44542
2.49889
2.54648
2.5917
2.6344
2.68015
2.73052
2.7678
2.80941
2.83266
2.84957
2.87031
2.87947
2.88798
2.89248
2.89782
2.88946
2.88409
2.87677
2.8621
2.84718
2.84633
2.85148
2.84446
2.84085
2.83011
2.83764
2.82818
2.83098
2.8289
2.83732
2.83581
2.82948
2.83127
2.82161
2.82635
2.83217
2.8549
2.87158
2.95464
2.96414
3.026
3.07171
3.13198
3.19875
3.26931
3.325
3.38755
3.43455
3.48535
3.53187
3.56896
3.59637
3.61301
3.62173
3.6262
3.63579
3.62807
3.62659
3.62454
3.6233
3.60616
3.58434
3.56523
3.55059
3.53604
3.51737
3.50652
3.49509
3.48313
3.47592
3.46264
3.44423
3.42732
3.41205
3.39675
3.38305
3.36171
3.3393
3.31727
3.30186
3.28973
3.2861
3.34648
3.31757
3.34104
3.42017
3.42911
3.47512
3.51491
3.5677
3.62611
3.66641
3.72133
3.77424
3.82054
3.8646
3.96887
3.96788
4.00759
4.02643
4.05225
4.07345
4.09473
4.10981
4.17938
4.15537
4.16892
4.15871
4.1642
4.16632
4.17199
4.17248
4.17868
4.18789
4.1877
4.18926
4.19369
4.25616
4.2117
4.22228
4.20811
4.19986
4.1893
4.1807
4.17703
4.1692
4.17072
4.16851
4.16222
4.16891
4.23479
4.21056
4.23471
4.25887
4.28957
4.32397
4.36615
4.46506
4.47124
4.52415
4.55417
4.59079
4.62563
4.65892
4.69358
4.72304
4.75289
4.78099
4.816
4.82864
4.84285
4.84456
4.84963
4.85431
4.90369
4.86405
4.86126
4.84474
4.89429
4.84257
4.8549
4.84177
4.84209
4.84897
4.84377
4.84804
4.84275
4.83304
4.8307
4.82543
4.82249
4.82432
4.82114
4.83415
4.89335
4.85807
4.87746
4.87307
4.8849
4.88392
4.89044
4.89254
4.89486
4.89337
4.89267
4.90794
4.9068
4.92265
4.93086
4.94752
4.95868
4.99263
5.08655
5.09748
5.14868
5.20301
5.25515
5.36208
5.3686
5.41849
5.44223
5.47567
5.50258
5.52724
5.54889
5.57561
5.5978
5.62586
5.70555
5.69493
5.71355
5.72581
5.73417
5.74228
5.74475
5.73771
5.72931
5.71363
5.75517
5.68752
5.67742
5.63822
5.61104
5.58321
5.55834
5.59434
5.53606
5.53023
5.503
5.49583
5.48644
5.46924
5.46709
5.45631
5.44311
5.43432
5.42091
5.41483
5.39963
5.38413
5.37853
5.3686
5.35626
5.34301
5.34101
5.34088
5.33842
5.34673
5.35783
5.36472
5.37765
5.38658
5.39383
5.40397
5.41643
5.42005
5.42657
5.44308
5.45048
5.46347
5.47291
5.48231
5.48641
5.5006
5.50654
5.50653
5.5052
5.50971
5.52319
5.52796
5.54672
5.56246
5.63093
5.61581
5.63929
5.689
5.66827
5.69339
5.69396
5.69098
5.69203
5.70457
5.7054
5.71065
5.7719
5.74638
5.75267
5.8042
5.78177
5.79867
5.79988
5.82208
5.84022
5.85714
5.87372
5.89422
5.9157
5.94205
5.96415
5.97974
6.00187
6.03071
6.0573
6.07524
6.09491
6.11707
6.14267
6.16692
6.18767
6.19615
6.20782
6.2219
6.23165
6.24406
6.25134
6.25907
6.26856
6.27699
6.28144
6.287
6.2902
6.34824
6.32058
6.33659
6.32808
6.32787
6.32148
6.35802
6.36713
6.3339
6.32879
6.31879
6.36653
6.32376
6.31707
6.3532
6.31018
6.30791
6.34573
6.29984
6.29217
6.26919
6.26206
6.25065
6.29742
6.30896
6.27871
6.26567
6.25084
6.24467
6.23203
6.22647
6.2142
6.2072
6.19523
6.18813
6.18417
6.18255
6.17873
6.18165
6.17611
6.17845
6.17939
6.23439
6.20176
6.21342
6.20263
6.20882
6.20586
6.20658
6.25953
6.22795
6.23841
6.28308
6.24765
6.24693
6.23974
6.24286
6.24667
6.25287
6.26077
6.26807
6.27328
6.28243
6.34514
6.31901
6.33493
6.32589
6.33684
6.33886
6.34489
6.34554
6.3528
6.41765
6.38892
6.45198
6.40971
6.42258
6.46825
6.43518
6.44079
6.43323
6.43572
6.4411
6.44692
6.45389
6.45778
6.51766
6.5426
6.51975
6.57861
6.54604
6.55709
6.5541
6.55838
6.5602
6.56427
6.56941
6.573
6.57506
6.56697
6.5643
6.56508
6.56281
6.56272
6.55745
6.55541
6.5552
6.60842
6.57529
6.57301
6.56044
6.55436
6.54253
6.53593
6.52954
6.52596
6.52606
6.52067
6.51641
6.56474
6.52411
6.5223
6.56619
6.51896
6.51956
6.50779
6.50222
6.48726
6.47504
6.4636
6.50423
6.45493
6.44404
6.46831
6.46629
6.42114
6.44759
6.38661
6.37595
6.35362
6.34214
6.33321
6.37193
6.32416
6.32187
6.30324
6.30061
6.21199
6.26001
6.24809
6.26178
6.26282
6.32149
6.28773
6.29351
6.34265
6.35946
6.33788
6.33617
6.33341
6.38743
6.35162
6.36
6.35285
6.35453
6.35491
6.36251
6.36529
6.37007
6.37453
6.37835
6.37998
6.38493
6.38956
6.44688
6.41988
6.42834
6.41908
6.42428
6.41954
6.41487
6.41203
6.40855
6.41013
6.41091
6.41874
6.42134
6.42013
6.47717
6.44228
6.44474
6.43283
6.48239
6.44896
6.45323
6.44529
6.44409
6.4377
6.48775
6.45535
6.45856
6.4482
6.44607
6.44035
6.44339
6.43932
6.44035
6.43771
6.43926
6.43741
6.48668
6.45034
6.44844
6.43738
6.43457
6.42723
6.42285
6.41761
6.4093
6.40509
6.3999
6.39646
6.38982
6.38241
6.37339
6.36656
6.36539
6.36417
6.36273
6.36329
6.35801
6.35205
6.35008
6.34429
6.38995
6.35204
6.35189
6.34047
6.33503
6.32969
6.32962
6.32855
6.32717
6.3837
6.35283
6.36428
6.41208
6.38368
6.3888
6.38019
6.38316
6.43557
6.40504
6.41376
6.46011
6.42797
6.43051
6.42525
6.42632
6.42741
6.48733
6.45796
6.46626
6.45945
6.46357
6.46001
6.50738
6.46886
6.4744
6.51412
6.48091
6.48067
6.52213
6.48527
6.48542
6.46468
6.45501
6.43758
6.43044
6.42913
6.42294
6.41961
6.41443
6.46672
6.42868
6.4853
6.43793
6.44684
6.43533
6.43276
6.4228
6.47789
6.49085
6.46241
6.51326
6.46334
6.47166
6.4588
6.50679
6.46574
6.47018
6.51625
6.47881
6.48341
6.47679
6.4805
6.48438
6.48077
6.48248
6.48073
6.48743
6.54257
6.51978
6.5326
6.53206
6.53772
6.54112
6.59579
6.56257
6.57467
6.62107
6.59436
6.60323
6.65285
6.62361
6.63508
6.63326
6.63825
6.64391
6.64617
6.70651
6.67816
6.6933
6.69437
6.74596
6.70009
6.70541
6.6938
6.74586
6.70789
6.77191
6.73336
6.72871
6.71511
6.75545
6.71513
6.72377
6.7119
6.70978
6.75863
6.77583
6.7446
6.73659
6.71935
6.75422
6.7186
6.72355
6.71956
6.71769
6.71111
6.70481
6.69715
6.6905
6.6798
6.66873
6.66554
6.6614
6.71108
6.66706
6.71843
6.66731
6.66436
6.69833
6.65365
6.64977
6.6307
6.61559
6.5957
6.62549
6.57369
6.56284
6.58655
6.53181
6.51981
6.49594
6.48112
6.46703
6.45864
6.45168
6.49127
6.44448
6.44141
6.47304
6.47237
6.42229
6.4088
6.38394
6.36889
6.35559
6.34917
6.34301
6.33935
6.34278
6.33892
6.33896
6.33774
6.32276
6.32896
6.3282
6.32922
6.33047
6.34422
6.34787
6.35341
6.36072
6.35536
6.35115
6.35463
6.34544
6.34676
6.34839
6.34864
6.3435
6.34959
6.34316
6.3458
6.34505
6.34353
6.34572
6.35118
6.3498
6.35556
6.35764
6.35914
6.35783
6.35972
6.3553
6.35116
6.35211
6.34795
6.34463
6.34549
6.33786
6.32948
6.31702
6.31335
6.30015
6.2964
6.29262
6.29277
6.28669
6.28494
6.28561
6.27879
6.27994
6.2726
6.2667
6.26467
6.26833
6.26176
6.25582
6.24779
6.23729
6.23078
6.22369
6.22
6.21032
6.20116
6.19144
6.18229
6.18092
6.17577
6.16972
6.1653
6.16013
6.15762
6.15727
6.15158
6.15102
6.1472
6.14187
6.14097
6.13877
6.13804
6.1334
6.12918
6.11795
6.10503
6.09755
6.09337
6.0843
6.06713
6.0526
6.03497
6.01686
5.99283
5.98028
5.9719
5.96852
5.95976
5.95256
5.94645
5.94534
5.9377
5.92318
5.91493
5.90403
5.89857
5.8863
5.8831
5.87473
5.87249
5.86164
5.85749
5.84995
5.83592
5.82735
5.82507
5.83191
5.837
5.83983
5.84016
5.83697
5.84166
5.8421
5.84386
5.85078
5.86567
5.87496
5.88709
5.89159
5.89083
5.89272
5.90084
5.91883
5.93833
5.95435
5.96883
5.98144
6.00108
6.01905
6.04498
6.06321
6.0871
6.10233
6.11437
6.13129
6.15425
6.17573
6.1901
6.19892
6.21366
6.22707
6.23784
6.24058
6.23919
6.23667
6.2397
6.23804
6.23693
6.23747
6.23485
6.23218
6.22716
6.21334
6.20821
6.20428
6.20744
6.20496
6.20518
6.20221
6.19506
6.19125
6.18786
6.19139
6.18775
6.17839
6.16732
6.15538
6.15382
6.14018
6.13069
6.12132
6.11434
6.09731
6.07912
6.06663
6.06232
6.05187
6.04207
6.03359
6.03614
6.048
6.05761
6.06179
6.06408
6.06435
6.06773
6.0607
6.06177
6.06404
6.06125
6.05366
6.05548
6.06389
6.07185
6.07506
6.08125
6.09129
6.097
6.10215
6.11644
6.13176
6.14227
6.15502
6.17023
6.18877
6.20068
6.21054
6.22942
6.24608
6.25173
6.26878
6.2847
6.29157
6.29935
6.31082
6.32055
6.33555
6.35121
6.36704
6.37961
6.39864
6.41629
6.42988
6.43922
6.44229
6.44394
6.44467
6.45027
6.44591
6.4452
6.4375
6.4257
6.41493
6.40159
6.39198
6.3822
6.37708
6.36577
6.35006
6.34163
6.33715
6.3233
6.31377
6.30654
6.30288
6.29338
6.28533
6.28188
6.27281
6.2678
6.2628
6.25804
6.25018
6.24069
6.22702
6.21043
6.20688
6.204
6.19711
6.19192
6.1968
6.19708
6.19268
6.19984
6.20815
6.20877
6.20764
6.21519
6.22125
6.21662
6.22037
6.22003
6.21616
6.21333
6.22081
6.22084
6.2271
6.23166
6.24311
6.24904
6.25782
6.26572
6.26986
6.27778
6.29155
6.30126
6.3087
6.32293
6.33217
6.3427
6.35586
6.36811
6.37909
6.37963
6.37888
6.37076
6.35944
6.34666
6.33825
6.33086
6.3137
6.29977
6.28842
6.27536
6.26505
6.25605
6.24536
6.23458
6.22466
6.20831
6.18673
6.17187
6.15766
6.14326
6.13097
6.12326
6.11194
6.09817
6.08547
6.07393
6.06786
6.06125
6.05118
6.04073
6.02986
6.02248
6.01925
6.0102
6.00643
6.01596
6.02596
6.03727
6.05183
6.06453
6.07153
6.08737
6.0977
6.10964
6.12743
6.13645
6.13446
6.145
6.16883
6.18446
6.20873
6.23376
6.24744
6.25593
6.27553
6.2826
6.28916
6.29209
6.30137
6.30773
6.32
6.329
6.33225
6.33593
6.33631
6.34451
6.34916
6.3518
6.36006
6.3575
6.35229
6.35627
6.35269
6.34081
6.33098
6.32896
6.32303
6.32155
6.31509
6.30566
6.28811
6.27467
6.26709
6.25374
6.24263
6.23039
6.22136
6.21818
6.21678
6.2141
6.21003
6.21212
6.20896
6.20604
6.20342
6.19531
6.18034
6.16793
6.16528
6.16072
6.14224
6.12992
6.11726
6.09943
6.08598
6.07665
6.05632
6.03763
6.0227
6.01476
6.01347
6.01936
6.03126
6.03443
6.04423
6.0607
6.06869
6.07139
6.07735
6.08069
6.08576
6.08962
6.08935
6.09544
6.09838
6.10955
6.11689
6.11302
6.10746
6.10845
6.10904
6.1112
6.11351
6.12271
6.13308
6.13677
6.12424
6.1162
6.09779
6.08035
6.06056
6.04163
6.02406
6.01062
5.98673
5.97668
5.969
5.95697
5.95748
5.95877
5.95531
5.95359
5.95963
5.97195
5.97665
5.98129
5.98809
5.99073
5.99059
5.99234
6.00182
6.00844
6.01765
6.02107
6.03571
6.04289
6.04666
6.0496
6.05908
6.06729
6.07567
6.08665
6.10637
6.12035
6.13474
6.14786
6.1587
6.17581
6.19443
6.21078
6.22189
6.22926
6.2424
6.26233
6.27499
6.28451
6.29432
6.30662
6.31539
6.32581
6.34256
6.36096
6.37892
6.38452
6.39038
6.39767
6.39638
6.38956
6.38974
6.38702
6.38499
6.37942
6.37205
6.362
6.35037
6.35074
6.34282
6.34015
6.34106
6.33042
6.31547
6.30664
6.29744
6.29112
6.28037
6.27042
6.26218
6.25507
6.25056
6.24102
6.23707
6.23231
6.22219
6.20996
6.19091
6.17893
6.15474
6.13299
6.11317
6.09752
6.07908
6.06178
6.0415
6.02285
6.01222
6.00658
5.99689
5.97939
5.96831
5.96347
5.94958
5.92973
5.91633
5.91024
5.9098
5.90841
5.90386
5.89548
5.88957
5.88687
5.88564
5.88253
5.87735
5.87621
5.87332
5.86425
5.85023
5.84618
5.8479
5.85329
5.85241
5.85773
5.86232
5.86964
5.87442
5.88106
5.8838
5.89319
5.90112
5.90506
5.90615
5.90196
5.90168
5.90187
5.91289
5.91621
5.91953
5.9114
5.90833
5.90141
5.90508
5.9026
5.90662
5.90784
5.91524
5.91629
5.91723
5.92057
5.91757
5.92695
5.94581
5.96697
5.98448
5.99643
6.01005
6.02096
6.03918
6.06304
6.09171
6.11189
6.13619
6.15473
6.17547
6.19425
6.22426
6.25023
6.26897
6.27641
6.2861
6.29313
6.30973
6.32135
6.34057
6.3539
6.36747
6.37341
6.39123
6.39568
6.4036
6.40471
6.41028
6.41215
6.4236
6.4271
6.43489
6.43921
6.44779
6.45536
6.46286
6.47107
6.49095
6.50655
6.51905
6.53335
6.5455
6.55411
6.56681
6.57969
6.59349
6.60646
6.61826
6.62975
6.63452
6.64227
6.64748
6.65161
6.6581
6.66099
6.66285
6.65948
6.65872
6.65619
6.65511
6.65323
6.66085
6.66185
6.66555
6.66413
6.6637
6.66156
6.65832
6.65745
6.65871
6.65825
6.65675
6.65443
6.6487
6.64535
6.64205
6.6378
6.63604
6.63411
6.62694
6.62367
6.61579
6.61627
6.60888
6.60512
6.60641
6.60194
6.59684
6.59221
6.58226
6.57204
6.56111
6.55025
6.53676
6.528
6.51823
6.51177
6.50532
6.49619
6.49182
6.47972
6.46742
6.45108
6.43824
6.4243
6.41729
6.4066
6.39485
6.3836
6.37209
6.34982
6.3325
6.30845
6.29059
6.27222
6.25786
6.24723
6.24339
6.23429
6.22269
6.21454
6.20336
6.1949
6.18683
6.17943
6.17215
6.17142
6.16404
6.16008
6.15736
6.15756
6.16095
6.16508
6.16321
6.17142
6.17142
6.16585
6.16304
6.15908
6.15535
6.154
6.15165
6.14861
6.14745
6.14931
6.15144
6.15861
6.16462
6.1771
6.1875
6.20266
6.21625
6.22748
6.23954
6.25071
6.26152
6.27547
6.28575
6.29685
6.30666
6.31623
6.32139
6.33235
6.34018
6.35185
6.36244
6.36892
6.37443
6.38089
6.38655
6.39252
6.39349
6.39381
6.39517
6.44855
6.41174
6.4181
6.40732
6.40918
6.41313
6.40688
6.46222
6.43125
6.48511
6.44765
6.45068
6.44065
6.49363
6.46251
6.51986
6.48187
6.53598
6.49472
6.50314
6.54487
6.50942
6.50897
6.49273
6.48729
6.47804
6.47385
6.47008
6.46304
6.45763
6.45012
6.43911
6.43023
6.49896
6.44478
6.44734
6.43236
6.42615
6.41821
6.41328
6.40554
6.40057
6.39821
6.39312
6.39176
6.38792
6.38659
6.38719
6.38268
6.3772
6.37381
6.36309
6.34981
6.33962
6.32742
6.31643
6.3064
6.29639
6.28717
6.28068
6.27354
6.2631
6.25589
6.24936
6.24301
6.23645
6.22715
6.21917
6.21066
6.2012
6.19536
6.18561
6.17783
6.17207
6.16436
6.15601
6.196
6.16193
6.16329
6.14921
6.14616
6.14152
6.14371
6.14505
6.15163
6.1537
6.16085
6.16574
6.17224
6.17489
6.18473
6.18776
6.19125
6.19045
6.19564
6.20141
6.204
6.21311
6.21823
6.22438
6.23153
6.23589
6.24246
6.24404
6.24777
6.25133
6.2577
6.25733
6.25931
6.2581
6.25686
6.25369
6.25208
6.29237
6.25866
6.26244
6.25659
6.25592
6.25918
6.26334
6.26207
6.26006
6.25397
6.25551
6.25744
6.25798
6.26174
6.27179
6.28423
6.2952
6.30545
6.32322
6.34574
6.3701
6.39671
6.42261
6.44517
6.47013
6.49879
6.53025
6.55844
6.5825
6.6107
6.64803
6.67856
6.71219
6.74209
6.77111
6.80785
6.84315
6.86827
6.89339
6.92094
6.95084
6.97502
7.00354
7.03262
7.05845
7.07793
7.09902
7.12547
7.14841
7.16927
7.19347
7.21359
7.22693
7.24242
7.2621
7.2812
7.31029
7.33278
7.35074
7.37566
7.39281
7.41472
7.43916
7.45565
7.46172
7.4699
7.47438
7.48528
7.49584
7.49456
7.50344
7.5139
7.51794
7.52557
7.51723
7.52328
7.52869
7.52
7.51716
7.51856
7.51767
7.51041
7.50694
7.49604
7.49795
7.47444
7.4717
7.46245
7.45021
7.43363
7.40535
7.39277
7.37048
7.34524
7.3379
7.32377
7.31599
7.31305
7.30507
7.31752
7.30612
7.34881
7.3402
7.34386
7.37749
7.3657
7.3606
7.37296
7.37026
7.38045
7.39071
7.41531
7.41706
7.3954
7.3814
7.3795
7.35856
7.35408
7.35218
7.3746
7.36164
7.3615
7.35968
7.35986
7.36236
7.36627
7.36605
7.38699
7.4028
7.40826
7.41877
7.4318
7.44064
7.44731
7.45957
7.46842
7.46574
7.47423
7.47178
7.47523
7.46022
7.45743
7.4478
7.43881
7.44849
7.42969
7.42526
7.40278
7.37787
7.35411
7.33191
7.31383
7.28538
7.25339
7.23346
7.20937
7.18616
7.16963
7.15883
7.13968
7.12748
7.11581
7.10806
7.10879
7.10848
7.11026
7.1186
7.1181
7.12724
7.14432
7.17611
7.19284
7.2399
7.27072
7.30572
7.34305
7.37981
7.41106
7.44117
7.48366
7.51723
7.54765
7.57457
7.58542
7.60283
7.62206
7.64552
7.66576
7.69078
7.71795
7.73388
7.74866
7.75575
7.76761
7.78107
7.7894
7.80529
7.8071
7.81965
7.82105
7.82561
7.81979
7.80824
7.78574
7.75828
7.7141
7.66766
7.62931
7.58887
7.54259
7.48522
7.44946
7.40776
7.37996
7.35689
7.34933
7.33888
7.3408
7.33635
7.34141
7.34084
7.34791
7.34637
7.35271
7.34832
7.36097
7.3693
7.37825
7.38305
7.38383
7.38715
7.38852
7.39673
7.39609
7.39378
7.39337
7.39213
7.39203
7.38965
7.3823
7.37939
7.3746
7.36578
7.35846
7.34509
7.36228
7.33123
7.32388
7.30345
7.29202
7.28015
7.27253
7.257
7.23898
7.22651
7.21632
7.20896
7.20385
7.19425
7.18248
7.17387
7.17187
7.17448
7.17082
7.16019
7.1504
7.15439
7.16336
7.16603
7.16639
7.16363
7.16174
7.1572
7.15512
7.15606
7.18517
7.1707
7.17847
7.17629
7.18205
7.18302
7.17855
7.1742
7.17395
7.17309
7.17136
7.17375
7.17675
7.17553
7.17304
7.1683
7.16405
7.15962
7.15454
7.14861
7.14127
7.13699
7.13101
7.1306
7.13159
7.1355
7.12977
7.12914
7.12628
7.12143
7.12156
7.11531
7.1192
7.12422
7.1275
7.13238
7.13731
7.1409
7.1454
7.14976
7.15659
7.17115
7.19009
7.20107
7.21716
7.22742
7.23804
7.24525
7.25452
7.25957
7.26289
7.27049
7.27556
7.28666
7.29146
7.2915
7.28901
7.2844
7.28127
7.27469
7.26704
7.2587
7.25345
7.25028
7.24772
7.25075
7.24965
7.2529
7.24812
7.23797
7.233
7.22156
7.20973
7.19398
7.17981
7.1605
7.13147
7.10683
7.08227
7.05805
7.03448
7.02038
7.00411
6.99324
6.98588
6.97953
6.97971
6.97454
6.96162
6.94706
6.92385
6.90824
6.89639
6.88592
6.8785
6.8682
6.85875
6.84479
6.83159
6.82641
6.81698
6.8066
6.79459
6.77238
6.75864
6.73163
6.71053
6.68346
6.65611
6.62953
6.61411
6.60458
6.58831
6.57223
6.55704
6.5465
6.52691
6.5088
6.48046
6.45825
6.43169
6.41266
6.38604
6.35752
6.32648
6.30246
6.27088
6.23993
6.21576
6.19478
6.17971
6.15764
6.14136
6.10729
6.07369
6.04286
6.00383
5.97451
5.93699
5.91034
5.87892
5.85168
5.83075
5.80548
5.78609
5.76354
5.75187
5.73959
5.72745
5.71373
5.70696
5.70319
5.68903
5.68416
5.67838
5.66819
5.66557
5.65825
5.65266
5.65613
5.65639
5.66153
5.68264
5.70463
5.72908
5.7642
5.79759
5.83691
5.8767
5.90951
5.95052
5.97674
5.99874
6.0165
6.02584
6.02711
6.03068
6.02527
6.01793
6.0154
5.99961
5.98627
5.97563
5.96209
5.94159
5.92905
5.90455
5.87416
5.84037
5.81563
5.78963
5.75895
5.72726
5.68908
5.65346
5.61822
5.59164
5.56086
5.53635
5.51239
5.48022
5.45312
5.43302
5.40214
5.37799
5.36846
5.34843
5.33629
5.33274
5.31849
5.30307
5.29819
5.28271
5.26739
5.24887
5.23505
5.2156
5.19656
5.16819
5.14548
5.12943
5.10612
5.08473
5.07016
5.06392
5.05224
5.05114
5.04157
5.03501
5.04291
5.05113
5.0593
5.08054
5.10989
5.13637
5.17643
5.22326
5.26283
5.31022
5.35543
5.40092
5.43717
5.46714
5.49078
5.5125
5.52521
5.5318
5.54008
5.54147
5.54432
5.54777
5.55138
5.54672
5.54024
5.52228
5.51322
5.50582
5.49812
5.48621
5.47733
5.46648
5.46048
5.4575
5.44685
5.43518
5.42329
5.41678
5.40081
5.39423
5.37934
5.36541
5.35306
5.34186
5.33783
5.34137
5.34786
5.35233
5.3571
5.35947
5.35969
5.34901
5.34025
5.33269
5.33104
5.32629
5.32327
5.32845
5.32035
5.31452
5.31329
5.31375
5.31931
5.33136
5.33008
5.33171
5.33771
5.34172
5.35257
5.36582
5.37321
5.39647
5.41309
5.42791
5.45037
5.46869
5.48349
5.50459
5.53694
5.57621
5.62339
5.68239
5.73601
5.80117
5.86017
5.92218
5.97591
6.03236
6.0805
6.11901
6.16324
6.19235
6.23182
6.24889
6.26994
6.28611
6.29727
6.30858
6.31778
6.32504
6.33462
6.33872
6.34343
6.34993
6.34943
6.35617
6.36309
6.37179
6.37153
6.38009
6.37697
6.38667
6.38798
6.40087
6.40506
6.41807
6.42168
6.43362
6.43355
6.43817
6.43929
6.44818
6.45019
6.45647
6.44957
6.45707
6.45554
6.45895
6.45584
6.45828
6.45525
6.45555
6.44212
6.43139
6.41952
6.40912
6.39041
6.37809
6.35657
6.34715
6.32745
6.31425
6.2915
6.28338
6.27603
6.26862
6.26383
6.2529
6.24779
6.24143
6.23349
6.22987
6.2217
6.22071
6.22231
6.22584
6.2255
6.22387
6.22817
6.22639
6.2366
6.23738
6.23496
6.23387
6.23416
6.23789
6.22951
6.23291
6.23325
6.22957
6.23531
6.23356
6.23873
6.24308
6.25008
6.2549
6.25852
6.27424
6.28598
6.302
6.32523
6.34422
6.37102
6.39087
6.4076
6.43421
6.45721
6.47377
6.49711
6.51906
6.54493
6.56752
6.5866
6.60382
6.62163
6.63175
6.63256
6.64172
6.65237
6.66281
6.67781
6.68843
6.69944
6.71283
6.7246
6.72574
6.73297
6.74284
6.75448
6.76927
6.77909
6.7886
6.79393
6.80397
6.8174
6.82816
6.84878
6.87597
6.90923
6.93455
6.95265
6.97762
7.00048
7.01969
7.0366
7.05937
7.07706
7.1046
7.12955
7.14589
7.16522
7.19418
7.21962
7.24039
7.26463
7.29451
7.32481
7.35508
7.38986
7.43
7.46952
7.50957
7.54503
7.5809
7.62137
7.66401
7.70399
7.74214
7.78181
7.82515
7.86728
7.90119
7.93918
7.97904
8.01794
8.05448
8.0921
8.1295
8.17249
8.21778
8.25753
8.29385
8.33242
8.37255
8.41317
8.46149
8.50211
8.54508
8.59027
8.63347
8.68085
8.73283
8.79642
8.85632
8.91303
8.97511
9.03549
9.10225
9.17912
9.24849
9.31882
9.37872
9.44529
9.51036
9.58636
9.67314
9.77206
9.86931
9.97237
10.0825
10.1923
10.312
10.4266
10.5477
10.6633
10.777
10.8757
10.9705
11.068
11.1622
11.2503
11.3427
11.4239
11.5076
11.5882
11.6664
11.7463
11.8216
11.8997
11.9719
12.0461
12.1215
12.2067
12.2831
12.3605
12.4474
12.5339
12.6155
12.6983
12.7834
12.8647
12.9489
13.0347
13.1248
13.2133
13.3083
13.4024
13.5005
13.605
13.7106
13.8154
13.928
14.0449
14.1527
14.2613
14.3646
14.469
14.7372
14.9182
15.1175
15.2962
15.4793
15.6511
15.8275
15.9982
16.1724
16.356
16.5429
16.74
16.9332
17.1295
17.3325
17.5331
17.7285
17.9181
18.093
18.2654
18.4196
18.5667
18.7006
18.8248
18.9256
19.0272
19.123
19.2132
19.2881
19.3597
19.4216
19.4646
19.5011
19.5328
19.5629
19.5999
19.6245
19.6499
19.6789
19.7116
19.7459
19.778
19.792
19.8151
19.8365
19.8559
19.8798
19.9104
19.9463
19.979
20.0259
20.0702
20.1273
20.1787
20.2363
20.2836
20.3367
20.3948
20.4607
20.5397
20.6174
20.7237
20.8199
20.9313
21.0399
21.1543
21.2848
21.4184
21.552
21.6914
21.8388
21.9949
22.153
22.3165
22.4848
22.6566
22.825
23.0056
23.1672
23.3441
23.494
23.6545
23.8092
23.9612
24.109
24.2595
24.4266
24.5865
24.7425
24.8882
25.0318
25.1725
25.3042
25.4355
25.5557
25.6804
25.7994
25.9135
26.0311
26.1424
26.2585
26.378
26.5126
26.6426
26.7756
26.9077
27.0387
27.166
27.2914
27.4174
27.5298
27.652
27.7722
27.8887
28.0107
28.1105
28.209
28.2956
28.3836
28.4607
28.5339
28.6082
28.6751
28.7335
28.7981
28.8685
28.945
29.0095
29.0828
29.1522
29.2189
29.2856
29.3418
29.3975
29.4742
29.5471
29.6247
29.7187
29.8175
29.9144
30.0311
30.1458
30.2622
30.3874
30.5146
30.6442
30.7793
30.9214
31.0571
31.1935
31.3304
31.4704
31.6086
31.7472
31.8807
32.0171
32.1539
32.3081
32.4455
32.5857
32.7212
32.8624
33.0088
33.1526
33.3192
33.4895
33.6614
33.8415
34.0178
34.187
34.3513
34.5157
34.6687
34.8261
34.9866
35.1352
35.2884
35.4448
35.6074
35.7728
35.9343
36.0841
36.2275
36.3928
36.5317
36.6869
36.8424
36.998
37.1508
37.3004
37.4447
37.5844
37.7214
37.8531
37.9785
38.1006
38.2125
38.3113
38.4146
38.4997
38.58
38.6572
38.7319
38.8034
38.876
38.9451
39.0143
39.0755
39.1251
39.1759
39.2355
39.2861
39.3393
39.3947
39.4401
39.4862
39.5322
39.5821
39.6252
39.6674
39.7007
39.7396
39.773
39.8114
39.8413
39.8649
39.9005
39.9327
39.9775
40.0097
40.0579
40.106
40.1599
40.2093
40.2652
40.3252
40.3853
40.4456
40.5006
40.5699
40.6368
40.7138
40.7813
40.8491
40.9192
40.9939
41.0734
41.1565
41.2422
41.3353
41.4205
41.5113
41.6049
41.711
41.8083
41.9145
42.0218
42.1207
42.2344
42.349
42.4612
42.5692
42.673
42.7836
42.8862
42.999
43.108
43.2192
43.3224
43.4302
43.5381
43.6348
43.7275
43.8123
43.8907
43.9777
44.0604
44.1323
44.2061
44.2831
44.3424
44.4004
44.4538
44.4873
44.5311
44.5377
44.5512
44.5623
44.561
44.5667
44.5644
44.579
44.5926
44.6137
44.6464
44.6835
44.7236
44.7699
44.8157
44.8734
44.9389
45.0012
45.0809
45.1776
45.2817
45.3804
45.4856
45.5867
45.6952
45.7965
45.9016
46.0123
46.1278
46.219
46.3343
46.4536
46.5542
46.6612
46.7751
46.8874
47.0025
47.1254
47.2437
47.3721
47.502
47.6187
47.7353
47.8498
47.9602
48.0722
48.1894
48.3123
48.4341
48.5396
48.6599
48.7533
48.8778
48.9868
49.0956
49.1909
49.286
49.3731
49.4583
49.5462
49.6386
49.7326
49.8301
49.9236
50.0344
50.1295
50.2315
50.3363
50.4405
50.5554
50.668
50.7793
50.8739
50.9715
51.0501
51.1312
51.2181
51.2993
51.3792
51.4471
51.5134
51.5694
51.6068
51.6624
51.7061
51.769
51.8373
51.9068
51.9831
52.0633
52.1557
52.2346
52.3142
52.3995
52.4754
52.5568
52.6279
52.712
52.807
52.8913
52.9732
53.0653
53.1655
53.2687
53.3716
53.4846
53.5908
53.7108
53.8271
53.9022
53.753
53.2692
53.0142
52.8348
52.7515
52.7013
52.7146
52.7358
0
0
0
0
0
0
0
0
0
0
0
0
0
0
0
0
0
0
0
0
0
0
0
0
0
0
0
0
0
0
0
0
0
0
0
0
0
0
0
0
0
0
0
0
0
0
0
0
0
0
0
0
0
0
0
0
0
0
0
0
0
0
0
0
0
0
0
0
0
0
0
0
0
0
0
0
0
0
0
0
0
0
0
0
0
0
0
0
0
0
0
0
0
0
0
0
0
0
0
0
0
0
0
0
0
0
0
0
0
0
0
0
0
0
0
0
0
0
0
0
0
0
0
0
0
0
0
0
0
0
0
0
0
0
0
0
0
0
0
0
0
0
0
0
0
0
0
0
0
0
0
0
0
0
0
0
0
0
0
0
0
0
0
0
0
0
0
0
0
0
0
0
0
0
0
0
0
0
0
0
0
0
0
0
0
0
0
0
0
0
0
0
0
0
0
0
0
0
0
0
0
0
0
0
0
0
0
0
0
0
0
0
0
0
0
0
0
0
0
0
0
0
0
0
0
0
0
0
0
0
0
0
0
0
0
0
0
0
0
0
0
0
0
0
0
0
0
0
0
0
0
0
0
0
0
0
0
0
0
0
0
0
0
0
0
0
0
0
0
0
0
0
0
0
0
0
0
0
0
0
0
0
0
0
0
0
0
0
0
0
0
0
0
0
0
0
0
0
0
0
0
0
0
0
0
0
0
0
0
0
0
0
0
0
0
0
0
0
0
0
0
0
0
0
0
0
0
0
0
0
0
0
0
0
0
0
0
0
0
0
0
0
0
0
0
0
0
0
0
0
0
0
0
0
0
0
0
0
0
0
0
0
0
0
0
0
0
0
0
0
0
0
0
0
0
0
0
0
0
0
0
0
0
0
0
0
0
0
0
0
0
0
0
0
0
0
0
0
0
0
0
0
0
0
0
0
0
0
0
0
0
0
0
0
0
0
0
0
0
0
0
0
0
0
0
0
0
0
0
0
0
0
0
0
0
0
0
0
0
0
0
0
0
0
0
0
0
0
0
0
0
0
0
0
0
0
0
0
0
0
0
0
0
0
0
0
0
0
0
0
0
0
0
0
0
0
0
0
0
0
0
0
0
0
0
0
0
0
0
0
0
0
0
0
0
0
0
0
0
0
0
0
0
0
0
0
0
0
0
0
0
0
0
0
0
0
0
0
0
0
0
0
0
0
0
0
0
0
0
0
0
0
0
0
0
0
0
0
0
0
0
0
0
0
0
0
0
0
0
0
0
0
0
0
0
0
0
0
0
0
0
0
0
0
0
0
0
0
0
0
0
0
0
0
0
0
0
0
0
0
0
0
0
0
0
0
0
0
0
0
0
0
0
0
0
0
0
0
0
0
0
0
0
0
0
0
0
0
0
0
0
0
0
0
0
0
0
0
0
0
0
0
0
0
0
0
0
0
0
0
0
0
0
0
0
0
0
0
0
0
0
0
0
0
0
0
0
0
0
0
0
0
0
0
0
0
0
0
0
0
0
0
0
0
0
0
0
0
0
0
0
0
0
0
0
0
0
0
0
0
0
0
0
0
0
0
0
0
0
0
0
0
0
0
0
0
0
0
0
0
0
0
0
0
0
0
0
0
0
0
0
0
0
0
0
0
0
0
0
0
0
0
0
0
0
0
0
0
0
0
0
0
0
0
0
0
0
0
0
0
0
0
0
0
0
0
0
0
0
0
0
0
0
0
0
0
0
0
0
0
0
0
0
0
0
0
0
0
0
0
0
0
0
0
0
0
0
0
0
0
0
0
0
0
0
0
0
0
0
0
0
0
0
0
0
0
0
0
0
0
0
0
0
0
0
0
0
0
0
0
0
0
0
0
0
0
0
0
0
0
0
0
0
0
0
0
0
0
0
0
0
0
0
0
0
0
0
0
0
0
0
0
0
0
0
0
0
0
0
0
0
0
0
0
0
0
0
0
0
0
0
0
0
0
0
0
0
0
0
0
0
0
0
0
0
0
0
0
0
0
0
0
0
0
0
0
0
0
0
0
0
0
0
0
0
0
0
0
0
0
0
0
0
0
0
0
0
0
0
0
0
0
0
0
0
0
0
0
0
0
0
0
0
0
0
0
0
0
0
0
0
0
0
0
0
0
0
0
0
0
0
0
0
0
0
0
0
0
0
0
0
0
0
0
0
0
0
0
0
0
0
0
0
0
0
0
0
0
0
0
0
0
0
0
0
0
0
0
0
0
0
0
0
0
0
0
0
0
0
0
0
0
0
0
0
0
0
0
0
0
0
0
0
0
0
0
0
0
0
0
0
0
0
0
0
0
0
0
0
0
0
0
0
0
0
0
0
0
0
0
0
0
0
0
0
0
0
0
0
0
0
0
0
0
0
0
0
0
0
0
0
0
0
0
0
0
0
0
0
0
0
0
0
0
0
0
0
0
0
0
0
0
0
0
0
0
0
0
0
0
0
0
0
0
0
0
0
0
0
0
0
0
0
0
0
0
0
0
0
0
0
0
0
0
0
0
0
0
0
0
0
0
0
0
0
0
0
0
0
0
0
0
0
0
0
0
0
0
0
0
0
0
0
0
0
0
0
0
0
0
0
0
0
0
0
0
0
0
0
0
0
0
0
0
0
0
0
0
0
0
0
0
0
0
0
0
0
0
0
0
0
0
0
0
0
0
0
0
0
0
0
0
0
0
0
0
0
0
0
0
0
0
0
0
0
0
0
0
0
0
0
0
0
0
0
0
0
0
0
0
0
0
0
0
0
0
0
0
0
0
0
0
0
0
0
0
0
0
0
0
0
0
0
0
0
0
0
0
0
0
0
0
0
0
0
0
0
0
0
0
0
0
0
0
0
0
0
0
0
0
0
0
0
0
0
0
0
0
0
0
0
0
0
0
0
0
0
0
0
0
0
0
0
0
0
0
0
0
0
0
0
0
0
0
0
0
0
0
0
0
0
0
0
0
0
0
0
0
0
0
0
0
0
0
0
0
0
0
0
0
0
0
0
0
0
0
0
0
0
0
0
0
0
0
0
0
0
0
0
0
0
0
0
0
0
0
0
0
0
0
0
0
0
0
0
0
0
0
0
0
0
0
0
0
0
0
0
0
0
0
0
0
0
0
0
0
0
0
0
0
0
0
0
0
0
0
0
0
0
0
0
0
0
0
0
0
0
0
0
0
0
0
0
0
0
0
0
0
0
0
0
0
0
0
0
0
0
0
0
0
0
0
0
0
0
0
0
0
0
0
0
0
0
0
0
0
0
0
0
0
0
0
0
0
0
0
0
0
0
0
0
0
0
0
0
0
0
0
0
0
0
0
0
0
0
0
0
0
0
0
0
0
0
0
0
0
0
0
0
0
0
0
0
0
0
0
0
0
0
0
0
0
0
0
0
0
0
0
0
0
0
0
0
0
0
0
0
0
0
0
0
0
0
0
0
0
0
0
0
0
0
0
0
0
0
0
0
0
0
0
0
0
0
0
0
0
0
0
0
0
0
0
0
0
0
0
0
0
0
0
0
0
0
0
0
0
0
0
0
0
0
0
0
0
0
0
0
0
0
0
0
0
0
0
0
0
0
0
0
0
0
0
0
0
0
0
0
0
0
0
0
0
0
0
0
0
0
0
0
0
0
0
0
0
0
0
0
0
0
0
0
0
0
0
0
0
0
0
0
0
0
0
0
0
0
0
0
0
0
0
0
0
0
0
0
0
0
0
0
0
0
0
0
0
0
0
0
0
0
0
0
0
0
0
0
0
0
0
0
0
0
0
0
0
0
0
0
0
0
0
0
0
0
0
0
0
0
0
0
0
0
0
0
0
0
0
0
0
0
0
0
0
0
0
0
0
0
0
0
0
0
0
0
0
0
0
0
0
0
0
0
0
0
0
0
0
0
0
0
0
0
0
0
0
0
0
0
0
0
0
0
0
0
0
0
0
0
0
0
0
0
0
0
0
0
0
0
0
0
0
0
0
0
0
0
0
0
0
0
0
0
0
0
0
0
0
0
0
0
0
0
0
0
0
0
0
0
0
0
0
0
0
0
0
0
0
0
0
0
0
0
0
0
0
0
0
0
0
0
0
0
0
0
0
0
0
0
0
0
0
0
0
0
0
0
0
0
0
0
0
0
0
0
0
0
0
0
0
0
0
0
0
0
0
0
0
0
0
0
0
0
0
0
0
0
0
0
0
0
0
0
0
0
0
0
0
0
0
0
0
0
0
0
0
0
0
0
0
0
0
0
0
0
0
0
0
0
0
0
0
0
0
0
0
0
0
0
0
0
0
0
0
0
0
0
0
0
0
0
0
0
0
0
0
0
0
0
0
0
0
0
0
0
0
0
0
0
0
0
0
0
0
0
0
0
0
0
0
0
0
0
0
0
0
0
0
0
0
0
0
0
0
0
0
0
0
0
0
0
0
0
0
0
0
0
0
0
0
0
0
0
0
0
0
0
0
0
0
0
0
0
0
0
0
0
0
0
0
0
0
0
0
0
0
0
0
0
0
0
0
0
0
0
0
0
0
0
0
0
0
0
0
0
0
0
0
0
0
0
0
0
0
0
0
0
0
0
0
0
0
0
0
0
0
0
0
0
0
0
0
0
0
0
0
0
0
0
0
0
0
0
0
0
0
0
0
0
0
0
0
0
0
0
0
0
0
0
0
0
0
0
0
0
0
0
0
0
0
0
0
0
0
0
0
0
0
0
0
0
0
0
0
0
0
0
0
0
0
0
0
0
0
0
0
0
0
0
0
0
0
0
0
0
0
0
0
0
0
0
0
0
0
0
0
0
0
0
0
0
0
0
0
0
0
0
0
0
0
0
0
0
0
0
0
0
0
0
0
0
0
0
0
0
0
0
0
0
0
0
0
0
0
0
0
0
0
0
0
0
0
0
0
0
0
0
0
0
0
0
0
0
0
0
0
0
0
0
0
0
0
0
0
0
0
0
0
0
0
0
0
0
0
0
0
0
0
0
0
0
0
0
0
0
0
0
0
0
0
0
0
0
0
0
0
0
0
0
0
0
0
0
0
0
0
0
0
0
0
0
0
0
0
0
0
0
0
0
0
0
0
0
0
0
0
0
0
0
0
0
0
0
0
0
0
0
0
0
0
0
0
0
0
0
0
0
0
0
0
0
0
0
0
0
0
0
0
0
0
0
0
0
0
0
0
0
0
0
0
0
0
0
0
0
0
0
0
0
0
0
0
0
0
0
0
0
0
0
0
0
0
0
0
0
0
0
0
0
0
0
0
0
0
0
0
0
0
0
0
0
0
0
0
0
0
0
0
0
0
0
0
0
0
0
0
0
0
0
0
0
0
0
0
0
0
0
0
0
0
0
0
0
0
0
0
0
0
0
0
0
0
0
0
0
0
0
0
0
0
0
0
0
0
0
0
0
0
0
0
0
0
0
0
0
0
0
0
0
0
0
0
0
0
0
0
0
0
0
0
0
0
0
0
0
0
0
0
0
0
0
0
0
0
0
0
0
0
0
0
0
0
0
0
0
0
0
0
0
0
0
0
0
0
0
0
0
0
0
0
0
0
0
0
0
0
0
0
0
0
0
0
0
0
0
0
0
0
0
0
0
0
0
0
0
0
0
0
0
0
0
0
0
0
0
0
0
0
0
0
0
0
0
0
0
0
0
0
0
0
0
0
0
0
0
0
0
0
0
0
0
0
0
0
0
0
0
0
0
0
0
0
0
0
0
0
0
0
0
0
0
0
0
0
0
0
0
0
0
0
0
0
0
0
0
0
0
0
0
0
0
0
0
0
0
0
0
0
0
0
0
0
0
0
0
0
0
0
0
0
0
0
0
0
0
0
0
0
0
0
0
0
0
0
0
0
0
0
0
0
0
0
0
0
0
0
0
0
0
0
0
0
0
0
0
0
0
0
0
0
0
0
0
0
0
0
0
0
0
0
0
0
0
0
0
0
0
0
0
0
0
0
0
0
0
0
0
0
0
0
0
0
0
0
0
0
0
0
0
0
0
0
0
0
0
0
0
0
0
0
0
0
0
0
0
0
0
0
0
0
0
0
0
0
0
0
0
0
0
0
0
0
0
0
0
0
0
0
0
0
0
0
0
0
0
0
0
0
0
0
0
0
0
0
0
0
0
0
0
0
0
0
0
0
0
0
0
0
0
0
0
0
0
0
0
0
0
0
0
0
0
0
0
0
0
0
0
0
0
0
0
0
0
0
0
0
0
0
0
0
0
0
0
0
0
0
0
0
0
0
0
0
0
0
0
0
0
0
0
0
0
0
0
0
0
0
0
0
0
0
0
0
0
0
0
0
0
0
0
0
0
0
0
0
0
0
0
0
0
0
0
0
0
0
0
0
0
0
0
0
0
0
0
0
0
0
0
0
0
0
0
0
0
0
0
0
0
0
0
0
0
0
0
0
0
0
0
0
0
0
0
0
0
0
0
0
0
0
0
0
0
0
0
0
0
0
0
0
0
0
0
0
0
0
0
0
0
0
0
0
0
0
0
0
0
0
0
0
0
0
0
0
0
0
0
0
0
0
0
0
0
0
0
0
0
0
0
0
0
0
0
0
0
0
0
0
0
0
0
0
0
0
0
0
0
0
0
0
0
0
0
0
0
0
0
0
0
0
0
0
0
0
0
0
0
0
0
0
0
0
0
0
0
0
0
0
0
0
0
0
0
0
0
0
0
0
0
0
0
0
0
0
0
0
0
0
0
0
0
0
0
0
0
0
0
0
0
0
0
0
0
0
0
0
0
0
0
0
0
0
0
0
0
0
0
0
0
0
0
0
0
0
0
0
0
0
0
0
0
0
0
0
0
0
0
0
0
0
0
0
0
0
0
0
0
0
0
0
0
0
0
0
0
0
0
0
0
0
0
0
0
0
0
0
0
0
0
0
0
0
0
0
0
0
0
0
0
0
0
0
0
0
0
0
0
0
0
0
0
0
0
0
0
0
0
0
0
0
0
0
0
0
0
0
0
0
0
0
0
0
0
0
0
0
0
0
0
0
0
0
0
0
0
0
0
0
0
0
0
0
0
0
0
0
0
0
0
0
0
0
0
0
0
0
0
0
0
0
0
0
0
0
0
0
0
0
0
0
0
0
0
0
0
0
0
0
0
0
0
0
0
0
0
0
0
0
0
0
0
0
0
0
0
0
0
0
0
0
0
0
0
0
0
0
0
0
0
0
0
0
0
0
0
0
0
0
0
0
0
0
0
0
0
0
0
0
0
0
0
0
0
0
0
0
0
0
0
0
0
0
0
0
0
0
0
0
0
0
0
0
0
0
0
0
0
0
0
0
0
0
0
0
0
0
0
0
0
0
0
0
0
0
0
0
0
0
0
0
0
0
0
0
0
0
0
0
0
0
0
0
0
0
0
0
0
0
0
0
0
0
0
0
0
0
0
0
0
0
0
0
0
0
0
0
0
0
0
0
0
0
0
0
0
0
0
0
0
0
0
0
0
0
0
0
0
0
0
0
0
0
0
0
0
0
0
0
0
0
0
0
0
0
0
0
0
0
0
0
0
0
0
0
0
0
0
0
0
0
0
0
0
0
0
0
0
0
0
0
0
0
0
0
0
0
0
0
0
0
0
0
0
0
0
0
0
0
0
0
0
0
0
0
0
0
0
0
0
0
0
0
0
0
0
0
0
0
0
0
0
0
0
0
0
0
0
0
0
0
0
0
0
0
0
0
0
0
0
0
0
0
0
0
0
0
0
0
0
0
0
0
0
0
0
0
0
0
0
0
0
0
0
0
0
0
0
0
0
0
0
0
0
0
0
0
0
0
0
0
0
0
0
0
0
0
0
0
0
0
0
0
0
0
0
0
0
0
0
0
0
0
0
0
0
0
0
0
0
0
0
0
0
0
0
0
0
0
0
0
0
0
0
0
0
0
0
0
0
0
0
0
0
0
0
0
0
0
0
0
0
0
0
0
0
0
0
0
0
0
0
0
0
0
0
0
0
0
0
0
0
0
0
0
0
0
0
0
0
0
0
0
0
0
0
0
0
0
0
0
0
0
0
0
0
0
0
0
0
0
0
0
0
0
0
0
0
0
0
0
0
0
0
0
0
0
0
0
0
0
0
0
0
0
0
0
0
0
0
0
0
0
0
0
0
0
0
0
0
0
0
0
0
0
0
0
0
0
0
0
0
0
0
0
0
0
0
0
0
0
0
0
0
0
0
0
0
0
0
0
0
0
0
0
0
0
0
0
0
0
0
0
0
0
0
0
0
0
0
0
0
0
0
0
0
0
0
0
0
0
0
0
0
0
0
0
0
0
0
0
0
0
0
0
0
0
0
0
0
0
0
0
0
0
0
0
0
0
0
0
0
0
0
0
0
0
0
0
0
0
0
0
0
0
0
0
0
0
0
0
0
0
0
0
0
0
0
0
0
0
0
0
0
0
0
0
0
0
0
0
0
0
0
0
0
0
0
0
0
0
0
0
0
0
0
0
0
0
0
0
0
0
0
0
0
0
0
0
0
0
0
0
0
0
0
0
0
0
0
0
0
0
0
0
0
0
0
0
0
0
0
0
0
0
0
0
0
0
0
0
0
0
0
0
0
0
0
0
0
0
0
0
0
0
0
0
0
0
0
0
0
0
0
0
0
0
0
0
0
0
0
0
0
0
0
0
0
0
0
0
0
0
0
0
0
0
0
0
0
0
0
0
0
0
0
0
0
0
0
0
0
0
0
0
0
0
0
0
0
0
0
0
0
0
0
0
0
0
0
0
0
0
0
0
0
0
0
0
0
0
0
0
0
0
0
0
0
0
0
0
0
0
0
0
0
0
0
0
0
0
0
0
0
0
0
0
0
0
0
0
0
0
0
0
0
0
0
0
0
0
0
0
0
0
0
0
0
0
0
0
0
0
0
0
0
0
0
0
0
0
0
0
0
0
0
0
0
0
0
0
0
0
0
0
0
0
0
0
0
0
0
0
0
0
0
0
0
0
0
0
0
0
0
0
0
0
0
0
0
0
0
0
0
0
0
0
0
0
0
0
0
0
0
0
0
0
0
0
0
0
0
0
0
0
0
0
0
0
0
0
0
0
0
0
0
0
0
0
0
0
0
0
0
0
0
0
0
0
0
0
0
0
0
0
0
0
0
0
0
0
0
0
0
0
0
0
0
0
0
0
0
0
0
0
0
0
0
0
0
0
0
0
0
0
0
0
0
0
0
0
0
0
0
0
0
0
0
0
0
0
0
0
0
0
0
0
0
0
0
0
0
0
0
0
0
0
0
0
0
0
0
0
0
0
0
0
0
0
0
0
0
0
0
0
0
0
0
0
0
0
0
0
0
0
0
0
0
0
0
0
0
0
0
0
0
0
0
0
0
0
0
0
0
0
0
0
0
0
0
0
0
0
0
0
0
0
0
0
0
0
0
0
0
0
0
0
0
0
0
0
0
0
0
0
0
0
0
0
0
0
0
0
0
0
0
0
0
0
0
0
0
0
0
0
0
0
0
0
0
0
0
0
0
0
0
0
0
0
0
0
0
0
0
0
0
0
0
0
0
0
0
0
0
0
0
0
0
0
0
0
0
0
0
0
0
0
0
0
0
0
0
0
0
0
0
0
0
0
0
0
0
0
0
0
0
0
0
0
0
0
0
0
0
0
0
0
0
0
0
0
0
0
0
0
0
0
0
0
0
0
0
0
0
0
0
0
0
0
0
0
0
0
0
0
0
0
0
0
0
0
0
0
0
0
0
0
0
0
0
0
0
0
0
0
0
0
0
0
0
0
0
0
0
0
0
0
0
0
0
0
0
0
0
0
0
0
0
0
0
0
0
0
0
0
0
0
0
0
0
0
0
0
0
0
0
0
0
0
0
0
0
0
0
0
0
0
0
0
0
0
0
0
0
0
0
0
0
0
0
0
0
0
0
0
0
0
0
0
0
0
0
0
0
0
0
0
0
0
0
0
0
0
0
0
0
0
0
0
0
0
0
0
0
0
0
0
0
0
0
0
0
0
0
0
0
0
0
0
0
0
0
0
0
0
0
0
0
0
0
0
0
0
0
0
0
0
0
0
0
0
0
0
0
0
0
0
0
0
0
0
0
0
0
0
0
0
0
0
0
0
0
0
0
0
0
0
0
0
0
0
0
0
0
0
0
0
0
0
0
0
0
0
0
0
0
0
0
0
0
0
0
0
0
0
0
0
0
0
0
0
0
0
0
0
0
0
0
0
0
0
0
0
0
0
0
0
0
0
0
0
0
0
0
0
0
0
0
0
0
0
0
0
0
0
0
0
0
0
0
0
0
0
0
0
0
0
0
0
0
0
0
0
0
0
0
0
0
0
0
0
0
0
0
0
0
0
0
0
0
0
0
0
0
0
0
0
0
0
0
0
0
0
0
0
0
0
0
0
0
0
0
0
0
0
0
0
0
0
0
0
0
0
0
0
0
0
0
0
0
0
0
0
0
0
0
0
0
0
0
0
0
0
0
0
0
0
0
0
0
0
0
0
0
0
0
0
0
0
0
0
0
0
0
0
0
0
0
0
0
0
0
0
0
0
0
0
0
0
0
0
0
0
0
0
0
0
0
0
0
0
0
0
0
0
0
0
0
0
0
0
0
0
0
0
0
0
0
0
0
0
0
0
0
0
0
0
0
0
0
0
0
0
0
0
0
0
0
0
0
0
0
0
0
0
0
0
0
0
0
0
0
0
0
0
0
0
0
0
0
0
0
0
0
0
0
0
0
0
0
0
0
0
0
0
0
0
0
0
0
0
0
0
0
0
0
0
0
0
0
0
0
0
0
0
0
0
0
0
0
0
0
0
0
0
0
0
0
0
0
0
0
0
0
0
0
0
0
0
0
0
0
0
0
0
0
0
0
0
0
0
0
0
0
0
0
0
0
0
0
0
0
0
0
0
0
0
0
0
0
0
0
0
0
0
0
0
0
0
0
0
0
0
0
0
0
0
0
0
0
0
0
0
0
0
0
0
0
0
0
0
0
0
0
0
0
0
0
0
0
0
0
0
0
0
0
0
0
0
0
0
0
0
0
0
0
0
0
0
0
0
0
0
0
0
0
0
0
0
0
0
0
0
0
0
0
0
0
0
0
0
0
0
0
0
0
0
0
0
0
0
0
0
0
0
0
0
0
0
0
0
0
0
0
0
0
0
0
0
0
0
0
0
0
0
0
0
0
0
0
0
0
0
0
0
0
0
0
0
0
0
0
0
0
0
0
0
0
0
0
0
0
0
0
0
0
0
0
0
0
0
0
0
0
0
0
0
0
0
0
0
0
0
0
0
0
0
0
0
0
0
0
0
0
0
0
0
0
0
0
0
0
0
0
0
0
0
0
0
0
0
0
0
0
0
0
0
0
0
0
0
0
0
0
0
0
0
0
0
0
0
0
0
0
0
0
0
0
0
0
0
0
0
0
0
0
0
0
0
0
0
0
0
0
0
0
0
0
0
0
0
0
0
0
0
0
0
0
0
0
0
0
0
0
0
0
0
0
0
0
0
0
0
0
0
0
0
0
0
0
0
0
0
0
0
0
0
0
0
0
0
0
0
0
0
0
0
0
0
0
0
0
0
0
0
0
0
0
0
0
0
0
0
0
0
0
0
0
0
0
0
0
0
0
0
0
0
0
0
0
0
0
0
0
0
0
0
0
0
0
0
0
0
0
0
0
0
0
0
0
0
0
0
0
0
0
0
0
0
0
0
0
0
0
0
0
0
0
0
0
0
0
0
0
0
0
0
0
0
0
0
0
0
0
0
0
0
0
0
0
0
0
0
0
0
0
0
0
0
0
0
0
0
0
0
0
0
0
0
0
0
0
0
0
0
0
0
0
0
0
0
0
0
0
0
0
0
0
0
0
0
0
0
0
0
0
0
0
0
0
0
0
0
0
0
0
0
0
0
0
0
0
0
0
0
0
0
0
0
0
0
0
0
0
0
0
0
0
0
0
0
0
0
0
0
0
0
0
0
0
0
0
0
0
0
0
0
0
0
0
0
0
0
0
0
0
0
0
0
0
0
0
0
0
0
0
0
0
0
0
0
0
0
0
0
0
0
0
0
0
0
0
0
0
0
0
0
0
0
0
0
0
0
0
0
0
0
0
0
0
0
0
0
0
0
0
0
0
0
0
0
0
0
0
0
0
0
0
0
0
0
0
0
0
0
0
0
0
0
0
0
0
0
0
0
0
0
0
0
0
0
0
0
0
0
0
0
0
0
0
0
0
0
0
0
0
0
0
0
0
0
0
0
0
0
0
0
0
0
0
0
0
0
0
0
0
0
0
0
0
0
0
0
0
0
0
0
0
0
0
0
0
0
0
0
0
0
0
0
0
0
0
0
0
0
0
0
0
0
0
0
0
0
0
0
0
0
0
0
0
0
0
0
0
0
0
0
0
0
0
0
0
0
0
0
0
0
0
0
0
0
0
0
0
0
0
0
0
0
0
0
0
0
0
0
0
0
0
0
0
0
0
0
0
0
0
0
0
0
0
0
0
0
0
0
0
0
0
0
0
0
0
0
0
0
0
0
0
0
0
0
0
0
0
0
0
0
0
0
0
0
0
0
0
0
0
0
0
0
0
0
0
0
0
0
0
0
0
0
0
0
0
0
0
0
0
0
0
0
0
0
0
0
0
0
0
0
0
0
0
0
0
0
0
0
0
0
0
0
0
0
0
0
0
0
0
0
0
0
0
0
0
0
0
0
0
0
0
0
0
0
0
0
0
0
0
0
0
0
0
0
0
0
0
0
0
0
0
0
0
0
0
0
0
0
0
0
0
0
0
0
0
0
0
0
0
0
0
0
0
0
0
0
0
0
0
0
0
0
0
0
0
0
0
0
0
0
0
0
0
0
0
0
0
0
0
0
0
0
0
0
0
0
0
0
0
0
0
0
0
0
0
0
0
0
0
0
0
0
0
0
0
0
0
0
0
0
0
0
0
0
0
0
0
0
0
0
0
0
0
0
0
0
0
0
0
0
0
0
0
0
0
0
0
0
0
0
0
0
0
0
0
0
0
0
0
0
0
0
0
0
0
0
0
0
0
0
0
0
0
0
0
0
0
0
0
0
0
0
0
0
0
0
0
0
0
0
0
0
0
0
0
0
0
0
0
0
0
0
0
0
0
0
0
0
0
0
0
0
0
0
0
0
0
0
0
0
0
0
0
0
0
0
0
0
0
0
0
0
0
0
0
0
0
0
0
0
0
0
0
0
0
0
0
0
0
0
0
0
0
0
0
0
0
0
0
0
0
0
0
0
0
0
0
0
0
0
0
0
0
0
0
0
0
0
0
0
0
0
0
0
0
0
0
0
0
0
0
0
0
0
0
0
0
0
0
0
0
0
0
0
0
0
0
0
0
0
0
0
0
0
0
0
0
0
0
0
0
0
0
0
0
0
0
0
0
0
0
0
0
0
0
0
0
0
0
0
0
0
0
0
0
0
0
0
0
0
0
0
0
0
0
0
0
0
0
0
0
0
0
0
0
0
0
0
0
0
0
0
0
0
0
0
0
0
0
0
0
0
0
0
0
0
0
0
0
0
0
0
0
0
0
0
0
0
0
0
0
0
0
0
0
0
0
0
0
0
0
0
0
0
0
0
0
0
0
0
0
0
0
0
0
0
0
0
0
0
0
0
0
0
0
0
0
0
0
0
0
0
0
0
0
0
0
0
0
0
0
0
0
0
0
0
0
0
0
0
0
0
0
0
0
0
0
0
0
0
0
0
0
0
0
0
0
0
0
0
0
0
0
0
0
0
0
0
0
0
0
0
0
0
0
0
0
0
0
0
0
0
0
0
0
0
0
0
0
0
0
0
0
0
0
0
0
0
0
0
0
0
0
0
0
0
0
0
0
0
0
0
0
0
0
0
0
0
0
0
0
0
0
0
0
0
0
0
0
0
0
0
0
0
0
0
0
0
0
0
0
0
0
0
0
0
0
0
0
0
0
0
0
0
0
0
0
0
0
0
0
0
0
0
0
0
0
0
0
0
0
0
0
0
0
0
0
0
0
0
0
0
0
0
0
0
0
0
0
0
0
0
0
0
0
0
0
0
0
0
0
0
0
0
0
0
0
0
0
0
0
0
0
0
0
0
0
0
0
0
0
0
0
0
0
0
0
0
0
0
0
0
0
0
0
0
0
0
0
0
0
0
0
0
0
0
0
0
0
0
0
0
0
0
0
0
0
0
0
0
0
0
0
0
0
0
0
0
0
0
0
0
0
0
0
0
0
0
0
0
0
0
0
0
0
0
0
0
0
0
0
0
0
0
0
0
0
0
0
0
0
0
0
0
0
0
0
0
0
0
0
0
0
0
0
0
0
0
0
0
0
0
0
0
0
0
0
0
0
0
0
0
0
0
0
0
0
0
0
0
0
0
0
0
0
0
0
0
0
0
0
0
0
0
0
0
0
0
0
0
0
0
0
0
0
0
0
0
0
0
0
0
0
0
0
0
0
0
0
0
0
0
0
0
0
0
0
0
0
0
0
0
0
0
0
0
0
0
0
0
0
0
0
0
0
0
0
0
0
0
0
0
0
0
0
0
0
0
0
0
0
0
0
0
0
0
0
0
0
0
0
0
0
0
0
0
0
0
0
0
0
0
0
0
0
0
0
0
0
0
0
0
0
0
0
0
0
0
0
0
0
0
0
0
0
0
0
0
0
0
0
0
0
0
0
0
0
0
0
0
0
0
0
0
0
0
0
0
0
0
0
0
0
0
0
0
0
0
0
0
0
0
0
0
0
0
0
0
0
0
0
0
0
0
0
0
0
0
0
0
0
0
0
0
0
0
0
0
0
0
0
0
0
0
0
0
0
0
0
0
0
0
0
0
0
0
0
0
0
0
0
0
0
0
0
0
0
0
0
0
0
0
0
0
0
0
0
0
0
0
0
0
0
0
0
0
0
0
0
0
0
0
0
0
0
0
0
0
0
0
0
0
0
0
0
0
0
0
0
0
0
0
0
0
0
0
0
0
0
0
0
0
0
0
0
0
0
0
0
0
0
0
