0
0
0
0
0
0
-0.000638539
-0.000709985
-0.000692627
-0.000692253
-0.000649837
-0.00067294
-0.000686662
-0.000723488
-0.000695661
-0.000688251
-0.000745773
-0.000666707
-0.000671918
-0.000702715
-0.000691998
-0.000684722
-0.000681491
-0.000705378
-0.000686968
-0.0006471
-0.000661655
-0.000686077
-0.000666051
-0.000656665
-0.000632999
-0.000640372
-0.000649006
-0.000639186
-0.000610957
-0.000641048
-0.000601246
-0.00058002
-0.000580864
-0.000585612
-0.000522366
-0.000567441
-0.00056415
-0.000542551
-0.000581454
-0.000643943
-0.000633308
-0.000599431
-0.000596394
-0.000585763
-0.000548475
-0.000493228
-0.000487397
-0.000480766
-0.000519164
-0.000495265
-0.000467168
-0.000445361
-0.000527664
-0.000518737
-0.000546393
-0.000532058
-0.000490992
-0.000515897
-0.000534579
-0.00056391
-0.000616218
-0.000637101
-0.000651355
-0.000668255
-0.000702035
-0.000718348
-0.000755433
-0.000754703
-0.000788314
-0.00086849
-0.000904981
-0.000929147
-0.000998471
-0.00106315
-0.00108431
-0.00109957
-0.00109347
-0.00112063
-0.00111522
-0.00114889
-0.00121736
-0.00124761
-0.00123431
-0.0012718
-0.00125796
-0.00129605
-0.00133705
-0.00143163
-0.00140921
-0.0014486
-0.00143403
-0.00146585
-0.00152027
-0.00146519
-0.00151168
-0.0014901
-0.0015186
-0.00144992
-0.0014697
-0.001474
-0.0014828
-0.00147778
-0.00149681
-0.00147065
-0.0015102
-0.00155441
-0.00157474
-0.00161218
-0.00163688
-0.00159871
-0.00167265
-0.00169882
-0.00167747
-0.00174561
-0.00175748
-0.00180537
-0.00181503
-0.00192325
-0.00195239
-0.00198596
-0.0020013
-0.00207154
-0.00209109
-0.00214055
-0.00217246
-0.00220858
-0.00221313
-0.00222986
-0.00221245
-0.00223315
-0.00222616
-0.00227249
-0.00239755
-0.00247959
-0.00260523
-0.00270829
-0.00280616
-0.00285515
-0.00293202
-0.00293315
-0.00299077
-0.00304786
-0.00308049
-0.00326633
-0.00331791
-0.00335761
-0.00339835
-0.00342098
-0.00351762
-0.00352094
-0.00366336
-0.00371182
-0.00373433
-0.0037995
-0.00379592
-0.00377066
-0.00379529
-0.00394565
-0.00401364
-0.00414488
-0.00430538
-0.00433981
-0.00434252
-0.00429422
-0.00435446
-0.00444849
-0.00450553
-0.00456789
-0.00459998
-0.00463601
-0.00469194
-0.0039022
-0.00472146
-0.00476364
-0.00475977
-0.00476042
-0.0047379
-0.004756
-0.00470111
-0.00472948
-0.00466689
-0.00471873
-0.00461954
-0.00461601
-0.00458806
-0.00452538
-0.00457058
-0.00460755
-0.00472668
-0.0047544
-0.00470122
-0.00465522
-0.00459575
-0.00452936
-0.00448691
-0.00450973
-0.00450692
-0.00455366
-0.00451862
-0.00437916
-0.00428805
-0.0042244
-0.00412964
-0.00411241
-0.00410766
-0.00404592
-0.0039033
-0.00386662
-0.00391949
-0.00385582
-0.00373757
-0.00363076
-0.00350994
-0.00343683
-0.00339972
-0.00322309
-0.00313755
-0.00314071
-0.00308007
-0.00305919
-0.00299006
-0.0029618
-0.00289031
-0.00297192
-0.00293096
-0.00276868
-0.00280731
-0.00288577
-0.00286079
-0.00283244
-0.00282362
-0.00289471
-0.00295122
-0.00304099
-0.00294058
-0.00282265
-0.00291789
-0.00281655
-0.00265278
-0.0026978
-0.00263843
-0.00258165
-0.00261527
-0.00262599
-0.00260064
-0.00257786
-0.00247938
-0.00238053
-0.00233865
-0.00219875
-0.00227685
-0.0021916
-0.00203361
-0.00202505
-0.00194154
-0.0017902
-0.00177654
-0.00166469
-0.00166603
-0.00148457
-0.00147833
-0.00153646
-0.00141637
-0.00140873
-0.00124083
-0.00121169
-0.00131374
-0.00133649
-0.00143088
-0.00132448
-0.00135919
-0.00133318
-0.00124166
-0.00136838
-0.00135325
-0.0013389
-0.00132226
-0.00142905
-0.0013654
-0.00137725
-0.00151656
-0.00155161
-0.00160902
-0.0015685
-0.00165718
-0.00173551
-0.00176726
-0.00175811
-0.00171158
-0.00157639
-0.00144828
-0.00147632
-0.0016087
-0.00151988
-0.00143498
-0.00128506
-0.00107536
-0.000911601
-0.000750618
-0.000554251
-0.000426442
-0.000208327
-4.80118e-005
6.5738e-005
0.00019496
0.000239116
0.000362186
0.000298934
0.000406585
0.000446061
0.000530077
0.000480679
0.000499185
0.000343548
0.000308794
0.000307969
0.000198825
0.000227115
0.000155758
0.000128941
3.49316e-005
-8.11219e-005
-0.000121039
-9.36048e-005
-2.38428e-005
1.22844e-005
-6.76255e-005
-2.38901e-005
-1.4152e-005
1.94823e-005
1.46139e-005
-4.66771e-005
2.41189e-005
1.98471e-005
0.000129857
0.00017021
7.18339e-005
6.58251e-005
4.32606e-005
-7.13758e-006
0.000100639
-6.94783e-005
4.29186e-005
-4.21196e-005
-0.000128567
-7.11026e-005
-0.000270343
-0.000319594
-0.000453346
-0.000532157
-0.00039135
-0.00041094
-0.000409487
-0.000311907
-0.000135643
-0.000124161
5.03657e-005
0.000253195
0.000411519
0.000665611
0.00106455
0.00122041
0.00150198
0.00178548
0.0020881
0.00226285
0.00243274
0.00269352
0.0027649
0.00277893
0.00286367
0.00287264
0.00262763
0.00256449
0.00260039
0.0025742
0.00250463
0.00258845
0.0025444
0.00244995
0.00245555
0.0023897
0.0023195
0.00236433
0.00250115
0.0025309
0.00250178
0.00257706
0.00269603
0.00269231
0.00262439
0.00257891
0.00270347
0.00270297
0.0026261
0.00268884
0.00270995
0.00258932
0.00233559
0.00214601
0.00204476
0.00182485
0.0015785
0.00155728
0.00162186
0.00146709
0.00140221
0.00149559
0.00166031
0.00168322
0.0017738
0.0020231
0.00241931
0.00279525
0.00300618
0.00331533
0.0035045
0.00371775
0.0039176
0.00408567
0.00419245
0.00423063
0.00430472
0.0043321
0.00437135
0.00434498
0.00439646
0.00431895
0.0043041
0.00433818
0.00441939
0.00452303
0.00455418
0.00461354
0.00465526
0.00470131
0.00472621
0.00480349
0.00481267
0.00483843
0.00484331
0.0048491
0.00472524
0.0046533
0.00457252
0.0044378
0.00532248
0.00453604
0.0044373
0.00426302
0.00429478
0.00428625
0.00436396
0.00451371
0.00474125
0.0049894
0.00518764
0.005532
0.00584116
0.00610243
0.00635652
0.00663642
0.00683801
0.00685742
0.00675107
0.00673511
0.00690779
0.00685367
0.00666921
0.00651374
0.0065059
0.00650224
0.00661474
0.00667396
0.00675736
0.00689334
0.00692903
0.00692379
0.00700744
0.00705552
0.00711713
0.00723122
0.00724044
0.00729952
0.00724588
0.00715245
0.00706315
0.00684349
0.0067368
0.00662578
0.00651556
0.00646553
0.00646639
0.00643536
0.00638942
0.00635292
0.00644149
0.00668495
0.00683199
0.00718018
0.00760006
0.00800333
0.00822493
0.00843675
0.00873683
0.0089205
0.00895834
0.00909389
0.00910113
0.00902119
0.00896141
0.00882313
0.0088082
0.00878024
0.00888383
0.00893336
0.00885896
0.00880009
0.00875298
0.00871671
0.00879967
0.00882134
0.00886638
0.00885309
0.0087539
0.00879108
0.00883956
0.0088601
0.00873835
0.00875673
0.00870034
0.00911128
0.00826933
0.00832252
0.00833303
0.0083158
0.00831448
0.00834172
0.00829608
0.00834516
0.00858948
0.00898708
0.00932292
0.00970801
0.0102214
0.0105695
0.010954
0.0112698
0.01175
0.0119024
0.0120777
0.012158
0.0122128
0.0120983
0.0123026
0.0123389
0.01225
0.0122343
0.0123258
0.0123727
0.0123183
0.0124363
0.0124649
0.0125211
0.0125808
0.0125187
0.0125895
0.0125473
0.0125353
0.0133509
0.0125148
0.0124631
0.0123583
0.0122267
0.0122322
0.0120891
0.0119425
0.0116953
0.0114949
0.011545
0.0114624
0.0112283
0.0110524
0.0118426
0.0110907
0.0110753
0.0112036
0.0115207
0.0119073
0.0120895
0.012306
0.0124427
0.0127397
0.0131167
0.0140988
0.0135662
0.0137256
0.0137856
0.0139361
0.0140169
0.0140379
0.0141489
0.0142993
0.0143569
0.0144985
0.0145879
0.0146579
0.0147249
0.0148018
0.0148387
0.014936
0.0150653
0.0151412
0.0151885
0.0153041
0.0153722
0.0153652
0.0153634
0.0152811
0.015444
0.0154074
0.0153356
0.0153588
0.0153401
0.0152722
0.0150842
0.0150861
0.0150383
0.0148289
0.0148656
0.0149932
0.0149015
0.0148829
0.0150173
0.0150111
0.015093
0.0153684
0.0155761
0.0157147
0.0160941
0.0163601
0.0165395
0.0167344
0.016974
0.0171906
0.017436
0.0176187
0.0177008
0.0178543
0.0178253
0.0178515
0.0178189
0.0177486
0.017893
0.0179325
0.0179828
0.0180176
0.0180473
0.0180314
0.0179249
0.018022
0.0179221
0.0178421
0.0179856
0.0179341
0.0180054
0.0180024
0.0179078
0.0179747
0.0179042
0.0179578
0.0181304
0.0180385
0.0181067
0.0180568
0.0180858
0.0181545
0.0180721
0.0179835
0.0179562
0.0178952
0.0179056
0.0178982
0.017845
0.0178993
0.0179511
0.01789
0.0178858
0.0178626
0.0179049
0.018574
0.0178862
0.0177924
0.0178417
0.0179533
0.0180589
0.0181994
0.0184438
0.0186636
0.0189547
0.0190474
0.0193801
0.0196405
0.0198074
0.0200426
0.0202839
0.0204708
0.0206468
0.0207738
0.0209099
0.0209019
0.0210621
0.0210803
0.0211532
0.021105
0.0210961
0.0211713
0.0211459
0.0211456
0.0210432
0.021026
0.0209513
0.0209699
0.0210176
0.0209597
0.0209906
0.0208993
0.0208878
0.0208543
0.0207963
0.0208895
0.0207951
0.0209246
0.0208799
0.0207551
0.0207579
0.0206023
0.0206086
0.0205995
0.0205435
0.0205197
0.0205345
0.0205566
0.0206314
0.0205284
0.0205677
0.020613
0.020538
0.0205561
0.0205208
0.0206977
0.0207521
0.020718
0.0213549
0.0206305
0.0205896
0.020548
0.0205317
0.0204387
0.0204504
0.0212583
0.0204454
0.0204376
0.0204485
0.0204818
0.0204602
0.0211848
0.0204123
0.0202644
0.0201335
0.020147
0.0200962
0.0200526
0.0201309
0.0201728
0.020165
0.0202326
0.0209846
0.0201064
0.0199957
0.0201604
0.0202003
0.0200771
0.0200535
0.0200874
0.0201231
0.0200496
0.0207544
0.020113
0.0201907
0.0201984
0.0203159
0.02052
0.0205778
0.0205736
0.0213302
0.0206809
0.0209221
0.0217174
0.0211334
0.0219008
0.0219024
0.0220054
0.0214232
0.0215403
0.0215816
0.021692
0.021726
0.0216941
0.0217968
0.0219476
0.022099
0.022137
0.0221597
0.0221331
0.0222176
0.0223934
0.0226032
0.0227225
0.0227091
0.0228062
0.0229922
0.0231682
0.0233706
0.0234761
0.0234942
0.0235646
0.0235099
0.0242898
0.023762
0.0238618
0.0245439
0.0239006
0.0238844
0.0239425
0.0239724
0.0240635
0.0241736
0.024196
0.024155
0.02481
0.0240785
0.0239165
0.0245913
0.0246442
0.0240135
0.0240391
0.0241008
0.0240559
0.0240968
0.023985
0.0247312
0.0240169
0.0239863
0.0240713
0.0240319
0.0240043
0.0239922
0.0240106
0.0239479
0.024647
0.0239936
0.0239322
0.0246372
0.0239758
0.0240107
0.0239974
0.024076
0.0241212
0.0241335
0.0240634
0.0247856
0.0240709
0.024051
0.0248362
0.0247574
0.0239714
0.0246508
0.0239984
0.0240167
0.0239644
0.0240095
0.0239635
0.0246488
0.023952
0.0240034
0.0246886
0.0240609
0.0241332
0.0242122
0.0242534
0.0249587
0.0242737
0.0243509
0.0243744
0.0250625
0.0243852
0.0244402
0.0244765
0.0244821
0.0245335
0.0245101
0.0245366
0.0245483
0.0245527
0.0252809
0.0245831
0.0245574
0.0252848
0.0247055
0.0254357
0.0248193
0.024837
0.0248592
0.0255381
0.0255302
0.0249558
0.0257149
0.0258473
0.0251562
0.0258856
0.0259239
0.025187
0.0252051
0.0252201
0.0259941
0.025298
0.0253154
0.0260079
0.0260652
0.0253673
0.0253282
0.0253165
0.025366
0.0259494
0.0258876
0.0251952
0.0259153
0.0258907
0.0251527
0.0251771
0.0259301
0.0251695
0.0251552
0.0251828
0.0250979
0.0251022
0.0258188
0.0250465
0.025749
0.0257127
0.0249709
0.0249382
0.0248838
0.0248109
0.0248397
0.0255426
0.0247736
0.024812
0.0248554
0.0255363
0.0248806
0.0248979
0.0248583
0.0248609
0.0255881
0.0248308
0.0247575
0.0254447
0.0247596
0.025459
0.0254374
0.0246874
0.0247437
0.025475
0.0247557
0.0254821
0.0247104
0.0246954
0.0246772
0.0247068
0.024763
0.0247377
0.0247129
0.0247065
0.0254104
0.024724
0.0247591
0.0254495
0.0246982
0.0253947
0.0254319
0.0247331
0.0248344
0.0248005
0.0247959
0.0248102
0.0248067
0.0247988
0.0247884
0.0248056
0.024773
0.0248234
0.0255669
0.0248554
0.0248322
0.024941
0.0249497
0.0249454
0.0250504
0.0250177
0.0250067
0.0250802
0.0251241
0.02512
0.0250741
0.0250663
0.0250882
0.0251214
0.0250979
0.0250772
0.0251001
0.0251605
0.0251728
0.0251685
0.0251675
0.0251904
0.0252082
0.0251994
0.0252055
0.0251465
0.0251069
0.0250651
0.0250194
0.0249918
0.0249852
0.0249606
0.02566
0.0249343
0.0248953
0.0248703
0.0248607
0.0248398
0.0248395
0.0248586
0.0247496
0.0247583
0.024752
0.0253902
0.0246805
0.0246628
0.025352
0.024668
0.02465
0.0246326
0.0246802
0.0254132
0.0253916
0.0246864
0.0246799
0.0246968
0.0247119
0.0246906
0.0246963
0.0246621
0.0254371
0.0247772
0.0248001
0.0247829
0.0255266
0.0255405
0.024799
0.0255907
0.0256301
0.0249789
0.0256485
0.025695
0.0249432
0.0249953
0.025022
0.0257517
0.025049
0.0250733
0.0250882
0.025094
0.0251249
0.0251353
0.0250642
0.025816
0.025819
0.0251003
0.0258276
0.0251299
0.025122
0.0251225
0.0251303
0.0252211
0.0251918
0.025167
0.0251398
0.0251071
0.025063
0.0250809
0.0250652
0.0257511
0.0249965
0.0249355
0.0249485
0.0256841
0.0249536
0.0249041
0.0248962
0.0256155
0.0249435
0.0249331
0.0256644
0.0249942
0.0249646
0.0257018
0.0249584
0.0257175
0.0249891
0.0249792
0.0249897
0.0249987
0.0250201
0.0249663
0.0256842
0.0249425
0.0249693
0.0256674
0.0249906
0.0249683
0.0249903
0.0250106
0.0257061
0.0250643
0.0251337
0.025118
0.0251205
0.0251267
0.0257482
0.0258397
0.0251064
0.025153
0.0252644
0.0253203
0.0253362
0.0254223
0.0253827
0.025384
0.0254413
0.0254505
0.0261788
0.0254799
0.0255472
0.026358
0.0257002
0.0257561
0.0264838
0.0258198
0.025866
0.0264666
0.025701
0.0257342
0.0257424
0.0258133
0.0266138
0.0259274
0.0260828
0.0268804
0.026131
0.0261189
0.0261412
0.0261302
0.0262008
0.026295
0.0262877
0.0262848
0.0269217
0.0261757
0.0261458
0.026105
0.0261754
0.026201
0.0262185
0.0261925
0.0261409
0.0261518
0.0260934
0.0261651
0.0261873
0.0268895
0.0260975
0.0260408
0.0260627
0.0260201
0.0267511
0.0259978
0.0266235
0.0258058
0.0258779
0.0257712
0.0257109
0.0257472
0.0264026
0.0255728
0.0255654
0.0254662
0.0254683
0.0254225
0.0254273
0.0254694
0.0261107
0.0254517
0.0260456
0.0252341
0.0252401
0.0259564
0.0252365
0.0251473
0.0250373
0.025032
0.0249252
0.0248086
0.0246967
0.0246526
0.024667
0.0245992
0.0253398
0.0245279
0.0245121
0.0252551
0.024587
0.0244353
0.0244682
0.024546
0.0244913
0.0244523
0.0243431
0.0244219
0.0251393
0.0243569
0.0243285
0.0244059
0.0244567
0.0251429
0.0244177
0.0244695
0.0244895
0.025156
0.0244833
0.0245555
0.0246162
0.0245969
0.0251759
0.024593
0.0247082
0.0247106
0.0246712
0.0247796
0.0247681
0.0247962
0.0248125
0.024837
0.0247126
0.0246124
0.0247349
0.0247774
0.0247938
0.0248776
0.0248614
0.0249028
0.0249268
0.0248917
0.024833
0.024845
0.0247463
0.0246625
0.0247398
0.0247739
0.0247269
0.0248021
0.0248181
0.0248091
0.0248463
0.0247437
0.0245717
0.0245567
0.0244755
0.024439
0.0244433
0.0244406
0.0244294
0.0245102
0.0244369
0.024438
0.0251788
0.0243493
0.0243023
0.0244234
0.024397
0.0244525
0.024521
0.0244938
0.0244114
0.0244355
0.0243437
0.0242854
0.0243774
0.0243354
0.0242512
0.0242804
0.0242264
0.0249135
0.0242112
0.0240172
0.0239339
0.0239488
0.0239428
0.0239433
0.0240736
0.0240804
0.0240686
0.0239908
0.0239576
0.024006
0.0240024
0.023986
0.023983
0.0246577
0.0246134
0.0236984
0.0235805
0.0235259
0.0242984
0.023583
0.0235276
0.0235323
0.0234367
0.024162
0.0234104
0.0233953
0.0234604
0.0234239
0.0234162
0.0233536
0.0240601
0.0232334
0.0232313
0.0232355
0.0232731
0.0232494
0.0232637
0.0232322
0.0231213
0.0238657
0.0230924
0.0238505
0.0230862
0.0230588
0.0237488
0.0229805
0.0230084
0.0229875
0.0230896
0.0231086
0.023093
0.0231119
0.0230908
0.0231011
0.0231352
0.0231353
0.0231798
0.0230838
0.0230646
0.0228951
0.0228533
0.0228378
0.0237108
0.0230073
0.0237498
0.0229318
0.0229622
0.0229414
0.0229312
0.023047
0.023025
0.0237409
0.0229122
0.0229093
0.0236009
0.0227989
0.0227008
0.0225733
0.0225077
0.0225258
0.0225068
0.0225488
0.0232369
0.0224132
0.0223619
0.0231047
0.0224125
0.0224354
0.0223626
0.0222456
0.0221323
0.0220661
0.0221356
0.0221342
0.0228201
0.0221177
0.0221312
0.0220022
0.0220203
0.0220372
0.0227074
0.0220347
0.0220861
0.0221632
0.0220764
0.0220419
0.0226721
0.0219899
0.0219445
0.0220271
0.021973
0.0220063
0.0219531
0.0220502
0.0220201
0.0227273
0.0219352
0.0218912
0.0225335
0.0219254
0.0219349
0.0219284
0.0217851
0.0218217
0.0217582
0.0218467
0.0225958
0.0220046
0.0219919
0.0220242
0.0220639
0.02207
0.0228095
0.0221286
0.0222006
0.0222561
0.0223211
0.0222847
0.0222557
0.0222288
0.0222864
0.0230917
0.0224443
0.0224012
0.0222904
0.0222975
0.0223427
0.0231846
0.0226301
0.0233537
0.0232013
0.0224053
0.0224285
0.0231081
0.0224659
0.0223801
0.0224324
0.0224492
0.0225088
0.0224265
0.0224376
0.0223755
0.0224316
0.0225383
0.022612
0.0225626
0.0226244
0.0226773
0.0227711
0.0235763
0.022906
0.0230577
0.0232152
0.023303
0.0233141
0.0232961
0.0240123
0.0233851
0.0234074
0.0241895
0.023446
0.0234964
0.0235699
0.0235219
0.0236467
0.0236756
0.02381
0.0239253
0.0240347
0.0240191
0.0240223
0.0240115
0.0242055
0.024999
0.024365
0.0250586
0.0243129
0.0243647
0.0244225
0.0244369
0.0251615
0.024511
0.0245669
0.0245359
0.0245401
0.0245531
0.0245494
0.0246284
0.0246555
0.0247432
0.0247042
0.0247244
0.0247202
0.0246107
0.024628
0.0247319
0.0247339
0.0246733
0.0246032
0.0245067
0.0245161
0.0245118
0.0244927
0.0245324
0.0244828
0.0243824
0.0242434
0.0241795
0.0241541
0.0248806
0.0240281
0.023896
0.024563
0.0238094
0.0237726
0.0243598
0.0235032
0.0235306
0.0234837
0.0234817
0.0234693
0.0233468
0.0232868
0.0233256
0.0232513
0.0232243
0.0231827
0.0230802
0.0230911
0.0229816
0.0227709
0.0227118
0.022667
0.0226555
0.0226142
0.0225961
0.0225965
0.0226693
0.0226516
0.0224942
0.0224815
0.0224753
0.0225539
0.022612
0.0232582
0.0225942
0.0225949
0.0226013
0.0225731
0.0225325
0.0225204
0.0225674
0.0226486
0.0226103
0.022637
0.0226942
0.0228368
0.0229685
0.0228998
0.0228862
0.0228636
0.0228625
0.0228594
0.0228521
0.022886
0.0229248
0.0230023
0.0230086
0.0230271
0.0231464
0.0232801
0.0232444
0.0233482
0.0234381
0.0235407
0.0235765
0.0235723
0.0236148
0.023658
0.023682
0.023702
0.0236897
0.0236769
0.0237419
0.0238341
0.0238993
0.0238969
0.0239162
0.0239405
0.0239143
0.0239312
0.0239196
0.0240028
0.0240732
0.0241379
0.0242328
0.0242091
0.0242302
0.0243587
0.0244266
0.0245436
0.0244236
0.0244279
0.0244078
0.0245189
0.0246206
0.024678
0.0247243
0.0247407
0.024861
0.024849
0.024872
0.0248977
0.0249062
0.0249481
0.0248721
0.0247541
0.0246721
0.0246901
0.024646
0.0245695
0.0244251
0.0244047
0.0243462
0.0242974
0.0241819
0.0241167
0.0241198
0.0241343
0.0242627
0.0242489
0.0241624
0.0240851
0.0240285
0.024056
0.0241231
0.0240851
0.0241147
0.0240674
0.0241316
0.0241435
0.0241109
0.0240424
0.0240235
0.0240694
0.0242296
0.0242607
0.0242503
0.0242862
0.0243228
0.0242589
0.0241859
0.0241147
0.024102
0.0241529
0.0242533
0.0241179
0.0240426
0.0240045
0.0240992
0.0241768
0.0241859
0.0242056
0.024323
0.0244111
0.0245721
0.0245367
0.0245008
0.0243702
0.024375
0.0244045
0.0244091
0.0243301
0.0242892
0.0242977
0.0242594
0.0242192
0.0241808
0.0241424
0.0241434
0.0240466
0.0240252
0.0240403
0.0240226
0.0238798
0.0238069
0.0237882
0.023796
0.0237664
0.0237892
0.0238514
0.0239301
0.0238709
0.0239013
0.0237138
0.0236751
0.0235546
0.0235352
0.0234686
0.0235213
0.0234622
0.0234466
0.0233504
0.0233006
0.0232484
0.0231903
0.0231633
0.023102
0.0231083
0.023161
0.0232897
0.0233107
0.0233213
0.0232243
0.0231492
0.0230614
0.0229045
0.0227974
0.0227511
0.0226371
0.0226553
0.0226882
0.0226884
0.0227608
0.0227307
0.022695
0.022673
0.0227175
0.0226986
0.0227623
0.0227013
0.0227134
0.0226546
0.0227435
0.0226893
0.0226908
0.0226964
0.0227112
0.0226498
0.0232941
0.0226138
0.0226766
0.022659
0.0227553
0.0227442
0.0226817
0.023097
0.0227122
0.0226728
0.022717
0.0226613
0.0227089
0.0226858
0.0227057
0.0227818
0.0227779
0.0228722
0.0228301
0.0227667
0.0227533
0.023457
0.0227454
0.0227618
0.0228766
0.0227648
0.0228661
0.0227706
0.0228756
0.0228931
0.0228718
0.0229756
0.0230478
0.0231075
0.0230932
0.0230388
0.0230903
0.0231322
0.0230532
0.0230784
0.0231298
0.0230759
0.0230267
0.0229338
0.022895
0.0227852
0.0227664
0.0227164
0.0227026
0.0227952
0.0227822
0.0228425
0.022862
0.0228664
0.0228678
0.0227604
0.0227244
0.0226938
0.0226944
0.0226241
0.0226532
0.0226141
0.0226455
0.0226784
0.0227198
0.0227165
0.0226918
0.0226545
0.0227284
0.0227879
0.0227742
0.0227524
0.0227817
0.0227097
0.0227179
0.0226636
0.0227216
0.0227107
0.0227788
0.0227986
0.0228806
0.0228859
0.022902
0.0228434
0.0228655
0.022857
0.0229128
0.0230001
0.0229349
0.0229647
0.0230376
0.0231117
0.0232296
0.0233178
0.0233634
0.0234036
0.0233943
0.0233864
0.0233527
0.0233239
0.0237377
0.0232788
0.0233332
0.0233655
0.0234742
0.0235878
0.0236405
0.0237578
0.0238823
0.0238963
0.0239002
0.0239279
0.0239968
0.0240133
0.0240247
0.0240341
0.0241364
0.0242206
0.0243014
0.0243001
0.0243911
0.0244873
0.0245186
0.0245638
0.0245591
0.0245665
0.0246548
0.0247259
0.0246791
0.0247284
0.0246859
0.0246996
0.0246639
0.0246348
0.024707
0.0246732
0.0246431
0.0246454
0.0246963
0.0247148
0.0246692
0.0247443
0.0247685
0.0247463
0.024748
0.0247639
0.024787
0.024716
0.0246606
0.0246244
0.0245745
0.0246605
0.0246957
0.0247417
0.0247983
0.0248118
0.0247414
0.0247574
0.0247599
0.0247254
0.0246643
0.0245687
0.024485
0.0244961
0.0243955
0.0243416
0.0242896
0.024237
0.0242427
0.024187
0.0241571
0.024164
0.0241631
0.0240974
0.024187
0.0242113
0.0241883
0.0241484
0.0241064
0.0240873
0.024125
0.0241431
0.0241087
0.0240965
0.0240513
0.0240045
0.0240332
0.0239138
0.0239287
0.0239336
0.023886
0.0239422
0.0238376
0.0238241
0.0237832
0.0237537
0.0236914
0.0237144
0.0236931
0.0236452
0.0236057
0.0236113
0.0236039
0.0235735
0.0235674
0.0235457
0.0234852
0.023506
0.023497
0.0235247
0.0235086
0.0235221
0.0235193
0.0235139
0.0236182
0.0236594
0.0236733
0.0236873
0.0236684
0.0237124
0.0237361
0.0237933
0.0238021
0.0238018
0.0238084
0.0238028
0.023863
0.0238519
0.0239164
0.0239139
0.0238926
0.0239204
0.0238909
0.0239119
0.0240204
0.024097
0.0241404
0.0242378
0.0242519
0.0242427
0.0242841
0.024305
0.0243026
0.0243674
0.0243809
0.0243711
0.0243197
0.0243954
0.0243731
0.0243649
0.0243573
0.0243811
0.0244049
0.0243846
0.0244263
0.024438
0.0244233
0.0243925
0.0243482
0.0243672
0.0243808
0.024419
0.0244531
0.0244548
0.0244631
0.0244597
0.0244697
0.0244404
0.0244657
0.0243893
0.0243548
0.0243738
0.0244184
0.024395
0.0243425
0.0243125
0.0243045
0.024313
0.0242347
0.0242178
0.0242694
0.0242728
0.0243094
0.0243107
0.0242752
0.0242629
0.0242613
0.0242495
0.024251
0.0242187
0.0242534
0.0242593
0.0242447
0.0242199
0.0242941
0.024247
0.0242728
0.024244
0.0242228
0.0242087
0.0241979
0.0241895
0.024168
0.0241655
0.0241509
0.0241294
0.0240921
0.0241307
0.0241262
0.0241436
0.0242014
0.0242011
0.0241729
0.0241941
0.0241894
0.024159
0.0241865
0.0241894
0.024136
0.0241408
0.024159
0.0241267
0.024112
0.0241096
0.0240662
0.0240835
0.0241278
0.0241397
0.024122
0.0241897
0.0241151
0.0241301
0.0241901
0.0241875
0.0241908
0.0242487
0.024287
0.024255
0.0243545
0.0244241
0.0244642
0.0246505
0.0247346
0.0248347
0.024851
0.0249869
0.0251042
0.0252228
0.025331
0.0254578
0.0256029
0.0257012
0.0259008
0.0260441
0.0262209
0.0262972
0.0263922
0.0265527
0.0266917
0.0267607
0.0267478
0.0268527
0.0270191
0.0271801
0.0272804
0.0273823
0.0274749
0.0275637
0.0276655
0.0277194
0.0278068
0.0280293
0.0281031
0.0282284
0.0282932
0.0282246
0.0282164
0.0282853
0.028442
0.0285184
0.0285312
0.0285721
0.0285628
0.0285736
0.0285906
0.0285981
0.0286572
0.0288211
0.028866
0.0287767
0.0288132
0.0289696
0.0288898
0.0288681
0.0289307
0.0291044
0.0291921
0.0292461
0.0293252
0.0293518
0.0293699
0.0293451
0.0294816
0.0296971
0.0297279
0.0298595
0.0298877
0.0300798
0.0300789
0.0301577
0.0302819
0.0301995
0.0301424
0.0300433
0.0301037
0.0299946
0.030105
0.0300195
0.0299592
0.0298653
0.029857
0.0297206
0.0295242
0.0295153
0.0293699
0.0293286
0.0293576
0.0292387
0.0293106
0.0291305
0.0290456
0.0289679
0.0288637
0.0288236
0.0286761
0.0285913
0.0285498
0.0285959
0.0285147
0.0284667
0.028295
0.0281022
0.0280544
0.0279417
0.0277931
0.0276822
0.0276383
0.0274534
0.0273571
0.027255
0.0270271
0.0268835
0.026856
0.0265766
0.0263052
0.0261718
0.0258766
0.0255576
0.0253228
0.0252478
0.0250732
0.0250081
0.0251584
0.0253253
0.0254382
0.0256598
0.0256881
0.0258705
0.0260715
0.0262588
0.0264953
0.0266451
0.0267949
0.0269693
0.0271023
0.0273218
0.0274856
0.0275764
0.0277222
0.0280358
0.0281996
0.0284455
0.0286569
0.0289091
0.0291369
0.0293369
0.0297907
0.0300258
0.0302706
0.0304778
0.0306898
0.0308315
0.0310128
0.0312043
0.0313559
0.0313742
0.031499
0.0317003
0.0318329
0.0321657
0.0321869
0.0321947
0.0318933
0.0321306
0.032079
0.0320907
0.032219
0.0321991
0.0323476
0.0326739
0.0327872
0.0333436
0.033791
0.0341999
0.0345641
0.0348127
0.0350276
0.0352629
0.0354935
0.03572
0.0359094
0.0359179
0.035957
0.0360507
0.0360953
0.0360713
0.0361012
0.0360483
0.0359354
0.0359835
0.0358229
0.035701
0.035614
0.0353482
0.0350999
0.0348351
0.0344804
0.0342537
0.033902
0.0335527
0.0332911
0.0329517
0.0327363
0.0321334
0.0316803
0.0313478
0.0310177
0.0306774
0.030278
0.0299635
0.0296428
0.0295104
0.0290758
0.0288469
0.028668
0.0285015
0.0281364
0.0278852
0.0275914
0.0274113
0.0271332
0.0269332
0.0267141
0.026523
0.0264048
0.0261502
0.0260029
0.0258722
0.0257018
0.0254372
0.0250928
0.024951
0.0247344
0.0245218
0.0242921
0.0241264
0.023893
0.023623
0.0234933
0.0232235
0.0229324
0.0228942
0.0226255
0.0224034
0.0223308
0.0221821
0.0219456
0.0218795
0.0218615
0.0216837
0.0214451
0.0214155
0.0212754
0.0210781
0.0209208
0.0208674
0.0206697
0.0205314
0.020294
0.0200574
0.0198844
0.0197949
0.019697
0.0196312
0.0194922
0.0193176
0.0192145
0.019096
0.0190143
0.0187962
0.0186326
0.0185395
0.0184278
0.0183597
0.018248
0.0182059
0.0181332
0.0180611
0.0180157
0.0179123
0.0178135
0.017857
0.0178797
0.0178771
0.0179337
0.0178774
0.0177761
0.0178465
0.0178204
0.0178524
0.0179396
0.0180032
0.0180405
0.0180829
0.0180963
0.0181632
0.0182352
0.0183652
0.0185195
0.0187727
0.0190328
0.0191895
0.0193827
0.019631
0.0198556
0.0200502
0.0201573
0.0202949
0.0205292
0.0207079
0.0208335
0.0209453
0.021095
0.021251
0.0214496
0.0216472
0.0218679
0.0221304
0.022331
0.0225679
0.0227364
0.022938
0.0231185
0.023326
0.0234826
0.0236396
0.0236606
0.023693
0.0238001
0.0238119
0.0238247
0.0239047
0.0239925
0.0239971
0.0239583
0.0240009
0.0239994
0.0240306
0.0240222
0.0240657
0.0240261
0.0240457
0.0239819
0.0239566
0.0239993
0.0240467
0.0240626
0.0240762
0.0240232
0.0239376
0.0239663
0.0240306
0.0241517
0.0241913
0.0243034
0.0244431
0.0244603
0.0245397
0.0244858
0.0245315
0.0246579
0.0246427
0.024737
0.0248243
0.0246625
0.0246807
0.0246494
0.0248269
0.0250208
0.0250761
0.0251653
0.0251919
0.0253962
0.0255331
0.0255837
0.0256397
0.0256057
0.0255652
0.0254404
0.0254864
0.0255107
0.0256728
0.0256589
0.0257307
0.0256991
0.0257993
0.0257561
0.0257114
0.0256435
0.0256697
0.0256152
0.0255364
0.0254736
0.0254227
0.0253936
0.025354
0.0251797
0.0253148
0.0252963
0.025389
0.0253218
0.0253468
0.0253453
0.0253373
0.0251308
0.0249554
0.02497
0.024859
0.0249039
0.0249299
0.0249243
0.0247925
0.0247205
0.0247769
0.0246932
0.0247155
0.0247804
0.0247837
0.0250264
0.02511
0.0251678
0.0254187
0.0255767
0.0257813
0.0259232
0.0259731
0.0261787
0.026227
0.0263083
0.0262466
0.026127
0.0260717
0.0258839
0.0257345
0.0256897
0.0257067
0.0257916
0.0256955
0.0254784
0.0253572
0.0252159
0.0248972
0.0246688
0.0244045
0.024228
0.0240335
0.0239137
0.0237187
0.0235294
0.0234742
0.0232957
0.0230252
0.0229866
0.0227522
0.0225582
0.0224777
0.0221438
0.0219126
0.0217244
0.0213943
0.0211806
0.0210109
0.0207728
0.0206921
0.0205967
0.0204426
0.0203592
0.0202164
0.0200134
0.0198817
0.0196516
0.0193011
0.0191206
0.0188392
0.0186383
0.0184088
0.0182572
0.0181303
0.0179648
0.0178253
0.0177009
0.0175145
0.0173525
0.0173186
0.0171147
0.0169938
0.0169293
0.0168376
0.0169261
0.0169959
0.0169371
0.0171738
0.0173711
0.0174554
0.0177077
0.0177833
0.0179048
0.0179818
0.0180413
0.0180102
0.0179978
0.0180379
0.0179566
0.0179063
0.0179268
0.017796
0.0177648
0.0178456
0.017788
0.0178203
0.0179175
0.0178982
0.0178997
0.0179017
0.0177555
0.0177748
0.0177465
0.0177459
0.0176518
0.0175202
0.0174902
0.0174259
0.0173259
0.0173816
0.0172998
0.0173124
0.0173023
0.0171417
0.0170862
0.0170089
0.0169144
0.0168096
0.016813
0.0167134
0.016691
0.0166097
0.0165286
0.0165069
0.0164208
0.0164328
0.0164847
0.0163532
0.0163621
0.0163249
0.0163452
0.0164482
0.0164672
0.0165372
0.0165087
0.0166488
0.0168121
0.0169105
0.01701
0.0171635
0.01731
0.0173831
0.0175398
0.0176061
0.0177818
0.0178519
0.0179362
0.0180931
0.0181334
0.0183532
0.018388
0.0184966
0.0185157
0.0187742
0.0187621
0.0188767
0.0189375
0.0191229
0.0191856
0.0194784
0.0196747
0.0197822
0.0199708
0.0202758
0.0204827
0.0207119
0.0208036
0.0209277
0.0209931
0.0212005
0.0212217
0.0213254
0.0213953
0.0215533
0.0215985
0.0216163
0.0216334
0.0218098
0.0217689
0.0218761
0.0218755
0.0219837
0.0219482
0.0220243
0.02196
0.0220966
0.0221372
0.0222208
0.0221956
0.0223186
0.0224536
0.022468
0.0225494
0.0225951
0.0227289
0.0227947
0.0228143
0.0227839
0.0228091
0.0230549
0.0231398
0.0231901
0.0233403
0.0233907
0.0235282
0.0236689
0.0237004
0.0237276
0.0236405
0.0237247
0.0239129
0.0240007
0.024072
0.0240606
0.0240395
0.0242277
0.0242521
0.0243558
0.0243704
0.0243381
0.0245667
0.0247529
0.0248117
0.0249395
0.024925
0.0248826
0.0249605
0.0249599
0.025051
0.025082
0.0250417
0.0252077
0.0254178
0.0254206
0.0254771
0.0255679
0.025598
0.0257423
0.0259086
0.0259166
0.0260173
0.0260952
0.0260625
0.0260417
0.0262033
0.0263838
0.0264284
0.0265052
0.026575
0.0266198
0.0266869
0.026717
0.0267802
0.0268492
0.0268284
0.0268489
0.0268485
0.0267228
0.0267426
0.0267999
0.0267945
0.0267291
0.0266963
0.026702
0.0266832
0.0266364
0.0266985
0.0267518
0.0267656
0.02666
0.0266449
0.0266893
0.0267136
0.0267184
0.0267328
0.0268026
0.02681
0.0267445
0.0266385
0.0265527
0.0265689
0.0267035
0.0267908
0.0267508
0.0267874
0.0268636
0.0269589
0.0269761
0.0269535
0.0270348
0.0271253
0.0272218
0.0272038
0.0272652
0.0273685
0.0274999
0.0276491
0.0276945
0.0278054
0.0278519
0.0280256
0.0282211
0.0284775
0.0286569
0.0288038
0.0289249
0.0291385
0.0293465
0.0296096
0.0297399
0.0298404
0.0298984
0.0299625
0.0300984
0.0302967
0.0304585
0.0306064
0.0307656
0.0307812
0.0308967
0.031146
0.0312481
0.0313353
0.0314296
0.0315755
0.0315687
0.0317391
0.0318847
0.0319811
0.0321725
0.0322618
0.0323081
0.0322927
0.032506
0.0326474
0.0328156
0.032979
0.0330658
0.0332106
0.0333473
0.0334217
0.0335682
0.0337184
0.0338464
0.0340057
0.0342052
0.0343508
0.034582
0.0348394
0.035132
0.0352866
0.0354262
0.0356455
0.035893
0.0360305
0.0362815
0.036488
0.0366376
0.036757
0.0370078
0.0372147
0.0374492
0.0376435
0.0378595
0.0381185
0.0383915
0.0385504
0.0388017
0.0390396
0.0392557
0.0395274
0.0399199
0.0402519
0.0404758
0.0406824
0.0409507
0.0412444
0.0414922
0.0417229
0.0419667
0.0421882
0.0425223
0.0428537
0.043116
0.043456
0.0438166
0.0441723
0.044549
0.0449051
0.0453188
0.0457912
0.0460483
0.0463829
0.0467678
0.047179
0.0476003
0.0479114
0.0482482
0.0487067
0.0491206
0.0493867
0.0497908
0.0502631
0.0506947
0.0511605
0.0516019
0.0520074
0.0523651
0.0528214
0.0532606
0.0537953
0.0542048
0.0547386
0.0552307
0.0557359
0.0562973
0.0569081
0.0574176
0.058029
0.0584012
0.0589278
0.0594021
0.0599376
0.0605614
0.061164
0.061866
0.0624895
0.0652987
0.0667277
0.0677472
0.0694653
0.0715947
0.0728741
0.0744061
0.0759665
0.077576
0.078859
0.0801457
0.0813117
0.0823145
0.0831562
0.0840211
0.0848794
0.0857533
0.0864798
0.0872268
0.0879929
0.0886729
0.089278
0.0898112
0.0902873
0.0907671
0.0911546
0.0914014
0.0917646
0.0921642
0.0923404
0.092461
0.0924836
0.0924255
0.0922943
0.0920525
0.0919179
0.0917291
0.0917728
0.0918387
0.0917455
0.0911682
0.0908157
0.0904143
0.0902286
0.0900719
0.0899786
0.0900366
0.0901846
0.0900949
0.0900006
0.0900799
0.0901181
0.0900851
0.0901139
0.0900106
0.0902004
0.0901712
0.0902776
0.0904734
0.0906278
0.0910227
0.0911759
0.0913064
0.0914429
0.0914571
0.0916529
0.0918077
0.0922357
0.0926336
0.0929889
0.093382
0.0937399
0.0941613
0.094657
0.0930855
0.0937424
0.0943807
0.0950443
0.0956624
0.0962958
0.0970335
0.0977963
0.0984246
0.0990396
0.0996793
0.102405
0.103178
0.103933
0.104774
0.105655
0.107009
0.108291
0.109266
0.110774
0.112425
0.114162
0.115848
0.117456
0.118869
0.120138
0.121504
0.122535
0.124347
0.125687
0.127326
0.128827
0.129899
0.131141
0.132048
0.133034
0.133944
0.135074
0.135833
0.13673
0.137329
0.137872
0.138302
0.138435
0.138816
0.13888
0.139001
0.139177
0.139128
0.139374
0.139307
0.138993
0.138829
0.138615
0.138369
0.138078
0.137835
0.137574
0.13751
0.137426
0.137355
0.137101
0.136593
0.136511
0.136437
0.136405
0.13631
0.136308
0.13638
0.13649
0.136803
0.136939
0.137158
0.137248
0.137375
0.137572
0.137765
0.138041
0.13846
0.138927
0.139201
0.139777
0.140271
0.140795
0.141288
0.141863
0.142405
0.143083
0.143824
0.144599
0.145372
0.146067
0.146816
0.1476
0.148352
0.149564
0.150652
0.151679
0.152634
0.153625
0.154603
0.155629
0.156823
0.157695
0.158688
0.159841
0.16097
0.162191
0.16331
0.164292
0.165294
0.166141
0.167471
0.168545
0.169612
0.170809
0.171953
0.173047
0.173947
0.174981
0.176005
0.177018
0.177854
0.178523
0.17946
0.180039
0.180627
0.181345
0.182077
0.182565
0.183106
0.183564
0.184045
0.184463
0.184726
0.184976
0.185386
0.185485
0.185574
0.185718
0.185749
0.185818
0.185833
0.185768
0.185888
0.185839
0.18591
0.185643
0.185363
0.18508
0.184826
0.18481
0.184711
0.184508
0.184434
0.184478
0.18441
0.184284
0.183894
0.183745
0.18357
0.183385
0.183218
0.183216
0.18317
0.183007
0.183068
0.183169
0.183331
0.18325
0.183318
0.183465
0.183654
0.183898
0.184105
0.184416
0.184754
0.18516
0.185662
0.186109
0.186369
0.186783
0.187265
0.187877
0.188335
0.188906
0.18941
0.18975
0.190308
0.19092
0.191473
0.191968
0.192561
0.193192
0.193721
0.194334
0.194674
0.195158
0.195733
0.196289
0.196762
0.197303
0.197764
0.198127
0.198577
0.199006
0.199544
0.199966
0.200438
0.200803
0.201027
0.201307
0.201777
0.202107
0.20235
0.202562
0.202942
0.203436
0.20384
0.204272
0.204664
0.204847
0.20512
0.2055
0.20566
0.206114
0.206704
0.207018
0.206988
0.207252
0.207473
0.207588
0.207939
0.208056
0.20812
0.208317
0.208436
0.208563
0.208567
0.208738
0.208924
0.209237
0.209599
0.209754
0.210102
0.210477
0.211141
0.21136
0.211747
0.212186
0.212536
0.212938
0.213245
0.21382
0.214254
0.21476
0.214962
0.215255
0.215723
0.216056
0.216553
0.217011
0.217374
0.218079
0.218379
0.218933
0.219362
0.219831
0.220406
0.220905
0.2214
0.221791
0.222138
0.222764
0.223126
0.223734
0.224369
0.22463
0.225204
0.225776
0.226321
0.226967
0.227515
0.227921
0.228587
0.22928
0.23015
0.230829
0.231745
0.232586
0.233359
0.233983
0.234697
0.235382
0.236078
0.236647
0.237492
0.237911
0.238282
0.238877
0.239137
0.239768
0.240268
0.240861
0.241381
0.242007
0.242556
0.24334
0.24412
0.245045
0.245733
0.246477
0.247238
0.247699
0.248443
0.248948
0.249606
0.250369
0.250986
0.251734
0.252139
0.252506
0.253232
0.253724
0.254148
0.254458
0.254691
0.255123
0.255299
0.255753
0.256079
0.256527
0.257068
0.257406
0.257956
0.258443
0.25903
0.25978
0.260509
0.261281
0.262016
0.262967
0.264061
0.265363
0.266508
0.267794
0.268733
0.269981
0.27133
0.27218
0.27323
0.274385
0.27556
0.27642
0.27728
0.278181
0.279075
0.28045
0.281022
0.281915
0.282855
0.283703
0.284647
0.285427
0.28651
0.287434
0.288458
0.289395
0.290363
0.291428
0.292303
0.293276
0.29415
0.295201
0.296161
0.297068
0.297994
0.299141
0.300305
0.301311
0.302324
0.30322
0.304316
0.305638
0.30628
0.307281
0.308276
0.309193
0.310101
0.311094
0.311999
0.312792
0.313626
0.314447
0.315417
0.316354
0.317195
0.318005
0.318661
0.3194
0.320179
0.321169
0.322052
0.323237
0.324075
0.325191
0.3262
0.327153
0.328186
0.329357
0.330195
0.331349
0.332485
0.333308
0.334271
0.335512
0.335767
0.33642
0.337243
0.337873
0.338257
0.339173
0.339646
0.340156
0.340707
0.341333
0.342094
0.342841
0.343535
0.344589
0.345426
0.346275
0.346953
0.347834
0.348546
0.349176
0.349683
0.350047
0.350319
0.350416
0.350664
0.350895
0.351269
0.35166
0.351956
0.352329
0.352542
0.352887
0.353043
0.353329
0.353597
0.353937
0.35417
0.354376
0.354563
0.35485
0.355138
0.355435
0.35563
0.35585
0.356219
0.356565
0.357126
0.357608
0.358026
0.358592
0.358954
0.359463
0.359889
0.360194
0.360885
0.361052
0.361293
0.361448
0.361619
0.361954
0.362236
0.362565
0.362918
0.363198
0.36365
0.363996
0.36461
0.365018
0.365633
0.366092
0.366685
0.367045
0.367707
0.36826
0.368752
0.369504
0.369955
0.370433
0.37072
0.371028
0.371334
0.371572
0.37185
0.372157
0.372644
0.372814
0.373385
0.373552
0.373888
0.374904
0.374739
0.375116
0.375521
0.375869
0.376027
0.376302
0.376473
0.376482
0.376601
0.376703
0.376819
0.376715
0.376788
0.376675
0.376662
0.376631
0.376637
0.376676
0.376715
0.376727
0.376875
0.377015
0.377147
0.377227
0.377333
0.377431
0.378188
0.377837
0.378137
0.378282
0.378432
0.378544
0.378776
0.378867
0.379091
0.379346
0.379427
0.379483
0.379622
0.379793
0.379934
0.380062
0.380225
0.380395
0.380446
0.380616
0.380867
0.381009
0.381329
0.381604
0.38181
0.38206
0.382273
0.382515
0.38307
0.383845
0.384166
0.384629
0.386978
0.387185
0.387356
0.388063
0.387592
0.387684
0.387684
0.387744
0.387783
0.387912
0.38801
0.38809
0.388258
0.388204
0.388379
0.388357
0.388368
0.388439
0.388569
0.388654
0.388787
0.389066
0.389346
0.389541
0.389762
0.389893
0.390026
0.390327
0.39062
0.390877
0.391164
0.391435
0.391659
0.391881
0.392075
0.392305
0.39246
0.392808
0.394019
0.393715
0.393971
0.394334
0.394734
0.395022
0.395282
0.395684
0.396134
0.39679
0.397246
0.397728
0.398266
0.39951
0.39926
0.399708
0.400095
0.400655
0.401164
0.401672
0.402156
0.402581
0.402985
0.403373
0.403829
0.404129
0.404528
0.404845
0.405153
0.405477
0.405806
0.406154
0.407115
0.406861
0.37618
0.407422
0.408351
0.408043
0.408308
0.408585
0.408822
0.408997
0.409291
0.409497
0.409738
0.410012
0.41028
0.41061
0.41093
0.411198
0.411474
0.411698
0.412035
0.412349
0.412683
0.412941
0.413258
0.413552
0.413747
0.41397
0.414208
0.415033
0.414614
0.414863
0.415236
0.415532
0.415784
0.416182
0.416606
0.416973
0.417316
0.417627
0.417899
0.4182
0.418518
0.418854
0.419092
0.419358
0.419662
0.419978
0.420293
0.420576
0.420846
0.421065
0.421814
0.421421
0.421602
0.42183
0.422015
0.422201
0.422324
0.422352
0.423068
0.422385
0.422468
0.422533
0.422432
0.422527
0.422495
0.422589
0.422711
0.422829
0.422926
0.422966
0.42315
0.42326
0.423382
0.423475
0.423648
0.423765
0.423967
0.424118
0.424265
0.424433
0.42469
0.424893
0.425039
0.42519
0.425437
0.425554
0.425659
0.426458
0.425993
0.426145
0.426294
0.426466
0.426627
0.426829
0.427049
0.427269
0.427533
0.427682
0.427887
0.428147
0.42837
0.428509
0.428628
0.428774
0.428958
0.429168
0.429485
0.429691
0.429845
0.430025
0.430212
0.400023
0.430447
0.430566
0.430741
0.430862
0.431044
0.431246
0.431415
0.431437
0.431606
0.431729
0.431719
0.43176
0.431848
0.431929
0.432015
0.43224
0.432272
0.432339
0.432534
0.432719
0.432795
0.432852
0.432929
0.433033
0.433278
0.433479
0.433703
0.433954
0.434154
0.434393
0.434678
0.434945
0.435197
0.435478
0.435765
0.435998
0.436999
0.436703
0.437013
0.437364
0.437797
0.438084
0.43854
0.439015
0.43951
0.439939
0.440302
0.440722
0.441114
0.441627
0.44199
0.442269
0.443331
0.44312
0.443468
0.443795
0.444208
0.445209
0.445501
0.445213
0.445524
0.445842
0.44619
0.446615
0.446928
0.447333
0.447649
0.447793
0.448119
0.448448
0.448747
0.44895
0.449321
0.449622
0.449932
0.450936
0.450624
0.450935
0.451226
0.451543
0.451792
0.452106
0.453071
0.452854
0.453231
0.453646
0.45398
0.454321
0.455298
0.45502
0.45526
0.456281
0.456004
0.456369
0.456727
0.45708
0.457436
0.457757
0.458096
0.459112
0.458733
0.458984
0.459328
0.460282
0.459935
0.460193
0.460609
0.460894
0.46176
0.461459
0.461722
0.462604
0.462826
0.462376
0.462589
0.462865
0.463044
0.463202
0.463316
0.464049
0.463516
0.463723
0.464479
0.463959
0.464755
0.464309
0.464514
0.464689
0.465378
0.464873
0.464948
0.465668
0.465119
0.465298
0.465461
0.4656
0.465811
0.465944
0.466098
0.466308
0.467115
0.46726
0.466744
0.467533
0.467045
0.467199
0.467453
0.467612
0.467755
0.467886
0.468746
0.468931
0.46859
0.468805
0.468977
0.469228
0.469445
0.469737
0.469926
0.470169
0.470365
0.470519
0.470667
0.470814
0.47094
0.47176
0.471377
0.472294
0.471844
0.472071
0.472325
0.472581
0.473485
0.473125
0.474044
0.474285
0.473918
0.474154
0.474352
0.474519
0.474741
0.474928
0.475116
0.475347
0.475605
0.475867
0.476141
0.476372
0.476631
0.476845
0.477071
0.477339
0.477546
0.477798
0.478703
0.478396
0.478692
0.479604
0.479921
0.480237
0.479894
0.480212
0.48113
0.480775
0.481082
0.481419
0.481789
0.482102
0.482444
0.48272
0.483024
0.483346
0.483655
0.483971
0.484315
0.4846
0.484919
0.485197
0.485517
0.4858
0.486108
0.486436
0.486746
0.487119
0.487493
0.487816
0.488176
0.488566
0.488956
0.489301
0.49025
0.489895
0.490166
0.490487
0.49077
0.491045
0.49135
0.491683
0.49265
0.492342
0.49332
0.492972
0.493244
0.493557
0.493822
0.494105
0.495046
0.494774
0.495064
0.495354
0.495665
0.495897
0.4961
0.496277
0.496472
0.49666
0.496776
0.4969
0.497093
0.497142
0.497345
0.498142
0.497774
0.497994
0.498237
0.498522
0.498747
0.499021
0.499268
0.499541
0.499852
0.500165
0.501111
0.500823
0.501184
0.502151
0.501859
0.502131
0.502362
0.502638
0.503541
0.503235
0.503484
0.504409
0.504087
0.50435
0.50471
0.505039
0.505396
0.505626
0.505834
0.506098
0.507017
0.506667
0.507002
0.507312
0.507724
0.508145
0.50845
0.508834
0.509159
0.509533
0.50988
0.510266
0.510653
0.511069
0.511501
0.511954
0.512395
0.512857
0.513311
0.513736
0.51487
0.514701
0.515775
0.516258
0.516143
0.516594
0.517048
0.517485
0.517975
0.518421
0.518897
0.520066
0.519947
0.520455
0.520973
0.521522
0.522014
0.522584
0.523206
0.524495
0.52455
0.525275
0.525974
0.527297
0.527367
0.527944
0.528604
0.529914
0.52997
0.53064
0.531442
0.532219
0.533721
0.534452
0.534546
0.535367
0.536695
0.536835
0.537551
0.538154
0.53899
0.539738
0.540366
0.541073
0.541766
0.543162
0.543274
0.543957
0.544645
0.546071
0.546157
0.546866
0.547476
0.548184
0.54899
0.549772
0.550513
0.551221
0.551993
0.55262
0.553379
0.554047
0.554706
0.555417
0.556668
0.556659
0.557365
0.558006
0.558699
0.559324
0.559909
0.560519
0.561105
0.561616
0.562216
0.562866
0.56401
0.563979
0.564573
0.565163
0.565833
0.566344
0.56685
0.567434
0.567968
0.56912
0.569095
0.569677
0.570868
0.570903
0.571517
0.572083
0.572699
0.57321
0.573751
0.574267
0.574753
0.575999
0.575896
0.576336
0.577295
0.577085
0.577541
0.578014
0.578513
0.579007
0.579438
0.579921
0.581145
0.580902
0.581172
0.581805
0.582391
0.582913
0.583515
0.584063
0.584565
0.585607
0.585359
0.585699
0.586112
0.58666
0.58723
0.588517
0.588443
0.588888
0.589306
0.589836
0.590346
0.590741
0.591237
0.592408
0.592294
0.595337
0.596347
0.597482
0.598597
0.599349
0.600808
0.601661
0.602025
0.603158
0.604208
0.605325
0.60614
0.607043
0.608045
0.60897
0.609699
0.610773
0.611765
0.613023
0.61387
0.614977
0.615791
0.616108
0.617121
0.617731
0.618391
0.618896
0.619082
0.619977
0.620375
0.62049
0.620944
0.621256
0.621379
0.620752
0.620536
0.620924
0.620978
0.620803
0.620407
0.620302
0.620008
0.619585
0.619092
0.618712
0.618784
0.618566
0.618324
0.617765
0.617277
0.616763
0.6161
0.615755
0.615212
0.614783
0.614487
0.61445
0.613959
0.613911
0.613968
0.613807
0.613423
0.613272
0.613433
0.61324
0.613249
0.613561
0.61375
0.613962
0.614261
0.614645
0.614954
0.615393
0.615726
0.616096
0.616724
0.617534
0.618224
0.618721
0.619527
0.620315
0.621744
0.622233
0.623224
0.621876
0.623167
0.624441
0.625477
0.626474
0.630539
0.631987
0.633459
0.635108
0.637243
0.639382
0.641346
0.642971
0.644573
0.646262
0.648259
0.650068
0.65222
0.654218
0.65637
0.658364
0.66011
0.661954
0.663832
0.665428
0.666879
0.668599
0.670107
0.672047
0.673724
0.675301
0.676639
0.677932
0.679006
0.67986
0.680658
0.681283
0.682237
0.682975
0.683434
0.683975
0.684534
0.684928
0.685049
0.68508
0.685229
0.68491
0.68501
0.684509
0.68432
0.683701
0.683426
0.682849
0.682053
0.681453
0.680632
0.679671
0.678989
0.678301
0.67783
0.676635
0.675329
0.67428
0.673233
0.672192
0.670972
0.670012
0.669119
0.668548
0.667521
0.66627
0.665327
0.664184
0.662841
0.661644
0.660632
0.659742
0.658798
0.658182
0.657309
0.656581
0.655996
0.65525
0.654676
0.65427
0.653405
0.653205
0.652937
0.652732
0.652453
0.652422
0.652209
0.652165
0.652182
0.652129
0.65247
0.65294
0.653013
0.653366
0.653641
0.654039
0.654628
0.65535
0.655604
0.656427
0.657114
0.658163
0.659112
0.660155
0.661001
0.661959
0.662925
0.663742
0.664863
0.66598
0.667196
0.668527
0.669722
0.670867
0.672062
0.673233
0.674341
0.675429
0.676445
0.677367
0.679051
0.680502
0.681617
0.682139
0.683714
0.684723
0.684978
0.686225
0.68705
0.687072
0.687598
0.688785
0.689366
0.689977
0.690207
0.689942
0.690782
0.691171
0.691451
0.691697
0.69174
0.691722
0.691609
0.691506
0.691548
0.691628
0.691747
0.691992
0.692141
0.692144
0.692034
0.691454
0.691973
0.691457
0.691368
0.690782
0.690443
0.690153
0.689878
0.68959
0.689218
0.68908
0.689072
0.688689
0.688232
0.687709
0.687623
0.687064
0.686973
0.687088
0.68692
0.687186
0.687212
0.687096
0.687491
0.687393
0.687545
0.687971
0.688263
0.688678
0.689324
0.689833
0.690601
0.69173
0.692407
0.693154
0.694073
0.695074
0.696066
0.697256
0.698509
0.699726
0.701104
0.702197
0.703032
0.704391
0.705746
0.706913
0.708087
0.709478
0.710833
0.712174
0.713526
0.71483
0.716514
0.718329
0.719721
0.721358
0.723448
0.725403
0.727069
0.729195
0.730747
0.732441
0.734228
0.735566
0.736783
0.738477
0.740053
0.741334
0.743016
0.744587
0.745811
0.74748
0.748698
0.749683
0.751411
0.752818
0.754268
0.75554
0.756425
0.758116
0.759075
0.760304
0.760948
0.762334
0.76281
0.764112
0.765007
0.765785
0.766366
0.767138
0.767908
0.768252
0.768975
0.769558
0.770195
0.770695
0.770647
0.771517
0.771805
0.772175
0.772576
0.772871
0.773258
0.773505
0.773888
0.774282
0.774606
0.77463
0.774683
0.774736
0.774887
0.774712
0.7755
0.775776
0.775818
0.776593
0.77651
0.777153
0.777526
0.777933
0.778103
0.778155
0.778063
0.778633
0.778865
0.779106
0.77961
0.780126
0.780776
0.7812
0.781594
0.78188
0.782701
0.783594
0.78448
0.785268
0.786261
0.786767
0.787949
0.788594
0.789916
0.790683
0.792012
0.793024
0.794321
0.795484
0.796376
0.797946
0.799629
0.80128
0.803107
0.804983
0.806734
0.808523
0.810127
0.811922
0.813361
0.814732
0.816376
0.817713
0.819016
0.820702
0.822204
0.823991
0.825453
0.826784
0.828187
0.82949
0.830331
0.831441
0.832591
0.833798
0.834666
0.835915
0.83725
0.838517
0.839959
0.840931
0.84185
0.842582
0.843516
0.843448
0.845235
0.846159
0.847297
0.848307
0.84843
0.85027
0.851026
0.851746
0.852343
0.852819
0.852608
0.854161
0.854737
0.855153
0.855826
0.856487
0.855993
0.857274
0.857773
0.858175
0.858549
0.858703
0.85863
0.858477
0.8582
0.857819
0.857341
0.856821
0.856651
0.856572
0.856533
0.855556
0.856603
0.856388
0.85635
0.855716
0.855323
0.855221
0.85483
0.854464
0.854382
0.854021
0.854326
0.854483
0.854859
0.854848
0.855234
0.855898
0.856457
0.856946
0.857359
0.857933
0.858429
0.858969
0.85953
0.860078
0.860587
0.860993
0.861629
0.862209
0.862918
0.863702
0.864421
0.865149
0.865969
0.866807
0.867417
0.86842
0.86895
0.869476
0.869903
0.870552
0.870939
0.871418
0.871877
0.872373
0.872708
0.873329
0.873537
0.873972
0.874624
0.87482
0.875131
0.87552
0.875877
0.876081
0.876499
0.876782
0.877039
0.877522
0.877899
0.878359
0.87903
0.879495
0.880127
0.880738
0.881322
0.881816
0.882286
0.883918
0.884216
0.88472
0.885134
0.885651
0.885989
0.886398
0.88682
0.887209
0.887622
0.888014
0.888473
0.888818
0.8893
0.8897
0.890241
0.890795
0.891571
0.892318
0.893246
0.894045
0.895043
0.895941
0.897202
0.898463
0.899459
0.900356
0.901286
0.902101
0.902912
0.903786
0.904549
0.905337
0.906176
0.907032
0.907762
0.908733
0.909319
0.910075
0.910609
0.911358
0.912037
0.91298
0.913616
0.914386
0.91505
0.915724
0.916324
0.917139
0.917799
0.918393
0.918997
0.919517
0.92016
0.920929
0.921634
0.922007
0.921589
0.923195
0.923929
0.924485
0.92511
0.925543
0.926178
0.92669
0.927259
0.927751
0.928153
0.928769
0.929234
0.929798
0.930299
0.930828
0.93118
0.931657
0.931996
0.932317
0.932716
0.933065
0.932135
0.933516
0.933864
0.934127
0.93409
0.934152
0.934212
0.93427
0.934323
0.934454
0.934543
0.934556
0.934601
0.934548
0.93457
0.934434
0.934347
0.934321
0.93413
0.934058
0.93398
0.933822
0.933791
0.933669
0.933594
0.9335
0.933232
0.933094
0.932863
0.932658
0.932304
0.932065
0.931706
0.931391
0.931091
0.930728
0.930472
0.93043
0.930237
0.929968
0.929785
0.929642
0.929417
0.92931
0.929189
0.929083
0.928938
0.92876
0.928643
0.92841
0.928297
0.928151
0.927943
0.927812
0.927724
0.927446
0.927387
0.927313
0.927093
0.927016
0.926907
0.92687
0.92676
0.926715
0.926764
0.926665
0.926654
0.926693
0.926616
0.926701
0.926754
0.926829
0.926857
0.926911
0.927031
0.927118
0.927385
0.927511
0.927649
0.928084
0.928392
0.928652
0.929068
0.929147
0.929386
0.929811
0.930284
0.930626
0.930931
0.931307
0.931711
0.93209
0.932429
0.932885
0.933464
0.934055
0.934559
0.935028
0.935654
0.936488
0.937133
0.937799
0.938525
0.939252
0.939917
0.940585
0.941181
0.941841
0.942659
0.943525
0.944182
0.944736
0.94542
0.946376
0.947163
0.948076
0.948806
0.949557
0.950312
0.951079
0.951596
0.952333
0.953178
0.953684
0.954261
0.955133
0.955963
0.956699
0.957565
0.958289
0.958957
0.959541
0.96016
0.960598
0.961246
0.961917
0.962535
0.962985
0.963626
0.96418
0.964705
0.96537
0.965871
0.96621
0.966771
0.96718
0.967542
0.96817
0.968617
0.968974
0.969305
0.969671
0.969973
0.970172
0.970618
0.971008
0.971281
0.971727
0.972258
0.972377
0.972577
0.97271
0.973077
0.973286
0.973373
0.973467
0.973624
0.973718
0.973655
0.97387
0.973871
0.97371
0.973769
0.973822
0.973996
0.973894
0.974027
0.974044
0.974098
0.974179
0.974104
0.974081
0.973959
0.973797
0.973884
0.973914
0.974068
0.974193
0.974278
0.974261
0.97419
0.974225
0.974203
0.974377
0.974384
0.974378
0.974328
0.97423
0.97431
0.974336
0.974349
0.974321
0.974397
0.97445
0.974419
0.974483
0.974361
0.974478
0.974489
0.974563
0.974634
0.974639
0.974675
0.974561
0.97469
0.974843
0.974702
0.974777
0.975007
0.975122
0.975373
0.975607
0.975699
0.975786
0.975917
0.976115
0.976255
0.976403
0.976478
0.976722
0.976945
0.977208
0.977446
0.977565
0.977811
0.978104
0.978163
0.97839
0.978673
0.978905
0.979174
0.979197
0.979357
0.979628
0.979984
0.980279
0.980459
0.980818
0.981179
0.981479
0.981859
0.982348
0.982767
0.983131
0.983653
0.984115
0.984478
0.984873
0.985235
0.985514
0.985758
0.986258
0.986556
0.987048
0.987579
0.988238
0.988842
0.989342
0.989838
0.990336
0.990799
0.991253
0.99164
0.992273
0.992725
0.993084
0.993457
0.993879
0.994325
0.994847
0.995291
0.995796
0.996265
0.996791
0.997266
0.997817
0.99837
0.998813
0.999242
0.999822
1.00041
1.00085
1.00131
1.00171
1.00208
1.00257
1.00304
1.00345
1.00383
1.00425
1.00478
1.00519
1.00551
1.00592
1.00626
1.00661
1.00702
1.00742
1.00781
1.00811
1.00852
1.00891
1.00929
1.00973
1.0101
1.01038
1.0107
1.01102
1.01139
1.01178
1.01209
1.01238
1.01263
1.01298
1.01334
1.01371
1.01403
1.01442
1.01464
1.0149
1.01516
1.01545
1.01568
1.01591
1.01624
1.01652
1.01673
1.01693
1.01711
1.01731
1.01748
1.01768
1.01792
1.01815
1.01835
1.01859
1.01882
1.019
1.01916
1.01937
1.01956
1.01979
1.01998
1.02014
1.0203
1.02051
1.02068
1.02086
1.02092
1.02111
1.02127
1.02142
1.02159
1.0218
1.02197
1.02207
1.02216
1.02231
1.02243
1.02259
1.02274
1.0229
1.02305
1.0232
1.02335
1.0235
1.02369
1.02387
1.02412
1.02434
1.02455
1.02474
1.02485
1.025
1.02517
1.02531
1.02543
1.02561
1.02579
1.02594
1.02611
1.02621
1.02636
1.0265
1.02659
1.02669
1.02683
1.02698
1.02715
1.02727
1.02743
1.02765
1.02778
1.02792
1.02813
1.02832
1.02844
1.02857
1.02878
1.02899
1.02906
1.02923
1.0294
1.02964
1.0298
1.02994
1.03005
1.03021
1.03046
1.03068
1.03085
1.03096
1.03114
1.0313
1.0316
1.03187
1.03201
1.03217
1.03237
1.03258
1.03282
1.03304
1.03323
1.03339
1.03366
1.03393
1.03423
1.03442
1.03467
1.03494
1.03527
1.03563
1.03584
1.03626
1.03663
1.03692
1.03724
1.03759
1.03793
1.03831
1.03882
1.03917
1.03949
1.03987
1.04015
1.04055
1.04096
1.04136
1.0417
1.04213
1.04267
1.04309
1.04341
1.04383
1.04422
1.0446
1.04497
1.04544
1.0457
1.04595
1.04643
1.04683
1.04719
1.04763
1.04797
1.04825
1.04852
1.04884
1.04915
1.04936
1.04965
1.04989
1.05023
1.05063
1.0509
1.05118
1.05152
1.05171
1.05181
1.05196
1.05225
1.0524
1.05272
1.05305
1.05332
1.0536
1.05382
1.05397
1.0541
1.0543
1.05455
1.0548
1.05509
1.05537
1.05548
1.05557
1.05577
1.05591
1.05618
1.05652
1.05669
1.05684
1.0571
1.05728
1.05749
1.05784
1.05813
1.05831
1.05861
1.05876
1.05875
1.05896
1.0592
1.05948
1.05982
1.06013
1.06023
1.0605
1.06077
1.06087
1.06114
1.06143
1.06171
1.06195
1.06217
1.06236
1.06258
1.06292
1.06305
1.06321
1.06349
1.06358
1.06385
1.06411
1.06437
1.0647
1.06497
1.06513
1.0653
1.06559
1.06584
1.06601
1.06627
1.06644
1.06657
1.06672
1.06696
1.06718
1.06733
1.06753
1.06773
1.06779
1.06779
1.06794
1.06814
1.06828
1.06836
1.06841
1.06851
1.06852
1.06855
1.06863
1.06874
1.06881
1.06875
1.06874
1.06874
1.06884
1.0688
1.06887
1.06884
1.0689
1.06887
1.06883
1.06877
1.06863
1.06859
1.06846
1.06839
1.06828
1.06805
1.06797
1.06782
1.06777
1.06767
1.06752
1.06737
1.06718
1.06698
1.06686
1.06678
1.06664
1.06642
1.06626
1.06603
1.06583
1.06567
1.06539
1.06518
1.0649
1.06464
1.06433
1.0642
1.06402
1.06374
1.06345
1.06325
1.063
1.06281
1.06265
1.06247
1.06224
1.06213
1.06192
1.06183
1.06172
1.06161
1.0614
1.06131
1.06118
1.06099
1.06085
1.0608
1.06064
1.06049
1.06035
1.06034
1.06027
1.06017
1.06008
1.06008
1.06003
1.05999
1.05993
1.05987
1.05986
1.05978
1.05973
1.0597
1.05971
1.05965
1.05963
1.05955
1.05957
1.05955
1.05953
1.05945
1.05943
1.05941
1.05942
1.05941
1.05935
1.05932
1.05933
1.05936
1.05935
1.05937
1.05934
1.05937
1.05943
1.05941
1.05937
1.05939
1.05946
1.05949
1.05948
1.05953
1.05968
1.05981
1.05982
1.05986
1.05995
1.06007
1.06014
1.06026
1.06037
1.06049
1.06058
1.06055
1.06065
1.06064
1.06074
1.0608
1.06081
1.06087
1.06093
1.06098
1.06106
1.06112
1.06118
1.06117
1.06116
1.06125
1.06132
1.06138
1.06141
1.06152
1.06162
1.06168
1.06175
1.0618
1.0619
1.06204
1.06212
1.06223
1.06233
1.06247
1.0625
1.06257
1.06265
1.06282
1.06289
1.06293
1.06294
1.06294
1.06291
1.06291
1.06297
1.06307
1.06321
1.06324
1.06327
1.06341
1.06358
1.06354
1.06366
1.06385
1.06398
1.06412
1.06425
1.0644
1.06454
1.0648
1.06506
1.06524
1.0654
1.06548
1.06569
1.06594
1.06618
1.0665
1.06667
1.06671
1.06685
1.06705
1.06711
1.06725
1.06742
1.06768
1.06782
1.06793
1.06806
1.06811
1.06823
1.0684
1.06852
1.06848
1.06843
1.06856
1.06859
1.06859
1.06868
1.06866
1.06862
1.06863
1.06863
1.06864
1.06859
1.06859
1.06857
1.06864
1.06868
1.06866
1.06863
1.06854
1.06847
1.06843
1.06837
1.06838
1.06841
1.0684
1.06835
1.06832
1.06829
1.06834
1.06832
1.06829
1.06833
1.0684
1.06836
1.06837
1.06841
1.06841
1.06837
1.06836
1.06833
1.06827
1.06816
1.06811
1.06801
1.06796
1.06786
1.06775
1.06761
1.06743
1.06728
1.06714
1.06705
1.0669
1.06668
1.06661
1.06642
1.06619
1.06608
1.06595
1.0659
1.0658
1.06571
1.0657
1.06557
1.06543
1.06543
1.06532
1.06538
1.0652
1.06508
1.0649
1.06482
1.06461
1.06453
1.06425
1.0642
1.0641
1.06395
1.06396
1.06389
1.06387
1.06395
1.06399
1.0641
1.06428
1.06436
1.06454
1.06465
1.06461
1.06471
1.0649
1.0648
1.06478
1.06487
1.06482
1.06469
1.06462
1.0646
1.06461
1.06441
1.06418
1.06407
1.06397
1.06383
1.06386
1.06372
1.06363
1.06341
1.06324
1.06309
1.06312
1.06318
1.06307
1.06308
1.06305
1.06301
1.06294
1.06288
1.06287
1.06283
1.06288
1.06287
1.06296
1.06311
1.0633
1.06351
1.06359
1.06407
1.06454
1.06524
1.06579
1.06644
1.06687
1.06735
1.06762
1.06785
1.0681
1.06846
1.06852
1.06865
1.06875
1.06889
1.06903
1.0691
1.06906
1.06909
1.06912
1.06935
1.06942
1.06948
1.0695
1.06956
1.06962
1.06955
1.06953
1.06963
1.06965
1.06968
1.06969
1.06967
1.06971
1.06981
1.06993
1.06997
1.07009
1.07041
1.07051
1.07066
1.07083
1.07104
1.0713
1.07161
1.07198
1.07214
1.07251
1.07262
1.07297
1.07315
1.07348
1.07374
1.07396
1.07431
1.07456
1.0748
1.07506
1.07539
1.07562
1.07593
1.07619
1.07657
1.07677
1.07692
1.07716
1.07737
1.07761
1.0778
1.07809
1.07832
1.07857
1.07878
1.07893
1.07917
1.07941
1.07962
1.0798
1.07996
1.08013
1.08035
1.0806
1.08082
1.08101
1.08124
1.08132
1.08151
1.08164
1.08178
1.08196
1.08203
1.08217
1.08219
1.08229
1.08231
1.08227
1.08233
1.08235
1.08242
1.08256
1.08278
1.08287
1.08296
1.08307
1.08314
1.08333
1.08366
1.08381
1.08402
1.0844
1.08452
1.08475
1.08492
1.08511
1.08535
1.08561
1.08577
1.08596
1.08622
1.08656
1.08684
1.08705
1.08722
1.08752
1.08773
1.08792
1.08812
1.08834
1.08855
1.0888
1.0889
1.08924
1.08938
1.08961
1.08979
1.09012
1.09035
1.0906
1.0909
1.09097
1.09112
1.0914
1.09161
1.0919
1.09222
1.09255
1.09291
1.09325
1.0935
1.0939
1.09418
1.0944
1.09458
1.09479
1.09505
1.09516
1.09537
1.09552
1.09573
1.09602
1.09641
1.09659
1.09687
1.09709
1.09728
1.09752
1.0976
1.09796
1.09818
1.09838
1.09847
1.0986
1.09874
1.09885
1.09881
1.09887
1.09904
1.09911
1.09915
1.09915
1.09916
1.09913
1.09912
1.09914
1.09921
1.099
1.09894
1.09885
1.0989
1.09891
1.09894
1.09897
1.09907
1.0992
1.09932
1.09954
1.09955
1.09972
1.09989
1.10008
1.10025
1.1005
1.10062
1.10082
1.10097
1.10098
1.10099
1.10091
1.10093
1.10089
1.10096
1.10101
1.10115
1.10118
1.10125
1.10121
1.10121
1.10128
1.10146
1.1015
1.10158
1.10168
1.10171
1.10179
1.10187
1.10187
1.10185
1.10199
1.10204
1.10221
1.10222
1.10238
1.10237
1.10254
1.10251
1.10261
1.10274
1.10284
1.10286
1.10287
1.10282
1.10283
1.10271
1.10284
1.10275
1.10266
1.1027
1.10271
1.10275
1.10268
1.1027
1.10271
1.10265
1.10266
1.10276
1.10279
1.10284
1.10281
1.10295
1.10289
1.10298
1.10305
1.10302
1.10312
1.10319
1.10318
1.10318
1.1032
1.10327
1.10324
1.1034
1.10347
1.10349
1.10363
1.10367
1.10375
1.10389
1.10397
1.10416
1.10415
1.10415
1.10418
1.10421
1.10416
1.10418
1.10418
1.10411
1.10405
1.10404
1.10398
1.10402
1.10398
1.10397
1.10406
1.10405
1.10403
1.10407
1.10409
1.10403
1.10405
1.10408
1.10414
1.10418
1.10422
1.10417
1.10416
1.10421
1.10423
1.10424
1.10422
1.10426
1.1043
1.10432
1.10438
1.10443
1.10447
1.10445
1.10445
1.10444
1.10447
1.10446
1.10445
1.10449
1.10459
1.10459
1.10467
1.10474
1.10484
1.1048
1.10482
1.10483
1.10493
1.10496
1.10505
1.10514
1.10525
1.1053
1.10536
1.10553
1.10563
1.10571
1.10578
1.10583
1.10588
1.10598
1.10606
1.10611
1.10615
1.10619
1.10629
1.10636
1.10648
1.10653
1.10664
1.10673
1.1068
1.10686
1.10694
1.10703
1.10706
1.10714
1.10723
1.10728
1.10736
1.10738
1.10748
1.10759
1.10767
1.10777
1.10784
1.10798
1.10809
1.10817
1.10827
1.10839
1.10847
1.1086
1.10871
1.10885
1.10898
1.10912
1.10919
1.10929
1.10942
1.10954
1.10962
1.10974
1.10986
1.10996
1.11008
1.11016
1.11026
1.11037
1.11047
1.11056
1.1107
1.11083
1.11092
1.11103
1.11117
1.11129
1.1114
1.11154
1.1117
1.11181
1.11188
1.112
1.11212
1.11224
1.1123
1.11244
1.11254
1.11271
1.11278
1.11294
1.113
1.11311
1.11322
1.11335
1.11344
1.11358
1.11377
1.11389
1.11404
1.11424
1.11437
1.11446
1.11456
1.11467
1.11484
1.11502
1.11515
1.11529
1.11542
1.11548
1.11556
1.11567
1.11578
1.11592
1.116
1.11612
1.11622
1.11634
1.11638
1.11639
1.1164
1.11643
1.11654
1.11662
1.11673
1.11677
1.11691
1.11698
1.11706
1.11709
1.11719
1.11722
1.11735
1.11737
1.11739
1.11744
1.11751
1.11762
1.11772
1.11769
1.11772
1.11783
1.11784
1.11788
1.11795
1.1181
1.11814
1.11817
1.11828
1.11833
1.1183
1.11838
1.11839
1.11842
1.11843
1.11851
1.11853
1.11859
1.11866
1.11877
1.11885
1.11887
1.11899
1.11905
1.11907
1.11911
1.11925
1.11932
1.1194
1.11957
1.11971
1.11981
1.11981
1.11988
1.11996
1.12009
1.12014
1.1201
1.12018
1.12025
1.12021
1.12029
1.12041
1.12053
1.12061
1.12061
1.12064
1.12071
1.12073
1.12071
1.12076
1.12083
1.12092
1.12092
1.12096
1.12108
1.12112
1.12116
1.12118
1.12119
1.12121
1.12122
1.12123
1.12127
1.1213
1.1213
1.12128
1.1213
1.12125
1.1212
1.12129
1.12132
1.12133
1.12132
1.12139
1.12139
1.12139
1.12138
1.12144
1.12145
1.12147
1.12144
1.12149
1.12152
1.12159
1.12156
1.12158
1.12162
1.12166
1.12166
1.12163
1.12167
1.1217
1.12171
1.12172
1.12173
1.12176
1.12179
1.12185
1.12181
1.12187
1.12186
1.12191
1.12193
1.12196
1.12202
1.12204
1.12206
1.12203
1.12208
1.12218
1.12226
1.12227
1.12236
1.12239
1.12242
1.12242
1.12246
1.12255
1.12257
1.12259
1.12263
1.12261
1.12268
1.12264
1.12264
1.12269
1.12272
1.12275
1.12274
1.12273
1.12267
1.12269
1.1227
1.12271
1.12278
1.1228
1.12284
1.12291
1.123
1.12308
1.12314
1.12315
1.12314
1.12319
1.12323
1.1233
1.12338
1.12349
1.12347
1.12353
1.12358
1.12358
1.12361
1.12361
1.12367
1.12366
1.12368
1.1237
1.12369
1.1237
1.12369
1.12372
1.12374
1.12373
1.12375
1.12377
1.12379
1.12383
1.12383
1.12389
1.12389
1.12397
1.124
1.12407
1.12408
1.12414
1.12424
1.12431
1.12438
1.12447
1.12448
1.12456
1.1246
1.12467
1.12471
1.12475
1.12477
1.12485
1.12494
1.125
1.12507
1.12513
1.12517
1.12523
1.12534
1.12538
1.12541
1.12549
1.12553
1.12561
1.12568
1.12573
1.12583
1.12587
1.12595
1.12598
1.12607
1.12613
1.12622
1.1263
1.12637
1.12642
1.12646
1.12654
1.12662
1.12669
1.12674
1.12684
1.12692
1.1269
1.12696
1.12699
1.12703
1.12704
1.12709
1.12711
1.12719
1.12721
1.12725
1.12732
1.12733
1.12731
1.12736
1.1274
1.12743
1.1275
1.12757
1.12774
1.12783
1.12803
1.12815
1.12827
1.12834
1.1285
1.12862
1.12871
1.12882
1.12894
1.12902
1.12916
1.12929
1.1294
1.12949
1.12958
1.12963
1.12977
1.12988
1.13002
1.13012
1.13025
1.13031
1.13046
1.1307
1.13084
1.13099
1.13111
1.1312
1.13135
1.13149
1.13239
1.13175
1.13187
1.13202
1.13215
1.13227
1.13244
1.13254
1.13269
1.13277
1.13364
1.13305
1.13321
1.1334
1.13348
1.13353
1.13371
1.1339
1.13411
1.13425
1.13442
1.13454
1.1347
1.1349
1.13502
1.1352
1.13541
1.13556
1.13573
1.13591
1.13613
1.13626
1.13642
1.13655
1.13672
1.1369
1.13703
1.1372
1.13735
1.13745
1.13762
1.13772
1.13789
1.13804
1.13825
1.13837
1.13856
1.13874
1.13895
1.13916
1.13937
1.1396
1.13981
1.14
1.14027
1.14049
1.1407
1.14099
1.14122
1.14145
1.14167
1.14196
1.14217
1.1423
1.14247
1.14267
1.14282
1.14295
1.14313
1.14337
1.14351
1.14366
1.14389
1.14414
1.14431
1.14444
1.14467
1.14496
1.14516
1.14531
1.1456
1.14583
1.14604
1.14633
1.14654
1.14674
1.14699
1.14723
1.14747
1.14776
1.14807
1.1483
1.14856
1.14888
1.14913
1.14933
1.14961
1.1499
1.15014
1.15044
1.15072
1.15092
1.15118
1.15153
1.15175
1.15201
1.15231
1.15247
1.15267
1.15291
1.1532
1.15338
1.15362
1.15389
1.15409
1.15431
1.15461
1.1548
1.15503
1.15528
1.15552
1.15574
1.15601
1.1563
1.15648
1.15671
1.15692
1.15718
1.15733
1.15747
1.15766
1.15788
1.15807
1.15829
1.15848
1.15867
1.15888
1.15914
1.15934
1.15957
1.15984
1.16006
1.16026
1.16051
1.16076
1.16101
1.16121
1.16142
1.16168
1.16196
1.1622
1.16238
1.16259
1.16284
1.16309
1.16329
1.1635
1.16375
1.16402
1.16427
1.16449
1.16472
1.16496
1.16526
1.1655
1.16575
1.16601
1.16626
1.16653
1.16682
1.16709
1.16735
1.16764
1.16797
1.16835
1.16864
1.16887
1.16913
1.16945
1.16982
1.17009
1.17032
1.17051
1.17083
1.17101
1.17123
1.17409
1.17494
1.176
1.17699
1.17804
1.17879
1.1796
1.18064
1.18173
1.18276
1.18365
1.18456
1.18556
1.18649
1.1875
1.18827
1.18902
1.18978
1.19055
1.19138
1.19214
1.1928
1.19345
1.19398
1.19445
1.19496
1.19522
1.19543
1.19569
1.19589
1.19601
1.19615
1.19635
1.19643
1.19655
1.19666
1.19674
1.19686
1.19686
1.19689
1.19692
1.19703
1.19697
1.19705
1.19702
1.197
1.19701
1.1971
1.19691
1.19685
1.19681
1.19669
1.19658
1.19652
1.19624
1.19612
1.19609
1.19574
1.19569
1.19572
1.19554
1.19531
1.19505
1.19491
1.19474
1.19452
1.19433
1.19419
1.19419
1.19412
1.19403
1.19401
1.19403
1.19406
1.19401
1.194
1.19396
1.19378
1.19369
1.19374
1.19378
1.19379
1.19366
1.19362
1.19376
1.1938
1.1938
1.19392
1.19408
1.19419
1.1942
1.19427
1.19444
1.19461
1.19465
1.19475
1.19487
1.19505
1.19514
1.19529
1.19555
1.19566
1.19583
1.19597
1.19625
1.19636
1.19657
1.19675
1.19693
1.19724
1.19757
1.19788
1.19804
1.19828
1.19859
1.19889
1.19914
1.19944
1.19984
1.20029
1.20074
1.20108
1.20137
1.2016
1.20189
1.20217
1.20242
1.20267
1.20299
1.2032
1.20338
1.2036
1.20388
1.20411
1.20426
1.20447
1.20461
1.20479
1.20494
1.20518
1.20538
1.20544
1.2056
1.20578
1.20597
1.20603
1.2061
1.20616
1.2062
1.20629
1.20626
1.20631
1.20621
1.20632
1.20639
1.20634
1.20634
1.20629
1.20632
1.20626
1.20619
1.20598
1.20578
1.20577
1.20561
1.20563
1.20548
1.20528
1.20512
1.20481
1.20439
1.20409
1.20363
1.20276
1.20191
1.20135
1.20074
1.20032
1.19963
1.19887
1.19817
1.19759
1.19642
1.19567
1.19518
1.19457
1.1939
1.19347
1.19299
1.19268
1.1921
1.19165
1.19135
1.19089
1.19073
1.19024
1.1898
1.18939
1.18926
1.18905
1.18893
1.18864
1.18836
1.18835
1.18821
1.18789
1.18778
1.18745
1.18747
1.18737
1.18736
1.18729
1.18724
1.187
1.1869
1.18692
1.18677
1.18684
1.18673
1.18657
1.18642
1.18642
1.18635
1.18635
1.18624
1.18624
1.18626
1.18616
1.18623
1.18627
1.18654
1.18669
1.18689
1.18704
1.18725
1.18758
1.18771
1.18804
1.18836
1.1886
1.18889
1.18919
1.18943
1.1898
1.19013
1.19051
1.19074
1.19113
1.19136
1.1917
1.19218
1.19252
1.19298
1.19315
1.19347
1.19406
1.19447
1.19494
1.19549
1.19612
1.19683
1.19743
1.19807
1.19846
1.199
1.19956
1.20019
1.2007
1.20126
1.20183
1.20251
1.20322
1.20384
1.20442
1.20511
1.20564
1.20619
1.20694
1.20759
1.20825
1.20897
1.20961
1.21017
1.21083
1.21147
1.21194
1.21256
1.21299
1.2135
1.21414
1.21475
1.21537
1.21603
1.21672
1.21756
1.2183
1.219
1.21963
1.22045
1.22111
1.2221
1.22285
1.22393
1.22473
1.22554
1.22632
1.22699
1.22778
1.22855
1.2294
1.23013
1.23077
1.23145
1.23235
1.23315
1.23364
1.23468
1.23528
1.23599
1.23651
1.23709
1.23763
1.23815
1.23876
1.23939
1.23984
1.24047
1.24093
1.24128
1.24166
1.24208
1.24239
1.24279
1.24315
1.24357
1.24388
1.24415
1.24448
1.24433
1.24531
1.24525
1.24602
1.2464
1.24669
1.24699
1.24718
1.24732
1.24748
1.2471
1.24793
1.24822
1.24853
1.24873
1.24898
1.24907
1.2492
1.24935
1.24935
1.24946
1.24954
1.24966
1.24981
1.24995
1.25016
1.25033
1.25035
1.25041
1.2504
1.25015
1.24999
1.24991
1.24978
1.249
1.24958
1.24965
1.24977
1.24985
1.2499
1.24989
1.2498
1.24975
1.24975
1.24892
1.24986
1.24994
1.25004
1.25029
1.25052
1.24981
1.25001
1.25113
1.25127
1.2514
1.25165
1.25187
1.25217
1.25253
1.25283
1.25322
1.25365
1.25411
1.25464
1.25491
1.25533
1.25573
1.25605
1.25642
1.2567
1.25688
1.2571
1.25726
1.25739
1.25737
1.25743
1.25733
1.25714
1.25687
1.25686
1.25675
1.25668
1.25629
1.25625
1.25595
1.25575
1.25555
1.25542
1.25514
1.25498
1.25474
1.25467
1.25454
1.25448
1.25442
1.25422
1.25412
1.25411
1.25425
1.25425
1.25433
1.25448
1.25467
1.25479
1.25492
1.25495
1.25499
1.25509
1.25528
1.2555
1.25558
1.25571
1.25585
1.25605
1.25624
1.25652
1.25661
1.25674
1.25699
1.25759
1.25786
1.25818
1.25851
1.25721
1.25882
1.25899
1.2579
1.25957
1.25986
1.25872
1.26031
1.26054
1.26075
1.26089
1.26121
1.26156
1.26053
1.26217
1.26258
1.26292
1.26341
1.26373
1.26404
1.2644
1.26467
1.26497
1.26523
1.26552
1.26576
1.26605
1.26629
1.26652
1.26684
1.26698
1.26727
1.26748
1.26772
1.26792
1.26814
1.26845
1.2686
1.26886
1.2692
1.26944
1.26969
1.26987
1.27022
1.27048
1.27082
1.27108
1.27139
1.27162
1.2719
1.27223
1.2726
1.27286
1.27323
1.27365
1.27395
1.27432
1.27468
1.27513
1.27556
1.27598
1.27636
1.27662
1.27704
1.27752
1.27786
1.2782
1.27885
1.27935
1.27972
1.28016
1.28069
1.2811
1.28156
1.28188
1.28221
1.28257
1.28289
1.28338
1.28245
1.28411
1.28445
1.28475
1.28515
1.28538
1.28557
1.28592
1.28612
1.28636
1.28661
1.28696
1.28724
1.28743
1.28765
1.28777
1.28785
1.2879
1.28808
1.28808
1.28821
1.2883
1.28835
1.28837
1.28852
1.28851
1.28855
1.28856
1.28867
1.28862
1.28861
1.28854
1.28858
1.28862
1.28856
1.28864
1.28873
1.2888
1.28874
1.28883
1.28905
1.28907
1.28916
1.28937
1.28948
1.28973
1.28987
1.28984
1.28997
1.29014
1.29027
1.2891
1.2891
1.28917
1.29069
1.29078
1.29079
1.28963
1.29099
1.29101
1.29106
1.29123
1.29128
1.29131
1.2913
1.29138
1.29147
1.29145
1.29148
1.29161
1.2917
1.29169
1.29167
1.29166
1.29179
1.29185
1.29193
1.29203
1.29071
1.2921
1.29214
1.29212
1.29219
1.29223
1.29227
1.29229
1.29099
1.29099
1.29238
1.29249
1.29117
1.29121
1.29259
1.29262
1.29268
1.2927
1.29284
1.29286
1.29292
1.293
1.29304
1.29312
1.29315
1.29323
1.29336
1.29342
1.29349
1.29349
1.29351
1.29357
1.29361
1.29367
1.29372
1.29376
1.2938
1.29251
1.29386
1.29396
1.29408
1.29416
1.29428
1.29441
1.29454
1.29457
1.29467
1.29474
1.29474
1.29471
1.29471
1.29467
1.29466
1.29458
1.29453
1.2945
1.2945
1.29446
1.29445
1.29448
1.29451
1.29459
1.29463
1.29466
1.29474
1.2947
1.29466
1.29461
1.29457
1.29448
1.29444
1.29451
1.29446
1.29443
1.29438
1.29289
1.29427
1.29439
1.29434
1.29426
1.29434
1.29428
1.29424
1.29428
1.29422
1.29415
1.29418
1.29404
1.29403
1.29399
1.29391
1.29387
1.2937
1.29379
1.29375
1.29383
1.29378
1.29385
1.29376
1.29376
1.29369
1.29357
1.29352
1.2935
1.2935
1.29337
1.2935
1.29339
1.29336
1.29338
1.29345
1.29348
1.2935
1.29365
1.29374
1.29389
1.29396
1.29415
1.29426
1.29437
1.29447
1.29459
1.29462
1.2948
1.29488
1.29505
1.29516
1.2954
1.29536
1.29558
1.29557
1.29581
1.29588
1.29603
1.29612
1.29631
1.29646
1.29647
1.2966
1.29661
1.29537
1.29673
1.29688
1.29682
1.29698
1.29708
1.29726
1.296
1.29753
1.29774
1.29781
1.29802
1.29812
1.29833
1.29855
1.29868
1.29876
1.29902
1.29922
1.29946
1.2997
1.29873
1.30024
1.30062
1.29946
1.30103
1.30116
1.30141
1.30159
1.30193
1.30229
1.30257
1.30285
1.30307
1.30338
1.30371
1.30269
1.3043
1.30476
1.30383
1.30544
1.3058
1.30614
1.3065
1.30677
1.30697
1.30734
1.30751
1.30781
1.30798
1.30829
1.30871
1.30749
1.30899
1.30923
1.30961
1.30967
1.30984
1.31004
1.31016
1.31044
1.31047
1.31065
1.31082
1.31094
1.31112
1.31114
1.31134
1.31143
1.31155
1.31166
1.31178
1.312
1.31213
1.31234
1.31248
1.31137
1.31286
1.31308
1.31329
1.31343
1.31356
1.31383
1.31403
1.31293
1.31449
1.31332
1.31485
1.31504
1.31513
1.31526
1.31541
1.31551
1.31568
1.31451
1.31593
1.31602
1.31616
1.31628
1.31624
1.31631
1.31651
1.31662
1.31673
1.3168
1.31686
1.31683
1.31692
1.31708
1.31711
1.3171
1.31719
1.31727
1.31739
1.31749
1.31762
1.3178
1.31797
1.31801
1.318
1.31805
1.31814
1.31823
1.31833
1.31834
1.31835
1.31842
1.31848
1.31709
1.31854
1.31869
1.3175
1.31891
1.31894
1.31899
1.31908
1.31916
1.31927
1.3193
1.31934
1.31937
1.31819
1.31961
1.31975
1.31994
1.32007
1.32011
1.3202
1.32031
1.32038
1.32039
1.3191
1.31916
1.32061
1.31936
1.32075
1.32084
1.32085
1.32095
1.32103
1.31977
1.32116
1.32133
1.32143
1.32153
1.32163
1.32167
1.32184
1.32192
1.32069
1.32077
1.32215
1.32224
1.32234
1.32245
1.32257
1.32264
1.32273
1.32282
1.32167
1.32307
1.32315
1.32325
1.32333
1.32217
1.32361
1.3237
1.32375
1.32383
1.32393
1.324
1.32415
1.22949
1.3245
1.3245
1.32458
1.32461
1.32473
1.3249
1.32498
1.32516
1.32399
1.32557
1.32572
1.32451
1.32467
1.3262
1.32518
1.32671
1.32685
1.32573
1.32588
1.32607
1.32757
1.32647
1.32665
1.32818
1.32841
1.32858
1.32863
1.3287
1.32893
1.32918
1.32927
1.3281
1.32961
1.32972
1.3299
1.33011
1.33021
1.32904
1.33055
1.3308
1.33094
1.3312
1.3312
1.33124
1.33147
1.33033
1.33182
1.33198
1.33208
1.33226
1.33234
1.33257
1.33142
1.33281
1.33182
1.33194
1.33343
1.33362
1.33394
1.3342
1.33445
1.33342
1.33488
1.33512
1.33528
1.33559
1.33579
1.33465
1.3361
1.33639
1.33657
1.33691
1.33708
1.3374
1.33752
1.33658
1.33683
1.33856
1.33866
1.33899
1.33935
1.3396
1.33994
1.34017
1.34065
1.34095
1.34122
1.3416
1.34179
1.34075
1.34084
1.34234
1.34248
1.34255
1.34264
1.34278
1.34298
1.34317
1.34325
1.34348
1.34364
1.34387
1.3442
1.34441
1.34481
1.34527
1.34572
1.34614
1.34519
1.34682
1.34718
1.3476
1.34649
1.34817
1.34864
1.34767
1.34928
1.34977
1.34886
1.35065
1.351
1.3514
1.35172
1.35206
1.35256
1.35292
1.35325
1.35373
1.35415
1.35443
1.35478
1.35529
1.35571
1.35626
1.35673
1.35724
1.35783
1.35843
1.35879
1.35921
1.35959
1.36009
1.36059
1.36093
1.36123
1.36158
1.36202
1.36246
1.36287
1.36326
1.36367
1.36414
1.36464
1.36514
1.3655
1.36594
1.36647
1.36698
1.36751
1.36801
1.36715
1.36897
1.36946
1.36986
1.37026
1.37063
1.36969
1.37136
1.37191
1.37234
1.37143
1.37314
1.37344
1.37391
1.37302
1.37472
1.37499
1.37533
1.37577
1.37484
1.37511
1.37534
1.37715
1.37759
1.37743
1.37763
1.37773
1.37791
1.37797
1.37797
1.3778
1.37763
1.37785
1.37734
1.3786
1.37902
1.37965
1.38011
1.3807
1.38122
1.38184
1.38171
1.38299
1.38339
1.38617
1.38998
1.39206
1.39801
1.3997
1.40087
1.40126
1.4023
1.40297
