0
0
0
0
0
0
-0.0861779
-0.0862894
-0.0863358
-0.0861847
-0.0862486
-0.0862307
-0.0863319
-0.0862806
-0.0861677
-0.0861661
-0.0862559
-0.0862819
-0.0862919
-0.0862839
-0.0863378
-0.086341
-0.0862539
-0.0861651
-0.0863175
-0.086209
-0.0862892
-0.0862222
-0.0862216
-0.0862568
-0.0862984
-0.0863055
-0.0862767
-0.0863437
-0.0863212
-0.0863133
-0.0863767
-0.0862749
-0.0862097
-0.0861767
-0.0861713
-0.0862224
-0.0862614
-0.0861936
-0.0862645
-0.0862864
-0.0863496
-0.0863692
-0.0863219
-0.0864684
-0.0865728
-0.0865515
-0.0864192
-0.0863495
-0.0863763
-0.0862236
-0.0861786
-0.0862017
-0.086292
-0.0862834
-0.0862572
-0.0862
-0.0861822
-0.0861947
-0.086261
-0.0862978
-0.0863355
-0.0862427
-0.0861686
-0.0861588
-0.0861494
-0.0861849
-0.0861775
-0.0862206
-0.0861893
-0.0862341
-0.0861803
-0.0861677
-0.0861248
-0.0862553
-0.0863344
-0.0863041
-0.0862193
-0.0862577
-0.0863571
-0.0863256
-0.0863655
-0.0865051
-0.0864468
-0.0864232
-0.0862895
-0.086248
-0.0861609
-0.0863672
-0.0863366
-0.0864013
-0.0864064
-0.0864564
-0.0864035
-0.0863758
-0.086289
-0.0862615
-0.0862746
-0.0863152
-0.0863651
-0.0862726
-0.0862693
-0.0862435
-0.0860859
-0.0860888
-0.0860294
-0.0861885
-0.0860298
-0.0860833
-0.0860406
-0.0860293
-0.0860101
-0.0860379
-0.0860165
-0.0860685
-0.0861329
-0.0861712
-0.086353
-0.0863764
-0.0864264
-0.0863009
-0.0863772
-0.086537
-0.0867046
-0.0867337
-0.086791
-0.0868349
-0.0867306
-0.0867384
-0.0868583
-0.0868495
-0.0867195
-0.0865756
-0.0865164
-0.0865054
-0.0864139
-0.0862129
-0.0862179
-0.0862424
-0.0861908
-0.086224
-0.0862083
-0.0862351
-0.0861076
-0.0861665
-0.086137
-0.0859851
-0.0860487
-0.0861591
-0.0860688
-0.0861496
-0.0862052
-0.0862754
-0.0862828
-0.086262
-0.0862617
-0.0863567
-0.0863531
-0.0864522
-0.0865687
-0.0865495
-0.0865761
-0.0866165
-0.0864944
-0.0865935
-0.0864845
-0.0865521
-0.086442
-0.086568
-0.0865238
-0.0865902
-0.0866747
-0.0866141
-0.0866274
-0.0864938
-0.0865493
-0.0865025
-0.0863957
-0.0863932
-0.0863154
-0.0862859
-0.086296
-0.0861882
-0.0861914
-0.0861403
-0.0863061
-0.0862692
-0.086342
-0.0863368
-0.0863135
-0.086284
-0.0863868
-0.0864228
-0.0864335
-0.086421
-0.0864162
-0.0864493
-0.08655
-0.0866581
-0.0866623
-0.0867203
-0.0867826
-0.0867807
-0.0868058
-0.086838
-0.0867679
-0.0867061
-0.0867808
-0.0868079
-0.0867031
-0.0866937
-0.086613
-0.0866648
-0.0866303
-0.0866174
-0.0865401
-0.0865495
-0.0866123
-0.086606
-0.0864973
-0.0865472
-0.0865811
-0.0864272
-0.0863868
-0.0864035
-0.0864817
-0.0864212
-0.0863283
-0.0862817
-0.0863055
-0.0863541
-0.0863557
-0.0864302
-0.0864482
-0.0864259
-0.086532
-0.08671
-0.0866122
-0.0865713
-0.0866306
-0.0867478
-0.0867644
-0.0867912
-0.0868084
-0.0867632
-0.0867482
-0.0867475
-0.0867058
-0.0867211
-0.0867217
-0.0867155
-0.0867143
-0.0866726
-0.0866983
-0.0865816
-0.0866558
-0.0867411
-0.0866256
-0.0866612
-0.0865526
-0.0863216
-0.0861964
-0.0860262
-0.0859983
-0.085951
-0.085858
-0.0858336
-0.0856221
-0.0855947
-0.0855199
-0.0855132
-0.08558
-0.0854572
-0.0855946
-0.0857701
-0.0858417
-0.0859282
-0.0859322
-0.0859159
-0.086092
-0.0863777
-0.0864996
-0.0865415
-0.0866808
-0.0868628
-0.086894
-0.0869612
-0.0870799
-0.0871528
-0.0872221
-0.0874062
-0.087404
-0.0872936
-0.0873048
-0.0872555
-0.0871306
-0.0870771
-0.0870376
-0.0869598
-0.0870043
-0.0869161
-0.0869
-0.0868077
-0.0868094
-0.0866914
-0.0864965
-0.0862827
-0.0862156
-0.0861243
-0.0860126
-0.0858932
-0.0855552
-0.0854945
-0.085538
-0.0854443
-0.0853974
-0.0853443
-0.0854918
-0.0854993
-0.085502
-0.0855337
-0.0855591
-0.0857083
-0.0858981
-0.0859649
-0.0861795
-0.0864216
-0.0866494
-0.0866295
-0.0867314
-0.086778
-0.0868722
-0.0870849
-0.0871523
-0.0872235
-0.0871199
-0.0871175
-0.0870483
-0.0868523
-0.0866899
-0.0864806
-0.0863294
-0.0862186
-0.0859918
-0.0856664
-0.0855483
-0.0853824
-0.0852056
-0.0852676
-0.0852722
-0.085279
-0.0852839
-0.0853819
-0.0854953
-0.0855457
-0.0856052
-0.0856971
-0.0858655
-0.0860475
-0.0863139
-0.0866342
-0.0867673
-0.0868474
-0.0870092
-0.0870918
-0.0872147
-0.0872992
-0.0873514
-0.0874702
-0.0873975
-0.0874265
-0.0874419
-0.0873079
-0.0873125
-0.087153
-0.0871956
-0.0871278
-0.0869515
-0.0868161
-0.0866494
-0.0866449
-0.0864762
-0.0864152
-0.0863952
-0.0863646
-0.0863079
-0.0863905
-0.086265
-0.0860366
-0.0860577
-0.0859611
-0.0858978
-0.0857415
-0.0856336
-0.0853939
-0.0851022
-0.0848519
-0.0846085
-0.0844787
-0.0842684
-0.0840984
-0.0840322
-0.0838861
-0.0839579
-0.084132
-0.0841873
-0.0844382
-0.0845751
-0.0848784
-0.0851307
-0.0854551
-0.0857955
-0.0859689
-0.0862233
-0.0864299
-0.0866251
-0.0870371
-0.0871384
-0.0872483
-0.0872888
-0.0872089
-0.0871041
-0.0871601
-0.087127
-0.0868199
-0.0868079
-0.0867614
-0.0867269
-0.0866529
-0.0866
-0.0865588
-0.086471
-0.0863501
-0.0862784
-0.0861911
-0.0862564
-0.086216
-0.0861065
-0.0860349
-0.0857974
-0.0857076
-0.0854331
-0.085196
-0.0848232
-0.0844064
-0.0838551
-0.083769
-0.0834661
-0.0832871
-0.0831971
-0.0832002
-0.0832859
-0.0834513
-0.0835105
-0.0838146
-0.0842336
-0.084948
-0.0853446
-0.0858722
-0.0862605
-0.0864705
-0.0867751
-0.0869562
-0.0873366
-0.0875615
-0.087629
-0.0876446
-0.0875049
-0.0874027
-0.0872881
-0.0871782
-0.0870791
-0.0869985
-0.08693
-0.0868075
-0.0867754
-0.0867791
-0.0869146
-0.086908
-0.0869554
-0.0869288
-0.086872
-0.0867087
-0.086476
-0.0861419
-0.0858826
-0.0855724
-0.0851783
-0.0847337
-0.0844612
-0.0839988
-0.0836356
-0.0831436
-0.0828927
-0.0827261
-0.0826361
-0.0826772
-0.0827374
-0.0829075
-0.0831603
-0.0833935
-0.0836668
-0.0838875
-0.0841338
-0.0846213
-0.0849802
-0.0853087
-0.0854873
-0.085755
-0.0858936
-0.0859651
-0.0859266
-0.0861044
-0.0862307
-0.0863725
-0.0862821
-0.0863467
-0.0864302
-0.0866226
-0.0867424
-0.0868142
-0.0868408
-0.0868238
-0.0868471
-0.0869456
-0.0870005
-0.0868347
-0.0867448
-0.0865587
-0.0861874
-0.0858613
-0.0854501
-0.0851398
-0.0847415
-0.0842203
-0.0838851
-0.0835849
-0.0834298
-0.0831926
-0.0831531
-0.0832044
-0.0832634
-0.0834334
-0.0836789
-0.0837474
-0.0839676
-0.0841451
-0.0844908
-0.0846779
-0.0847991
-0.0848985
-0.0849241
-0.0850469
-0.0851493
-0.0852485
-0.085174
-0.0851883
-0.0853172
-0.0853547
-0.0855397
-0.0856099
-0.0858397
-0.0851134
-0.086606
-0.0868226
-0.0857913
-0.0871741
-0.0873112
-0.0873818
-0.0874356
-0.0873698
-0.0872442
-0.0870804
-0.0868489
-0.0863368
-0.0859208
-0.085324
-0.085019
-0.084531
-0.0842802
-0.083826
-0.0835781
-0.0831524
-0.0813599
-0.0824878
-0.0824413
-0.0824887
-0.0824456
-0.0826561
-0.0829582
-0.0830802
-0.0831542
-0.0832549
-0.0832843
-0.0832982
-0.083341
-0.0835227
-0.083482
-0.0834813
-0.0835822
-0.0836677
-0.083777
-0.0838275
-0.0837951
-0.0841487
-0.08424
-0.0844442
-0.0846335
-0.0850686
-0.0855988
-0.0860156
-0.086274
-0.0863749
-0.0864832
-0.0866674
-0.0869832
-0.0870739
-0.0870419
-0.086917
-0.0868159
-0.0866587
-0.0863283
-0.0856906
-0.0852652
-0.0848464
-0.0844363
-0.0841358
-0.0839181
-0.0837921
-0.0835221
-0.0834121
-0.08336
-0.0833188
-0.0832799
-0.0833618
-0.0834122
-0.0835409
-0.0835977
-0.0837063
-0.0836242
-0.0836969
-0.0837348
-0.0835932
-0.0833604
-0.0833252
-0.0832702
-0.0832332
-0.0832015
-0.0831541
-0.0832166
-0.0832518
-0.0831702
-0.0834781
-0.0836003
-0.0838439
-0.0840599
-0.0842851
-0.0845303
-0.084917
-0.0851749
-0.0855694
-0.0856694
-0.0857382
-0.0859151
-0.0862088
-0.0851793
-0.0862646
-0.086388
-0.0863943
-0.0863908
-0.0863269
-0.0862285
-0.0860622
-0.0857433
-0.0855875
-0.0852913
-0.0850043
-0.0848059
-0.0845607
-0.0842895
-0.0838773
-0.0835038
-0.0834202
-0.0831774
-0.0832333
-0.0829471
-0.0828384
-0.0825024
-0.0824867
-0.0814367
-0.0826138
-0.0824542
-0.08241
-0.0822773
-0.0823163
-0.0824042
-0.0824443
-0.0812875
-0.0825954
-0.0827623
-0.0829268
-0.082931
-0.0830157
-0.0830915
-0.0832763
-0.0833298
-0.0834774
-0.0837424
-0.0840896
-0.0842171
-0.0842413
-0.0843795
-0.0845196
-0.0846374
-0.0837364
-0.0851285
-0.0852652
-0.085329
-0.0853566
-0.0854244
-0.085491
-0.0853282
-0.0851988
-0.085171
-0.0851092
-0.0849955
-0.0849358
-0.0848136
-0.0846038
-0.0844705
-0.0843289
-0.0841487
-0.0840043
-0.0839826
-0.0839381
-0.0838059
-0.083795
-0.083719
-0.0837037
-0.0836369
-0.083581
-0.083438
-0.0832959
-0.0831459
-0.0831116
-0.0830826
-0.0830158
-0.082854
-0.0826891
-0.0826893
-0.0826216
-0.0826672
-0.0826016
-0.0825502
-0.082541
-0.0825309
-0.0825585
-0.0826598
-0.0826431
-0.0826873
-0.0827789
-0.0829369
-0.0830349
-0.0830776
-0.0832749
-0.0834164
-0.0835782
-0.0835834
-0.0836653
-0.0835884
-0.0837208
-0.0837697
-0.0838653
-0.083939
-0.0838937
-0.084063
-0.0840513
-0.0841933
-0.0842764
-0.0842988
-0.084348
-0.0844255
-0.0843089
-0.0842778
-0.0844416
-0.0845411
-0.084596
-0.0845598
-0.0845447
-0.0844081
-0.0844036
-0.0843383
-0.084195
-0.0840766
-0.0839646
-0.0838487
-0.0836729
-0.0835982
-0.0835541
-0.0835611
-0.0835261
-0.0834267
-0.0833631
-0.0834298
-0.083191
-0.0830378
-0.0829786
-0.0829208
-0.0828616
-0.0827797
-0.0827513
-0.0825939
-0.0825469
-0.0825404
-0.0825043
-0.0825458
-0.0825825
-0.0827085
-0.0829189
-0.0831472
-0.0833544
-0.0833667
-0.0834532
-0.0834179
-0.083462
-0.0835564
-0.0837732
-0.0838078
-0.0838413
-0.0837933
-0.0838291
-0.0839165
-0.0840758
-0.0841324
-0.0841087
-0.0841367
-0.0842258
-0.0842613
-0.0842502
-0.0842418
-0.0842939
-0.0843528
-0.0843942
-0.0842817
-0.0841771
-0.0842388
-0.0841377
-0.0841845
-0.0842146
-0.0841967
-0.0840837
-0.0839965
-0.0750062
-0.0837866
-0.0837641
-0.0834639
-0.083346
-0.083037
-0.0830734
-0.0829589
-0.0828208
-0.0828009
-0.0827741
-0.0827533
-0.0827638
-0.0827901
-0.0827968
-0.0814657
-0.0827871
-0.0828029
-0.0828443
-0.0828713
-0.0828357
-0.0828536
-0.0829345
-0.0829311
-0.0829843
-0.0829703
-0.0829378
-0.0832159
-0.0834712
-0.0834891
-0.0835568
-0.0837126
-0.0837529
-0.0838255
-0.0840049
-0.0840618
-0.0840619
-0.084101
-0.0841507
-0.0842492
-0.0843568
-0.0844035
-0.0844628
-0.0844745
-0.084382
-0.0843484
-0.0844501
-0.0844072
-0.0843533
-0.0843279
-0.0842698
-0.0841277
-0.0841439
-0.0840577
-0.0838262
-0.083731
-0.0836063
-0.0834251
-0.0833809
-0.0832152
-0.0819358
-0.083012
-0.0830097
-0.0828643
-0.0828208
-0.0827606
-0.0826018
-0.0825755
-0.0824872
-0.0824848
-0.082457
-0.0824451
-0.0825012
-0.0824807
-0.0823697
-0.0824797
-0.081277
-0.0826092
-0.0826959
-0.0827782
-0.0817453
-0.0820231
-0.0833917
-0.0823394
-0.0836306
-0.0836567
-0.0836544
-0.0837382
-0.0838235
-0.0838993
-0.0827892
-0.0840884
-0.0841596
-0.084211
-0.0841957
-0.0843626
-0.0843667
-0.0844463
-0.0843735
-0.0843651
-0.084381
-0.0842332
-0.0830187
-0.0842445
-0.0842663
-0.0840165
-0.0839962
-0.0839242
-0.0838287
-0.0838515
-0.0837323
-0.0835833
-0.082132
-0.0833549
-0.0820682
-0.083385
-0.0819777
-0.0830715
-0.0829394
-0.0828992
-0.0816194
-0.0828606
-0.0827794
-0.0815198
-0.0828135
-0.08283
-0.0828266
-0.0827871
-0.0829697
-0.0817339
-0.0829803
-0.0830255
-0.0831177
-0.0831353
-0.0831776
-0.0833034
-0.0833317
-0.0834991
-0.0822102
-0.0836171
-0.0826569
-0.0839033
-0.0838167
-0.0839088
-0.0839899
-0.0840889
-0.0841113
-0.0839794
-0.0839156
-0.0828455
-0.0840234
-0.0840301
-0.0841317
-0.0840701
-0.0840587
-0.0839525
-0.0839439
-0.0838292
-0.0836917
-0.0836678
-0.0836051
-0.0836644
-0.083678
-0.0836322
-0.0835218
-0.0834651
-0.0833183
-0.0832584
-0.0832067
-0.0831737
-0.083025
-0.0829143
-0.0829791
-0.0830646
-0.0831302
-0.0830617
-0.0830405
-0.0829745
-0.0830836
-0.0831541
-0.0832646
-0.0832029
-0.0832042
-0.0832812
-0.0832211
-0.0833042
-0.0833249
-0.083575
-0.0835821
-0.0836844
-0.0835906
-0.0836431
-0.0836619
-0.0837237
-0.083767
-0.0838147
-0.0838139
-0.0837212
-0.0837231
-0.0836867
-0.0837484
-0.0836514
-0.083747
-0.0838418
-0.0837455
-0.0837645
-0.0837888
-0.0836011
-0.0835563
-0.083658
-0.0835655
-0.0834974
-0.0834641
-0.0835167
-0.083481
-0.0835498
-0.0834821
-0.0834347
-0.0833312
-0.083248
-0.0831638
-0.0831408
-0.0831724
-0.0831825
-0.0832086
-0.0831712
-0.0831252
-0.0830798
-0.0831241
-0.0831587
-0.0831242
-0.0832011
-0.0832224
-0.0834334
-0.0834483
-0.0835583
-0.0835922
-0.0836353
-0.0836301
-0.0837237
-0.0836978
-0.0837103
-0.0837611
-0.0838472
-0.0838635
-0.083925
-0.0839286
-0.0838879
-0.0838507
-0.0838492
-0.0838317
-0.0838897
-0.083711
-0.0836856
-0.0836827
-0.0836923
-0.0836911
-0.0835929
-0.0836611
-0.083481
-0.083479
-0.0833859
-0.0832929
-0.0833333
-0.0833786
-0.0832872
-0.0832156
-0.0832197
-0.0831674
-0.0832799
-0.0833033
-0.0833116
-0.0832574
-0.0832701
-0.0832821
-0.0833134
-0.0833718
-0.0834291
-0.083515
-0.0836132
-0.083485
-0.0835513
-0.083453
-0.0834406
-0.0834242
-0.0835228
-0.083531
-0.0836161
-0.0836113
-0.0837261
-0.0837066
-0.0836577
-0.0837091
-0.083575
-0.0836421
-0.0836634
-0.0837117
-0.0835257
-0.0834964
-0.0836169
-0.0835631
-0.0836653
-0.0836945
-0.083745
-0.0835567
-0.0835589
-0.0835298
-0.0836196
-0.0836407
-0.0836061
-0.0835599
-0.0835226
-0.0835363
-0.0835654
-0.0835352
-0.0834284
-0.0833128
-0.0833706
-0.0833443
-0.0834106
-0.0834244
-0.083446
-0.0834927
-0.0835961
-0.0834246
-0.0834187
-0.0833728
-0.0832103
-0.0831907
-0.0831463
-0.0832517
-0.0833115
-0.0822099
-0.0834794
-0.0833703
-0.0834018
-0.0821517
-0.0834283
-0.0835998
-0.0837332
-0.0838538
-0.0838109
-0.0837977
-0.0835146
-0.0835003
-0.083494
-0.0834775
-0.0835619
-0.0836093
-0.0835527
-0.0833382
-0.0834822
-0.0833215
-0.0822371
-0.0834842
-0.0833955
-0.0834494
-0.0834199
-0.0832811
-0.0832802
-0.0832187
-0.0833358
-0.0833055
-0.0832092
-0.0831459
-0.0832431
-0.0833202
-0.0833406
-0.0834042
-0.083413
-0.0833932
-0.0821657
-0.0834541
-0.0835821
-0.083679
-0.083781
-0.0838556
-0.0838964
-0.0838051
-0.0837564
-0.0837966
-0.0837975
-0.0837133
-0.0837211
-0.0837081
-0.0836697
-0.0835509
-0.0835871
-0.0834752
-0.0833861
-0.082192
-0.083554
-0.0834639
-0.0834603
-0.0833646
-0.08352
-0.083557
-0.0834084
-0.0834376
-0.0834403
-0.0834681
-0.0833806
-0.0833498
-0.083306
-0.0832761
-0.0832858
-0.0832494
-0.0833051
-0.0831791
-0.0831977
-0.083078
-0.0831514
-0.0832988
-0.083206
-0.0833134
-0.0833437
-0.0833873
-0.0833851
-0.0834712
-0.0821495
-0.0833766
-0.0834844
-0.0822662
-0.0836027
-0.0836461
-0.0835611
-0.0836127
-0.0824856
-0.0835891
-0.0836484
-0.083636
-0.0834833
-0.083434
-0.0834309
-0.0833752
-0.0833377
-0.0832976
-0.0832378
-0.0833606
-0.0820966
-0.0834231
-0.0823252
-0.0837278
-0.083798
-0.0838123
-0.0826041
-0.0837712
-0.0825398
-0.0825158
-0.0836912
-0.0837322
-0.0836053
-0.0835386
-0.0835242
-0.0834649
-0.0835165
-0.0823106
-0.0836303
-0.0835887
-0.0836028
-0.0836192
-0.083591
-0.0836541
-0.08366
-0.0835033
-0.083501
-0.0833854
-0.0833478
-0.0820548
-0.0833027
-0.0832977
-0.0832018
-0.0830669
-0.0818302
-0.0829889
-0.0830428
-0.0831088
-0.0832117
-0.0832908
-0.083334
-0.0832419
-0.0832187
-0.0832207
-0.0831123
-0.0818846
-0.0832271
-0.0833196
-0.0834163
-0.0835606
-0.0836097
-0.083647
-0.0836899
-0.0836494
-0.0836204
-0.0836371
-0.0836532
-0.0835073
-0.0834929
-0.0835121
-0.0835457
-0.08335
-0.083473
-0.0834843
-0.0834215
-0.0834011
-0.0834853
-0.0822866
-0.0836341
-0.0837612
-0.0837109
-0.083684
-0.0836016
-0.0822529
-0.0835727
-0.0834334
-0.0833069
-0.08326
-0.0832534
-0.0833821
-0.0833302
-0.0832955
-0.0832933
-0.0833024
-0.0832473
-0.0831803
-0.0832552
-0.0831365
-0.0833108
-0.0833208
-0.0831675
-0.083204
-0.0831494
-0.0831485
-0.0829883
-0.0829956
-0.0831259
-0.0830743
-0.0831073
-0.0830908
-0.0831675
-0.083069
-0.083327
-0.0832982
-0.0820877
-0.0832097
-0.0831099
-0.0831566
-0.0831076
-0.0830479
-0.0830799
-0.0830569
-0.083102
-0.083057
-0.0832185
-0.0831735
-0.0831131
-0.0831526
-0.0831345
-0.0832119
-0.0832984
-0.0832968
-0.0832192
-0.0832075
-0.0820982
-0.0833565
-0.0833864
-0.0834002
-0.0835102
-0.0835471
-0.0835463
-0.0834641
-0.0835268
-0.0834962
-0.0834146
-0.0822299
-0.0834816
-0.0834404
-0.0833752
-0.0833278
-0.0833588
-0.0833375
-0.0832541
-0.0832796
-0.0832591
-0.0832265
-0.0832223
-0.0831022
-0.0831224
-0.0818793
-0.0830026
-0.0831308
-0.0830017
-0.0829608
-0.0829747
-0.0828785
-0.0828484
-0.0827751
-0.0827643
-0.0828664
-0.0829232
-0.0829119
-0.0829468
-0.0829856
-0.0830018
-0.0831567
-0.0821404
-0.0832571
-0.0833512
-0.0833293
-0.0834329
-0.0834364
-0.0833889
-0.083317
-0.0833357
-0.0833159
-0.0821424
-0.0832401
-0.0831946
-0.0830923
-0.0829514
-0.0829848
-0.0830379
-0.0829666
-0.0829703
-0.0830542
-0.0829756
-0.0829499
-0.0830449
-0.0831492
-0.0833446
-0.0834387
-0.0835457
-0.0836767
-0.0836495
-0.0836137
-0.0836273
-0.083572
-0.0834406
-0.0834054
-0.0833733
-0.0832459
-0.0831599
-0.0832782
-0.0834151
-0.083391
-0.0833811
-0.0834145
-0.0833682
-0.083391
-0.0834773
-0.0833187
-0.0833825
-0.0834123
-0.083505
-0.0836106
-0.0836081
-0.0834499
-0.0834622
-0.0834287
-0.083404
-0.0833362
-0.083285
-0.0831853
-0.083142
-0.0830282
-0.0829078
-0.0828321
-0.0828416
-0.082789
-0.0826727
-0.0826155
-0.0826563
-0.0827322
-0.0826953
-0.0825578
-0.0825265
-0.0825828
-0.0826023
-0.0826049
-0.0826962
-0.0828855
-0.0830083
-0.082984
-0.0828721
-0.0829953
-0.0829221
-0.0829465
-0.0831119
-0.0831405
-0.0830904
-0.0830457
-0.0831391
-0.0834073
-0.0833983
-0.0834663
-0.083671
-0.0837122
-0.0837172
-0.0838276
-0.0838338
-0.0839215
-0.0840359
-0.0838685
-0.0837683
-0.0837145
-0.08368
-0.0837123
-0.0836886
-0.0836586
-0.0835301
-0.0835104
-0.0832714
-0.0832286
-0.0831327
-0.0830884
-0.0829715
-0.082908
-0.0816072
-0.0826647
-0.0825624
-0.0825121
-0.0824294
-0.0824394
-0.0823999
-0.082425
-0.0825145
-0.0825721
-0.0824241
-0.082443
-0.0824808
-0.0825596
-0.082713
-0.082754
-0.0826574
-0.0828717
-0.0829728
-0.082861
-0.082774
-0.0829026
-0.0828165
-0.0817659
-0.0828966
-0.0830085
-0.0830818
-0.0831512
-0.083155
-0.0832853
-0.082379
-0.0835838
-0.0835951
-0.0835345
-0.083553
-0.0836403
-0.0836733
-0.0836184
-0.0836497
-0.0825935
-0.0837885
-0.0837584
-0.0837397
-0.0836653
-0.0835557
-0.0834811
-0.083442
-0.0834667
-0.083473
-0.0833456
-0.0834181
-0.0832976
-0.0831373
-0.0831924
-0.0831173
-0.0830573
-0.0827858
-0.0827605
-0.0827184
-0.0826285
-0.0825228
-0.082347
-0.082283
-0.0821905
-0.0822712
-0.0822322
-0.0821226
-0.0822409
-0.0822032
-0.0823171
-0.0823744
-0.0825128
-0.0826377
-0.0827599
-0.0829542
-0.0829954
-0.0832116
-0.0832952
-0.0832847
-0.0833094
-0.0833555
-0.083364
-0.0834624
-0.0822852
-0.0834447
-0.0834324
-0.0835553
-0.0836901
-0.0836434
-0.0837899
-0.0837812
-0.0838745
-0.08376
-0.0838037
-0.0837633
-0.0838476
-0.0835516
-0.0836133
-0.0836441
-0.0836306
-0.0835643
-0.0835052
-0.0834109
-0.0834431
-0.0833276
-0.083194
-0.0831855
-0.0830616
-0.0829375
-0.0828901
-0.0829204
-0.0825748
-0.0825306
-0.0823138
-0.0821299
-0.0820551
-0.0819844
-0.0819697
-0.0820605
-0.0821018
-0.0820491
-0.0821635
-0.0822077
-0.0821717
-0.0810438
-0.0822815
-0.082363
-0.0812367
-0.0825778
-0.082681
-0.0827602
-0.082806
-0.0827507
-0.0827587
-0.0829135
-0.08179
-0.0819291
-0.083165
-0.083211
-0.0821189
-0.0833105
-0.0832545
-0.083421
-0.0834676
-0.0835704
-0.0836703
-0.083602
-0.083546
-0.0824758
-0.0836777
-0.0836888
-0.0838268
-0.0837641
-0.083793
-0.0836558
-0.0835736
-0.0834964
-0.0823735
-0.0834224
-0.0833814
-0.0822059
-0.0832221
-0.0829946
-0.0827723
-0.0827548
-0.0826408
-0.0824677
-0.0823921
-0.0822854
-0.0822499
-0.0822578
-0.0822982
-0.0821332
-0.0821623
-0.0821926
-0.0822054
-0.0822958
-0.0822724
-0.0823374
-0.0822775
-0.0822923
-0.0821678
-0.0822687
-0.0822622
-0.0823546
-0.0822591
-0.0823604
-0.0824299
-0.0825967
-0.0827024
-0.0828735
-0.0830057
-0.0830018
-0.0830309
-0.0830996
-0.0832745
-0.0834022
-0.0835375
-0.083533
-0.0834671
-0.0836131
-0.0837056
-0.0835892
-0.0835225
-0.0835097
-0.0834018
-0.0834315
-0.0834295
-0.0832915
-0.0834237
-0.0835674
-0.0834816
-0.0834626
-0.0834144
-0.0834227
-0.0832513
-0.0830701
-0.0818367
-0.08299
-0.0829915
-0.0829336
-0.082823
-0.0827403
-0.0828368
-0.0828894
-0.0827315
-0.0826491
-0.0825986
-0.0825735
-0.0824161
-0.08136
-0.0826184
-0.0825758
-0.0825007
-0.0823536
-0.0822222
-0.0822132
-0.0822725
-0.0822459
-0.0822189
-0.0821397
-0.0821073
-0.0821093
-0.0822472
-0.0823482
-0.0824886
-0.0826148
-0.0826547
-0.0828858
-0.0829386
-0.0831765
-0.0833691
-0.0833637
-0.0833624
-0.0833839
-0.0833365
-0.0834658
-0.0836292
-0.0836314
-0.0836315
-0.0837401
-0.0836767
-0.0838506
-0.083795
-0.0836529
-0.0835728
-0.083613
-0.083504
-0.0832911
-0.0833204
-0.0833522
-0.0832768
-0.082058
-0.0832241
-0.0831645
-0.0831694
-0.0831581
-0.0829559
-0.0828464
-0.0826612
-0.0827206
-0.0825817
-0.0825673
-0.0824789
-0.0823157
-0.0810014
-0.082114
-0.0820379
-0.0807577
-0.0819741
-0.0819139
-0.0821016
-0.082234
-0.0825036
-0.0825098
-0.0825295
-0.0826495
-0.0827785
-0.082823
-0.0826282
-0.0827714
-0.0827674
-0.0828036
-0.0829953
-0.0831396
-0.0832783
-0.0835033
-0.0834664
-0.0835711
-0.0836587
-0.0838483
-0.0839392
-0.0840499
-0.0840108
-0.0841053
-0.0840267
-0.0840394
-0.0841426
-0.0841155
-0.0841151
-0.0841951
-0.0841042
-0.0839279
-0.0839875
-0.0839066
-0.0837272
-0.0835048
-0.0822351
-0.0834836
-0.0833377
-0.0832964
-0.0832192
-0.0830809
-0.0830476
-0.0829273
-0.0828529
-0.0827259
-0.0826476
-0.0825411
-0.0824598
-0.082487
-0.082636
-0.0826483
-0.0826724
-0.0827758
-0.0828514
-0.0829358
-0.0830335
-0.0830295
-0.0831478
-0.0832706
-0.0832513
-0.0835045
-0.0834652
-0.0833643
-0.0821102
-0.0833205
-0.0833587
-0.0834187
-0.0835498
-0.0836287
-0.0838059
-0.083938
-0.0841708
-0.084361
-0.0844208
-0.0847012
-0.0848457
-0.0849593
-0.0850885
-0.08516
-0.0851427
-0.0852315
-0.0851601
-0.0852111
-0.0851859
-0.085142
-0.0839447
-0.0851867
-0.08509
-0.0851498
-0.0851993
-0.0851496
-0.0851997
-0.0841344
-0.0852677
-0.0852062
-0.0850709
-0.0850888
-0.0850983
-0.0852029
-0.085195
-0.0853058
-0.0843613
-0.0854622
-0.0854072
-0.0853585
-0.0853976
-0.0853769
-0.0853324
-0.0854213
-0.0856202
-0.0856118
-0.0854544
-0.0855205
-0.0854816
-0.0855314
-0.0857186
-0.0857228
-0.0857452
-0.0857612
-0.0857521
-0.0858257
-0.0859126
-0.0859003
-0.0860183
-0.086127
-0.0861183
-0.0862787
-0.0863874
-0.0866693
-0.0869059
-0.0870401
-0.0872041
-0.0873178
-0.087486
-0.0876983
-0.0878366
-0.087958
-0.0880856
-0.0882723
-0.088585
-0.0887325
-0.0888364
-0.0889568
-0.0890769
-0.0892644
-0.0893713
-0.0883986
-0.0898153
-0.0888738
-0.0890798
-0.090364
-0.0904823
-0.0907596
-0.0907328
-0.0907765
-0.0908683
-0.0910535
-0.0912476
-0.0912631
-0.091412
-0.0916534
-0.0916754
-0.0919481
-0.0920489
-0.0924209
-0.0924357
-0.0925675
-0.0926269
-0.0928501
-0.093006
-0.093221
-0.0933554
-0.093544
-0.0936436
-0.0937349
-0.0938894
-0.0941005
-0.0943278
-0.0944032
-0.0944387
-0.0946543
-0.0948715
-0.0940896
-0.0955774
-0.0958941
-0.0962525
-0.0965725
-0.0968592
-0.0971767
-0.0975013
-0.0979527
-0.098275
-0.0974784
-0.0989689
-0.0994577
-0.0998875
-0.100257
-0.100569
-0.100896
-0.101235
-0.101554
-0.101958
-0.102318
-0.102692
-0.103175
-0.103473
-0.103812
-0.104096
-0.104498
-0.10493
-0.105312
-0.10568
-0.106021
-0.106449
-0.106936
-0.107397
-0.106691
-0.108072
-0.108468
-0.108976
-0.109507
-0.109894
-0.110342
-0.110745
-0.111144
-0.111721
-0.112207
-0.112712
-0.113265
-0.113802
-0.114256
-0.113698
-0.115393
-0.11622
-0.117044
-0.117805
-0.118658
-0.119502
-0.120218
-0.121126
-0.121095
-0.123252
-0.124313
-0.125198
-0.126008
-0.126894
-0.127844
-0.128816
-0.130021
-0.13105
-0.132027
-0.133005
-0.133953
-0.13481
-0.135507
-0.136344
-0.137196
-0.137846
-0.13855
-0.139305
-0.139636
-0.140296
-0.140912
-0.141542
-0.142166
-0.142793
-0.14344
-0.143925
-0.144417
-0.145016
-0.145663
-0.146244
-0.146804
-0.147506
-0.148475
-0.149225
-0.150169
-0.151137
-0.151981
-0.152912
-0.153925
-0.155034
-0.15614
-0.157263
-0.158638
-0.159974
-0.161324
-0.162561
-0.164029
-0.165426
-0.166795
-0.167249
-0.16953
-0.170856
-0.172153
-0.173519
-0.174934
-0.176159
-0.17751
-0.178701
-0.180131
-0.181489
-0.182843
-0.184354
-0.185794
-0.18729
-0.188109
-0.190567
-0.192454
-0.194436
-0.196014
-0.197582
-0.199029
-0.200495
-0.202025
-0.203424
-0.204718
-0.206042
-0.2073
-0.207783
-0.209715
-0.21049
-0.212322
-0.213504
-0.214745
-0.216023
-0.21727
-0.21859
-0.219811
-0.221027
-0.222149
-0.223363
-0.22481
-0.226026
-0.227333
-0.228565
-0.229716
-0.230928
-0.232197
-0.232715
-0.234662
-0.235799
-0.237104
-0.2383
-0.239533
-0.240754
-0.242157
-0.24331
-0.244629
-0.246013
-0.247436
-0.248832
-0.250252
-0.251944
-0.25337
-0.255011
-0.256694
-0.258539
-0.260416
-0.262192
-0.263744
-0.265518
-0.267235
-0.268634
-0.2702
-0.271887
-0.273384
-0.274705
-0.27612
-0.277133
-0.278916
-0.280357
-0.281929
-0.283404
-0.284816
-0.285997
-0.287286
-0.288536
-0.289848
-0.291341
-0.292897
-0.294338
-0.295588
-0.296763
-0.297957
-0.29913
-0.300295
-0.301447
-0.302627
-0.303768
-0.304966
-0.306108
-0.307373
-0.308591
-0.30984
-0.310952
-0.312093
-0.31314
-0.31443
-0.315529
-0.316623
-0.31775
-0.318782
-0.319852
-0.321001
-0.322109
-0.323047
-0.32412
-0.325128
-0.326172
-0.327121
-0.328048
-0.328898
-0.329876
-0.330896
-0.331982
-0.333041
-0.334787
-0.335813
-0.336701
-0.337606
-0.338689
-0.339732
-0.340815
-0.341841
-0.343004
-0.344264
-0.345314
-0.34649
-0.347607
-0.348753
-0.349739
-0.35082
-0.35202
-0.35333
-0.354438
-0.355504
-0.356512
-0.357689
-0.358772
-0.359934
-0.361026
-0.361925
-0.36299
-0.363927
-0.364987
-0.365959
-0.367022
-0.368029
-0.369053
-0.36998
-0.370933
-0.371818
-0.372825
-0.373857
-0.374799
-0.375865
-0.376765
-0.377618
-0.378522
-0.379461
-0.380384
-0.381346
-0.382271
-0.383137
-0.383988
-0.384867
-0.385723
-0.386716
-0.387636
-0.388528
-0.389425
-0.390237
-0.391006
-0.391807
-0.392522
-0.393232
-0.393972
-0.394647
-0.395443
-0.396183
-0.396966
-0.397695
-0.398417
-0.399124
-0.399742
-0.400412
-0.401109
-0.401824
-0.40251
-0.403122
-0.403769
-0.404292
-0.40477
-0.405254
-0.405765
-0.406284
-0.406797
-0.407352
-0.407793
-0.408127
-0.40854
-0.408993
-0.409383
-0.409741
-0.410042
-0.410429
-0.410824
-0.411245
-0.411546
-0.41172
-0.411874
-0.412163
-0.412419
-0.412757
-0.412945
-0.413105
-0.413258
-0.413419
-0.413663
-0.413918
-0.41406
-0.414284
-0.414443
-0.414701
-0.414861
-0.415042
-0.415274
-0.415497
-0.415747
-0.415948
-0.41619
-0.416387
-0.416644
-0.416852
-0.417124
-0.417429
-0.417728
-0.417945
-0.418192
-0.418539
-0.418787
-0.419017
-0.419303
-0.419647
-0.419873
-0.420116
-0.420343
-0.420635
-0.420973
-0.421171
-0.421353
-0.42158
-0.421824
-0.422069
-0.422302
-0.422566
-0.4228
-0.423022
-0.423261
-0.42336
-0.423612
-0.423815
-0.424044
-0.424196
-0.424386
-0.424557
-0.424774
-0.425025
-0.425315
-0.42556
-0.425773
-0.426068
-0.426328
-0.426674
-0.426977
-0.427238
-0.427538
-0.427892
-0.428195
-0.42856
-0.428846
-0.429265
-0.429647
-0.430046
-0.43043
-0.430858
-0.43131
-0.431604
-0.431954
-0.432307
-0.432637
-0.432964
-0.433412
-0.433847
-0.434259
-0.434573
-0.434927
-0.435264
-0.435618
-0.435961
-0.436445
-0.436862
-0.437229
-0.437594
-0.438007
-0.438392
-0.438768
-0.439119
-0.439443
-0.439693
-0.440021
-0.440272
-0.440582
-0.440817
-0.441047
-0.44131
-0.441491
-0.441715
-0.441943
-0.442157
-0.442402
-0.442682
-0.442944
-0.443173
-0.443435
-0.44377
-0.444017
-0.444358
-0.444625
-0.444926
-0.44514
-0.445364
-0.445664
-0.445883
-0.446096
-0.446318
-0.446536
-0.446748
-0.446949
-0.447127
-0.447323
-0.447501
-0.447648
-0.447843
-0.448004
-0.448148
-0.44824
-0.448285
-0.44836
-0.448439
-0.448512
-0.448537
-0.448646
-0.448677
-0.448719
-0.448682
-0.44866
-0.448694
-0.448811
-0.448862
-0.414124
-0.449001
-0.449027
-0.449017
-0.44908
-0.449129
-0.449135
-0.44912
-0.449101
-0.449059
-0.449078
-0.449043
-0.449031
-0.449064
-0.449054
-0.449004
-0.448913
-0.448838
-0.448794
-0.448704
-0.448657
-0.448648
-0.448638
-0.448633
-0.448606
-0.44853
-0.448521
-0.448477
-0.448491
-0.448459
-0.448447
-0.448465
-0.448419
-0.448391
-0.448406
-0.448378
-0.44833
-0.448326
-0.448307
-0.448337
-0.448371
-0.448384
-0.448453
-0.448531
-0.448653
-0.448695
-0.448697
-0.448743
-0.448766
-0.448801
-0.448806
-0.448775
-0.448835
-0.448874
-0.448932
-0.448986
-0.449088
-0.449132
-0.449118
-0.449127
-0.449146
-0.449147
-0.449177
-0.449194
-0.449205
-0.449267
-0.449302
-0.449315
-0.449367
-0.449422
-0.449513
-0.449531
-0.44954
-0.449577
-0.449652
-0.449703
-0.449727
-0.449786
-0.449887
-0.449888
-0.449908
-0.449927
-0.449959
-0.449956
-0.449948
-0.449956
-0.449951
-0.450006
-0.45002
-0.449997
-0.450011
-0.450012
-0.450062
-0.450063
-0.450129
-0.450205
-0.450245
-0.450269
-0.450343
-0.450399
-0.450413
-0.450407
-0.450428
-0.450441
-0.450408
-0.450454
-0.450507
-0.450635
-0.450707
-0.45074
-0.450816
-0.450876
-0.450918
-0.45091
-0.450914
-0.450993
-0.45099
-0.450986
-0.45104
-0.451025
-0.451081
-0.451017
-0.451002
-0.45105
-0.45102
-0.451019
-0.451028
-0.45107
-0.451107
-0.451119
-0.451088
-0.451097
-0.451108
-0.451054
-0.451045
-0.451003
-0.450949
-0.450926
-0.450867
-0.450808
-0.450761
-0.450641
-0.45055
-0.450478
-0.450384
-0.450332
-0.450296
-0.450279
-0.450239
-0.450143
-0.450064
-0.449999
-0.449908
-0.449849
-0.449784
-0.449726
-0.449655
-0.449569
-0.449519
-0.449442
-0.449311
-0.449236
-0.449129
-0.449064
-0.448963
-0.448903
-0.448828
-0.448727
-0.448678
-0.44861
-0.448547
-0.448447
-0.448426
-0.44833
-0.448282
-0.448199
-0.44815
-0.448066
-0.448044
-0.447989
-0.447928
-0.447891
-0.447953
-0.447887
-0.447867
-0.447828
-0.447786
-0.447807
-0.447803
-0.4478
-0.447819
-0.44784
-0.44785
-0.447867
-0.447864
-0.447903
-0.44791
-0.447947
-0.447886
-0.447854
-0.447793
-0.447772
-0.447814
-0.447818
-0.44784
-0.447829
-0.447825
-0.447809
-0.447818
-0.447819
-0.447826
-0.447859
-0.44782
-0.447856
-0.447852
-0.447878
-0.447917
-0.447978
-0.447976
-0.44798
-0.448062
-0.448075
-0.448103
-0.448132
-0.44823
-0.448248
-0.448303
-0.448315
-0.448313
-0.448324
-0.448368
-0.448373
-0.448331
-0.448356
-0.448363
-0.448354
-0.448335
-0.448375
-0.448403
-0.448393
-0.448414
-0.44842
-0.448442
-0.448459
-0.448501
-0.448512
-0.448506
-0.44856
-0.448569
-0.448564
-0.448503
-0.448534
-0.448462
-0.448485
-0.448492
-0.44847
-0.448449
-0.448453
-0.448427
-0.448347
-0.448312
-0.448266
-0.448186
-0.448124
-0.448036
-0.447945
-0.447901
-0.447876
-0.447851
-0.447757
-0.447725
-0.447616
-0.447545
-0.447513
-0.44744
-0.447429
-0.447381
-0.447344
-0.447325
-0.447247
-0.447246
-0.447148
-0.447127
-0.447061
-0.447051
-0.447027
-0.446998
-0.446946
-0.446899
-0.446882
-0.446853
-0.446793
-0.446748
-0.44669
-0.446681
-0.446622
-0.446607
-0.44654
-0.446534
-0.446486
-0.446468
-0.446435
-0.446397
-0.446395
-0.446443
-0.446447
-0.446499
-0.446529
-0.446567
-0.446663
-0.446701
-0.446699
-0.446733
-0.446788
-0.446875
-0.446894
-0.446914
-0.446968
-0.447055
-0.447138
-0.447266
-0.44732
-0.447404
-0.447455
-0.447526
-0.447593
-0.447705
-0.447766
-0.447832
-0.447932
-0.448037
-0.448152
-0.448273
-0.448404
-0.448512
-0.448648
-0.448706
-0.448787
-0.448883
-0.44903
-0.449126
-0.449267
-0.449343
-0.449437
-0.449543
-0.449621
-0.44968
-0.449743
-0.449835
-0.449929
-0.450058
-0.450152
-0.45025
-0.450391
-0.450506
-0.450558
-0.450635
-0.450744
-0.450851
-0.450924
-0.451123
-0.451178
-0.451364
-0.451476
-0.45163
-0.451792
-0.451874
-0.451942
-0.452029
-0.452145
-0.452242
-0.452339
-0.4524
-0.452498
-0.45263
-0.45273
-0.45284
-0.452893
-0.453065
-0.453119
-0.453154
-0.453259
-0.453381
-0.453484
-0.453553
-0.453635
-0.453703
-0.453767
-0.453858
-0.453947
-0.454037
-0.454126
-0.454251
-0.454331
-0.454443
-0.454595
-0.454701
-0.45475
-0.454814
-0.454908
-0.454982
-0.455052
-0.455164
-0.455206
-0.455281
-0.455403
-0.455484
-0.455569
-0.455675
-0.455738
-0.455878
-0.455999
-0.456024
-0.456168
-0.456326
-0.45643
-0.456503
-0.456641
-0.456728
-0.456831
-0.456978
-0.457118
-0.457264
-0.457386
-0.45755
-0.457741
-0.457908
-0.45805
-0.45822
-0.458423
-0.45865
-0.458837
-0.459047
-0.45939
-0.459563
-0.459768
-0.459974
-0.460174
-0.460354
-0.460552
-0.46079
-0.460881
-0.461059
-0.461182
-0.461326
-0.461491
-0.461618
-0.461769
-0.461927
-0.462037
-0.462179
-0.4623
-0.462449
-0.462567
-0.462721
-0.462876
-0.463083
-0.463248
-0.463437
-0.463611
-0.463687
-0.463844
-0.463931
-0.464094
-0.464207
-0.464344
-0.464509
-0.464702
-0.46486
-0.464993
-0.465169
-0.46529
-0.465439
-0.465622
-0.465888
-0.466075
-0.466259
-0.466447
-0.466657
-0.466825
-0.467079
-0.467374
-0.467591
-0.467803
-0.467991
-0.468145
-0.468329
-0.468531
-0.46877
-0.468898
-0.46902
-0.469183
-0.469361
-0.469512
-0.469693
-0.469795
-0.469867
-0.469996
-0.470079
-0.470183
-0.470247
-0.470323
-0.470382
-0.470451
-0.470549
-0.470598
-0.470582
-0.470649
-0.470703
-0.470734
-0.47082
-0.470821
-0.470891
-0.470911
-0.47096
-0.470984
-0.471055
-0.471116
-0.471169
-0.471178
-0.471234
-0.471229
-0.471238
-0.471242
-0.471215
-0.471209
-0.469599
-0.468967
-0.468577
-0.467795
-0.467117
-0.466515
-0.465821
-0.465365
-0.465118
-0.464662
-0.464154
-0.463753
-0.463352
-0.463046
-0.463
-0.462752
-0.462596
-0.462445
-0.462533
-0.462701
-0.462647
-0.462728
-0.462989
-0.463288
-0.463687
-0.464103
-0.464719
-0.465262
-0.465815
-0.466488
-0.467402
-0.468291
-0.469009
-0.469494
-0.469904
-0.4704
-0.471016
-0.471537
-0.472062
-0.472806
-0.473381
-0.473885
-0.474404
-0.474814
-0.475421
-0.475585
-0.476004
-0.476233
-0.476389
-0.476601
-0.476658
-0.476917
-0.477011
-0.477206
-0.477226
-0.477137
-0.47689
-0.476634
-0.476415
-0.475926
-0.475571
-0.475216
-0.474914
-0.474384
-0.473913
-0.473185
-0.472586
-0.471905
-0.471424
-0.470816
-0.470155
-0.469449
-0.468518
-0.467584
-0.466698
-0.466109
-0.465397
-0.464508
-0.463594
-0.462919
-0.461782
-0.460973
-0.460025
-0.459304
-0.458238
-0.457543
-0.456652
-0.45582
-0.455264
-0.454394
-0.453682
-0.453027
-0.4522
-0.451338
-0.45078
-0.450134
-0.449612
-0.448888
-0.4484
-0.447666
-0.44703
-0.446469
-0.446077
-0.445729
-0.445359
-0.445078
-0.444754
-0.444772
-0.444672
-0.444356
-0.444281
-0.444201
-0.444222
-0.444043
-0.443931
-0.444212
-0.444081
-0.443956
-0.443829
-0.443641
-0.443412
-0.443199
-0.443118
-0.442829
-0.442611
-0.442375
-0.44192
-0.441734
-0.441408
-0.441143
-0.440909
-0.440879
-0.440553
-0.44025
-0.439994
-0.439553
-0.439225
-0.438781
-0.438268
-0.437662
-0.437188
-0.436654
-0.436131
-0.435415
-0.434876
-0.434237
-0.433844
-0.43319
-0.432458
-0.431652
-0.430772
-0.429761
-0.428872
-0.427901
-0.427006
-0.425911
-0.425108
-0.423961
-0.4231
-0.42216
-0.421102
-0.419976
-0.418958
-0.417941
-0.416821
-0.415865
-0.414839
-0.413882
-0.412851
-0.411647
-0.410555
-0.409595
-0.408583
-0.407681
-0.406425
-0.40521
-0.404008
-0.402911
-0.40192
-0.400751
-0.39973
-0.398763
-0.397707
-0.396847
-0.395901
-0.394737
-0.393836
-0.392825
-0.391536
-0.390581
-0.389559
-0.388488
-0.387496
-0.386672
-0.385781
-0.384978
-0.384266
-0.383502
-0.382943
-0.38223
-0.38164
-0.381001
-0.380337
-0.379621
-0.378814
-0.378368
-0.377693
-0.376847
-0.376043
-0.37524
-0.374658
-0.373922
-0.373117
-0.372495
-0.371556
-0.370829
-0.370114
-0.369283
-0.368396
-0.367626
-0.366871
-0.365962
-0.365163
-0.364148
-0.363284
-0.362205
-0.361234
-0.36024
-0.359349
-0.358222
-0.357153
-0.355832
-0.354538
-0.353256
-0.352028
-0.350632
-0.349036
-0.34741
-0.345723
-0.344179
-0.342356
-0.340773
-0.33906
-0.337266
-0.33557
-0.33383
-0.332118
-0.330212
-0.32846
-0.326505
-0.324469
-0.32277
-0.320706
-0.318678
-0.316703
-0.314719
-0.31297
-0.311119
-0.309366
-0.307586
-0.305599
-0.303511
-0.301486
-0.299465
-0.297366
-0.295112
-0.293165
-0.290945
-0.288699
-0.286655
-0.284829
-0.282967
-0.281027
-0.279249
-0.277425
-0.275645
-0.273993
-0.272237
-0.27037
-0.268483
-0.266628
-0.264397
-0.262178
-0.259936
-0.257858
-0.255633
-0.253415
-0.251254
-0.249178
-0.247173
-0.245085
-0.2432
-0.241379
-0.239377
-0.237371
-0.235124
-0.23302
-0.230702
-0.228309
-0.226246
-0.224097
-0.221974
-0.219837
-0.217732
-0.215583
-0.213445
-0.211476
-0.209361
-0.207106
-0.204943
-0.202581
-0.200068
-0.197516
-0.194803
-0.192231
-0.189335
-0.18671
-0.1841
-0.181632
-0.17894
-0.176668
-0.174739
-0.173054
-0.170712
-0.168483
-0.166058
-0.163206
-0.160161
-0.157327
-0.154379
-0.151389
-0.148435
-0.145826
-0.143325
-0.140612
-0.137993
-0.135315
-0.13251
-0.129758
-0.127146
-0.124539
-0.121753
-0.119306
-0.116827
-0.114391
-0.111711
-0.109298
-0.10682
-0.104207
-0.101313
-0.0987812
-0.0960504
-0.0934544
-0.0909701
-0.0883698
-0.0860322
-0.0833668
-0.0806755
-0.0780068
-0.0752659
-0.0725909
-0.0700516
-0.0672292
-0.0646542
-0.0619696
-0.0593729
-0.0569522
-0.0545194
-0.0519916
-0.0492031
-0.0466334
-0.0441548
-0.0413678
-0.038316
-0.0357622
-0.0329642
-0.0304319
-0.0277455
-0.0251126
-0.0225477
-0.0200003
-0.0175575
-0.0150198
-0.0124902
-0.00983875
-0.00723679
-0.00445513
-0.00211881
0.000288863
0.00269168
0.00519791
0.00754389
0.0100392
0.0128405
0.0152702
0.0177132
0.0202999
0.0229863
0.0255905
0.028043
0.0303152
0.0325621
0.0349258
0.0371949
0.0394516
0.0416079
0.0438673
0.0464285
0.0489431
0.0514463
0.0537607
0.0563319
0.0587544
0.0612772
0.0635375
0.065711
0.0676682
0.0697944
0.0717494
0.0737723
0.0759364
0.078055
0.0801498
0.082188
0.0843436
0.0865031
0.0887555
0.0909243
0.0932626
0.0954175
0.0973477
0.0992553
0.101214
0.103169
0.105158
0.107238
0.109229
0.111166
0.11307
0.115123
0.117072
0.119313
0.121324
0.123387
0.125247
0.127443
0.129168
0.131182
0.132897
0.134773
0.136545
0.13831
0.140339
0.14184
0.143681
0.145379
0.147209
0.148838
0.150777
0.152545
0.154186
0.155862
0.157856
0.159478
0.161135
0.162775
0.16442
0.165631
0.166979
0.168532
0.169743
0.171008
0.172294
0.173545
0.17488
0.176224
0.177532
0.178725
0.180071
0.181305
0.18256
0.184065
0.185245
0.186487
0.187747
0.189006
0.190165
0.191472
0.192629
0.193683
0.194921
0.195897
0.196935
0.197909
0.198961
0.199821
0.200719
0.201662
0.202601
0.203476
0.204386
0.205284
0.2073
0.208076
0.208929
0.209852
0.210765
0.211631
0.212501
0.213339
0.214182
0.215104
0.215977
0.216911
0.217772
0.218767
0.219676
0.220606
0.22148
0.22237
0.223056
0.223906
0.224686
0.225497
0.226271
0.227032
0.227772
0.22852
0.229287
0.229949
0.230576
0.231241
0.231895
0.232576
0.233186
0.233775
0.234399
0.235033
0.235614
0.236255
0.236743
0.237355
0.237998
0.238583
0.239164
0.23976
0.240363
0.240932
0.241514
0.24205
0.242617
0.243252
0.243901
0.244525
0.24518
0.245827
0.246466
0.247096
0.24775
0.248414
0.249088
0.249697
0.250353
0.251045
0.251714
0.252384
0.252982
0.25367
0.254232
0.254834
0.255427
0.256093
0.256718
0.257331
0.257978
0.25853
0.259176
0.259682
0.260279
0.260834
0.2614
0.262023
0.262654
0.263203
0.263851
0.264453
0.265048
0.265652
0.266167
0.26675
0.267289
0.267804
0.268359
0.26893
0.269437
0.270038
0.270591
0.271077
0.271625
0.27224
0.272863
0.273463
0.273999
0.274575
0.275129
0.275749
0.276335
0.276966
0.277623
0.278295
0.278907
0.279501
0.280062
0.280598
0.281195
0.281749
0.282339
0.282814
0.28335
0.283925
0.284558
0.285098
0.285723
0.286208
0.28665
0.287106
0.287563
0.28804
0.288578
0.289098
0.28968
0.290117
0.29055
0.290994
0.291333
0.291694
0.292084
0.292432
0.292826
0.293163
0.293521
0.293862
0.294166
0.294403
0.294663
0.294976
0.295257
0.295489
0.295792
0.296004
0.296307
0.296508
0.296744
0.296987
0.297179
0.297388
0.297542
0.297716
0.297833
0.297979
0.298084
0.298213
0.298313
0.298398
0.298515
0.298556
0.298683
0.298826
0.298929
0.298994
0.299083
0.299179
0.299271
0.299337
0.299397
0.299492
0.299545
0.299551
0.299576
0.299569
0.299574
0.29951
0.299486
0.299424
0.299432
0.299374
0.299338
0.299236
0.299198
0.299145
0.299084
0.298945
0.298859
0.298723
0.298673
0.298573
0.298517
0.298471
0.298393
0.298371
0.298318
0.298243
0.298182
0.298125
0.298072
0.298039
0.297969
0.29789
0.297889
0.297798
0.297731
0.297532
0.297371
0.29724
0.297142
0.297065
0.296975
0.296915
0.296799
0.296677
0.29656
0.296541
0.296493
0.29643
0.296411
0.296399
0.296406
0.296405
0.296348
0.296366
0.296336
0.296368
0.296413
0.296445
0.296462
0.296485
0.296516
0.296529
0.296489
0.296496
0.296459
0.296422
0.29634
0.296402
0.296454
0.296458
0.296463
0.296447
0.29646
0.296456
0.296433
0.296435
0.296444
0.29641
0.296408
0.296334
0.296297
0.29623
0.296182
0.296147
0.296148
0.29622
0.296181
0.296156
0.296111
0.29612
0.296032
0.296018
0.295982
0.295952
0.295814
0.295698
0.295584
0.295517
0.29535
0.295292
0.295153
0.295031
0.29494
0.294796
0.294633
0.294504
0.294417
0.294227
0.294011
0.293816
0.293637
0.293477
0.293347
0.293185
0.292981
0.292726
0.292521
0.292354
0.292144
0.291966
0.291774
0.291568
0.291305
0.291063
0.29077
0.290544
0.290147
0.289834
0.289445
0.289174
0.288831
0.288557
0.288322
0.287941
0.287512
0.287182
0.286808
0.286457
0.286048
0.285758
0.285397
0.285064
0.284659
0.284339
0.283962
0.283663
0.283265
0.28287
0.282479
0.282066
0.281747
0.281554
0.281366
0.281107
0.280926
0.280735
0.280576
0.280551
0.280464
0.2804
0.280358
0.280354
0.280314
0.280295
0.280304
0.280314
0.280305
0.280298
0.280272
0.28032
0.280286
0.280288
0.280251
0.28022
0.28016
0.280191
0.28013
0.28005
0.279976
0.279899
0.279829
0.279768
0.279704
0.279722
0.279603
0.279483
0.279338
0.279209
0.278998
0.278842
0.278699
0.278557
0.278394
0.27822
0.278089
0.277889
0.2777
0.277511
0.277382
0.2772
0.276975
0.276703
0.276518
0.276131
0.275898
0.275642
0.27533
0.275094
0.274777
0.274453
0.274128
0.273774
0.273479
0.273216
0.272911
0.272709
0.272432
0.272055
0.271792
0.271429
0.271197
0.270907
0.270673
0.270354
0.270107
0.269798
0.2695
0.269287
0.268989
0.268817
0.268519
0.268123
0.267831
0.267653
0.267328
0.266945
0.266396
0.265936
0.265457
0.26498
0.26468
0.264457
0.264324
0.264232
0.264299
0.26442
0.264698
0.26495
0.265358
0.265632
0.265994
0.266483
0.266984
0.267532
0.26781
0.268426
0.268898
0.269465
0.270006
0.270671
0.271029
0.271351
0.271917
0.272513
0.273159
0.273885
0.274444
0.274987
0.275469
0.276012
0.276416
0.276914
0.277463
0.27796
0.278307
0.278615
0.278977
0.279269
0.279632
0.280035
0.280426
0.280734
0.281078
0.281286
0.281645
0.28192
0.282246
0.282572
0.282865
0.28317
0.283563
0.283931
0.284244
0.284638
0.285054
0.285397
0.285759
0.286347
0.286747
0.287104
0.287787
0.288306
0.288792
0.289246
0.289585
0.289913
0.290198
0.290407
0.290615
0.290679
0.290764
0.290786
0.290783
0.290706
0.290556
0.290417
0.290157
0.289962
0.289678
0.289343
0.288823
0.288398
0.287875
0.287629
0.28709
0.286738
0.286488
0.28607
0.285428
0.285018
0.284645
0.284435
0.283875
0.283561
0.283146
0.282798
0.282536
0.282307
0.282195
0.281999
0.281908
0.281752
0.281576
0.28138
0.281193
0.281016
0.280884
0.280747
0.280531
0.280221
0.279991
0.279792
0.279604
0.279477
0.279282
0.278956
0.278718
0.278506
0.278322
0.278184
0.27792
0.277623
0.277352
0.277094
0.27677
0.276572
0.276378
0.276165
0.276074
0.27584
0.275621
0.27537
0.27531
0.275122
0.275003
0.274781
0.274653
0.274349
0.27416
0.273942
0.27375
0.273624
0.273423
0.273285
0.273155
0.273013
0.272853
0.27281
0.272726
0.272618
0.272575
0.272441
0.272333
0.272308
0.272316
0.272291
0.272266
0.272146
0.27211
0.272131
0.272197
0.272242
0.272292
0.272345
0.27243
0.272527
0.272586
0.272679
0.27265
0.272654
0.272737
0.272763
0.272777
0.272914
0.273001
0.273139
0.273327
0.273547
0.273914
0.274358
0.274688
0.274943
0.275386
0.275683
0.276269
0.276854
0.277473
0.278152
0.278981
0.279464
0.280273
0.281005
0.282002
0.28303
0.283862
0.284957
0.285802
0.286764
0.28772
0.289039
0.290203
0.291215
0.292095
0.293015
0.294075
0.295121
0.29611
0.297093
0.297899
0.29853
0.299382
0.300081
0.300991
0.302199
0.307067
0.304234
0.3049
0.305907
0.306492
0.307501
0.308322
0.309242
0.309894
0.310732
0.311187
0.311876
0.312501
0.313225
0.31388
0.314437
0.314744
0.315185
0.315596
0.316132
0.316539
0.316846
0.317035
0.317282
0.317499
0.317603
0.317792
0.317908
0.318036
0.318023
0.318042
0.317993
0.317843
0.317731
0.317393
0.317094
0.316695
0.316315
0.315873
0.31549
0.315182
0.314623
0.313867
0.313379
0.312965
0.312283
0.311807
0.311006
0.309818
0.309042
0.308467
0.308055
0.307414
0.306749
0.305894
0.305346
0.304861
0.304441
0.303999
0.303621
0.303181
0.302851
0.302403
0.301847
0.301374
0.300929
0.30055
0.300232
0.299991
0.299649
0.299311
0.297237
0.296211
0.295232
0.294081
0.293109
0.291217
0.290085
0.288716
0.287755
0.286155
0.285152
0.283627
0.282095
0.280507
0.279706
0.278557
0.277872
0.276898
0.27633
0.275589
0.275329
0.274968
0.274791
0.27466
0.274778
0.275022
0.275181
0.275785
0.276028
0.276318
0.276628
0.277327
0.278332
0.278989
0.279892
0.280544
0.281664
0.282524
0.28397
0.285512
0.28815
0.290368
0.291479
0.292978
0.294186
0.296261
0.299011
0.300884
0.303426
0.305177
0.306259
0.309097
0.309727
0.310637
0.311134
0.312019
0.312508
0.312933
0.313304
0.313432
0.313657
0.313794
0.314033
0.314071
0.314149
0.314211
0.314214
0.314158
0.314046
0.313866
0.313666
0.313366
0.313095
0.312746
0.31232
0.311936
0.311533
0.311157
0.310631
0.310121
0.309567
0.309016
0.30839
0.307783
0.30716
0.306586
0.304072
0.303164
0.301865
0.300678
0.29945
0.298445
0.297248
0.296091
0.294632
0.293401
0.291867
0.290165
0.288453
0.286788
0.284919
0.283102
0.281138
0.279449
0.277281
0.275633
0.274287
0.272706
0.271597
0.270135
0.268986
0.267358
0.265797
0.264304
0.263109
0.261173
0.260067
0.258587
0.257107
0.255969
0.254689
0.253211
0.252171
0.250523
0.249453
0.248111
0.24697
0.245952
0.24474
0.243336
0.242232
0.241023
0.240059
0.23898
0.238144
0.237455
0.236921
0.236579
0.236459
0.236522
0.236845
0.23732
0.23736
0.2377
0.237764
0.238197
0.238275
0.238767
0.239288
0.239337
0.23996
0.240086
0.240923
0.241186
0.24203
0.242348
0.243135
0.243562
0.244416
0.246084
0.247149
0.248095
0.24852
0.24908
0.249286
0.249875
0.250219
0.250803
0.251233
0.251757
0.251903
0.252339
0.252514
0.253099
0.253238
0.253606
0.253716
0.254158
0.254201
0.254347
0.254729
0.254968
0.254608
0.254187
0.25416
0.253348
0.252653
0.251766
0.250901
0.250291
0.249394
0.248574
0.247466
0.246415
0.24547
0.24448
0.243596
0.242488
0.241293
0.239928
0.238369
0.23686
0.235735
0.234014
0.232488
0.230372
0.228388
0.226377
0.22448
0.222145
0.219606
0.217325
0.214523
0.21223
0.209566
0.207372
0.204612
0.202074
0.199132
0.196667
0.193564
0.190332
0.187105
0.184288
0.181716
0.179082
0.176876
0.174504
0.172503
0.170193
0.16805
0.165421
0.163216
0.160582
0.158151
0.155427
0.152664
0.149778
0.147376
0.143945
0.141228
0.138282
0.135457
0.132997
0.13299
0.129489
0.128011
0.12848
0.125498
0.124486
0.12351
0.122337
0.121263
0.120028
0.119077
0.11806
0.11723
0.116469
0.115463
0.114853
0.116147
0.113593
0.112975
0.112457
0.111484
0.110642
0.109718
0.109325
0.108732
0.108552
0.108809
0.108581
0.108392
0.107822
0.107538
0.106897
0.106591
0.106927
0.106281
0.105789
0.104895
0.103913
0.103129
0.101883
0.100941
0.0999555
0.0988916
0.0976363
0.0967067
0.0955425
0.094616
0.0933822
0.0917462
0.0898648
0.0879799
0.0858488
0.0836553
0.0812331
0.078896
0.0762209
0.0738925
0.0714418
0.0690897
0.0667621
0.0642289
0.061669
0.0589114
0.056349
0.0536212
0.0509761
0.0480615
0.0449894
0.0417727
0.0386635
0.0357314
0.0328149
0.0292638
0.0261224
0.0228628
0.0187972
0.0154728
0.0118279
0.00782714
0.00425806
0.000247347
-0.00343569
-0.00717347
-0.0104623
-0.0140939
-0.0174535
-0.0204928
-0.0241082
-0.0279516
-0.0315986
-0.0346873
-0.0376025
-0.040781
-0.0438979
-0.0473611
-0.0510972
-0.0545857
-0.0578364
-0.0610222
-0.0640693
-0.0670958
-0.0699173
-0.0729764
-0.075215
-0.079052
-0.0821208
-0.0851441
-0.0880192
-0.0906678
-0.0934906
-0.0960741
-0.098612
-0.101043
-0.103389
-0.105655
-0.107927
-0.110069
-0.112337
-0.114436
-0.116209
-0.118273
-0.120391
-0.122246
-0.124411
-0.126459
-0.128594
-0.130736
-0.133021
-0.135236
-0.137321
-0.139509
-0.141676
-0.143966
-0.146319
-0.148624
-0.150855
-0.153151
-0.155476
-0.157892
-0.16009
-0.162412
-0.164804
-0.167034
-0.169431
-0.171806
-0.174252
-0.176573
-0.178942
-0.181256
-0.183883
-0.186527
-0.189269
-0.191855
-0.1942
-0.196775
-0.19907
-0.201573
-0.204156
-0.206648
-0.209009
-0.2112
-0.213426
-0.215611
-0.217792
-0.219903
-0.222091
-0.224149
-0.226398
-0.228484
-0.23048
-0.232545
-0.234514
-0.236474
-0.238527
-0.240562
-0.242701
-0.244709
-0.24689
-0.249001
-0.251247
-0.253389
-0.255566
-0.257574
-0.25957
-0.261467
-0.263246
-0.265032
-0.266776
-0.268621
-0.270639
-0.272502
-0.274431
-0.276423
-0.278388
-0.280331
-0.281989
-0.283757
-0.28532
-0.28719
-0.289095
-0.290856
-0.292543
-0.294313
-0.295887
-0.297576
-0.299281
-0.301019
-0.302833
-0.304704
-0.30629
-0.307898
-0.309685
-0.311392
-0.313402
-0.315274
-0.316947
-0.318535
-0.320195
-0.321894
-0.323654
-0.325289
-0.32682
-0.328792
-0.330764
-0.332554
-0.334333
-0.336484
-0.339159
-0.341329
-0.343598
-0.345616
-0.347791
-0.349693
-0.35202
-0.355476
-0.357664
-0.359619
-0.361406
-0.363113
-0.365037
-0.366965
-0.36887
-0.370932
-0.372726
-0.374591
-0.376262
-0.376586
-0.378295
-0.379971
-0.381484
-0.38293
-0.384549
-0.386293
-0.387716
-0.3907
-0.392194
-0.393366
-0.394924
-0.396208
-0.397506
-0.398823
-0.400216
-0.401377
-0.402631
-0.403748
-0.40485
-0.405939
-0.407018
-0.408085
-0.4091
-0.410009
-0.411025
-0.411907
-0.412808
-0.413726
-0.414574
-0.415374
-0.416164
-0.417022
-0.417733
-0.418468
-0.41908
-0.4197
-0.420378
-0.421002
-0.421642
-0.422234
-0.422875
-0.423278
-0.423776
-0.424303
-0.424838
-0.425298
-0.425714
-0.426213
-0.426552
-0.426862
-0.427301
-0.427646
-0.428044
-0.428419
-0.428724
-0.428968
-0.429043
-0.429228
-0.429456
-0.42944
-0.429659
-0.42988
-0.429934
-0.430073
-0.430228
-0.430441
-0.430506
-0.430361
-0.430837
-0.430939
-0.431118
-0.431052
-0.431305
-0.431387
-0.431535
-0.431783
-0.431946
-0.432122
-0.432366
-0.432531
-0.432732
-0.432874
-0.433018
-0.433125
-0.433258
-0.433244
-0.433436
-0.433694
-0.433876
-0.434038
-0.43404
-0.434173
-0.434345
-0.434601
-0.434665
-0.434857
-0.435146
-0.435416
-0.435659
-0.435971
-0.436278
-0.436738
-0.437205
-0.437541
-0.437982
-0.438378
-0.438871
-0.439278
-0.43977
-0.440269
-0.440921
-0.441516
-0.44213
-0.442764
-0.44345
-0.44404
-0.444678
-0.445249
-0.445998
-0.446905
-0.447667
-0.448387
-0.41377
-0.449993
-0.450738
-0.451593
-0.452335
-0.453223
-0.454066
-0.454817
-0.455633
-0.456583
-0.457469
-0.458432
-0.459219
-0.460054
-0.46096
-0.461817
-0.462713
-0.46351
-0.464304
-0.465197
-0.466155
-0.466991
-0.467678
-0.46861
-0.469491
-0.470165
-0.470925
-0.471415
-0.472176
-0.472702
-0.473465
-0.474374
-0.475014
-0.475737
-0.476547
-0.477022
-0.477693
-0.478368
-0.479073
-0.479812
-0.480484
-0.481185
-0.481633
-0.482302
-0.482862
-0.483485
-0.484073
-0.484615
-0.485083
-0.485584
-0.486036
-0.486527
-0.486991
-0.487432
-0.4879
-0.488132
-0.488459
-0.488644
-0.488903
-0.489191
-0.489474
-0.489782
-0.489946
-0.490093
-0.490246
-0.489991
-0.49035
-0.490156
-0.490577
-0.490579
-0.490582
-0.490461
-0.490265
-0.489999
-0.489749
-0.489489
-0.489448
-0.489202
-0.489057
-0.488681
-0.488347
-0.487904
-0.487177
-0.487191
-0.486984
-0.486732
-0.486406
-0.486038
-0.485579
-0.485142
-0.484761
-0.484467
-0.484098
-0.483635
-0.482731
-0.482707
-0.482406
-0.481914
-0.481479
-0.481088
-0.480819
-0.480353
-0.479819
-0.479428
-0.479026
-0.478544
-0.478108
-0.477623
-0.477214
-0.47671
-0.476164
-0.47584
-0.475303
-0.474961
-0.474549
-0.474086
-0.473625
-0.473392
-0.473144
-0.472815
-0.472512
-0.472116
-0.471716
-0.471425
-0.471097
-0.470822
-0.470584
-0.470307
-0.470009
-0.469731
-0.469063
-0.469196
-0.469008
-0.468851
-0.468656
-0.468485
-0.468354
-0.468247
-0.468052
-0.46795
-0.467855
-0.467769
-0.467707
-0.467634
-0.467615
-0.467642
-0.467679
-0.467693
-0.467753
-0.467782
-0.46785
-0.467866
-0.467868
-0.467913
-0.467984
-0.468067
-0.468132
-0.468322
-0.468468
-0.46865
-0.46874
-0.468727
-0.468886
-0.468991
-0.469062
-0.469218
-0.469212
-0.469314
-0.469376
-0.469512
-0.469526
-0.469726
-0.469818
-0.469986
-0.469989
-0.469936
-0.47004
-0.470065
-0.470185
-0.470336
-0.470497
-0.470535
-0.470503
-0.470615
-0.47065
-0.470785
-0.470869
-0.470887
-0.470952
-0.470914
-0.470853
-0.470801
-0.470816
-0.470815
-0.470752
-0.470648
-0.470533
-0.470398
-0.470273
-0.470148
-0.47006
-0.469975
-0.469893
-0.469761
-0.469641
-0.469463
-0.469298
-0.46921
-0.469059
-0.468903
-0.468733
-0.46846
-0.468221
-0.467986
-0.467784
-0.467537
-0.467303
-0.46711
-0.466957
-0.466731
-0.466414
-0.466123
-0.465787
-0.465543
-0.465275
-0.465007
-0.464712
-0.464413
-0.464066
-0.463795
-0.463484
-0.463181
-0.462842
-0.462564
-0.462041
-0.46207
-0.461824
-0.461274
-0.461331
-0.461051
-0.460735
-0.460132
-0.460245
-0.460071
-0.459778
-0.45954
-0.459296
-0.45901
-0.458449
-0.458487
-0.458268
-0.457976
-0.457741
-0.457483
-0.457208
-0.456848
-0.456272
-0.455979
-0.456089
-0.455909
-0.455748
-0.45511
-0.455234
-0.454995
-0.454749
-0.454447
-0.4542
-0.453979
-0.453517
-0.45368
-0.453504
-0.453022
-0.453214
-0.45305
-0.452892
-0.45272
-0.452506
-0.452322
-0.45221
-0.452148
-0.452094
-0.451765
-0.451991
-0.451577
-0.451798
-0.451776
-0.45174
-0.451662
-0.451607
-0.451618
-0.451637
-0.451637
-0.451643
-0.451609
-0.45163
-0.451667
-0.451697
-0.451823
-0.451916
-0.452035
-0.452097
-0.452223
-0.452347
-0.452565
-0.452724
-0.452939
-0.453102
-0.453242
-0.453444
-0.453579
-0.453941
-0.454054
-0.454269
-0.45444
-0.454739
-0.454945
-0.455238
-0.455514
-0.455708
-0.455926
-0.456067
-0.456308
-0.456179
-0.456634
-0.456904
-0.457109
-0.457414
-0.457505
-0.457642
-0.457818
-0.457945
-0.458174
-0.458389
-0.458572
-0.458691
-0.458814
-0.458952
-0.45901
-0.459107
-0.459198
-0.459291
-0.459424
-0.459424
-0.459496
-0.459577
-0.459625
-0.459641
-0.45971
-0.459825
-0.459893
-0.459921
-0.459986
-0.460059
-0.460094
-0.460135
-0.460111
-0.460243
-0.4603
-0.460268
-0.460262
-0.460269
-0.460306
-0.460326
-0.460327
-0.460293
-0.460287
-0.460294
-0.460288
-0.460316
-0.460203
-0.460191
-0.460171
-0.460152
-0.4601
-0.460047
-0.459989
-0.459924
-0.459814
-0.459701
-0.459604
-0.459454
-0.459335
-0.459141
-0.459121
-0.459033
-0.45898
-0.458894
-0.458755
-0.458695
-0.458579
-0.458417
-0.458346
-0.458204
-0.458139
-0.458016
-0.457911
-0.457814
-0.457724
-0.457604
-0.457447
-0.457393
-0.457318
-0.457191
-0.457097
-0.457019
-0.456976
-0.456888
-0.456843
-0.456724
-0.456371
-0.456726
-0.456689
-0.456672
-0.456605
-0.456588
-0.456627
-0.456708
-0.456766
-0.45645
-0.456836
-0.456862
-0.456931
-0.456958
-0.45669
-0.457119
-0.457222
-0.457287
-0.457423
-0.457521
-0.457595
-0.45766
-0.457805
-0.457924
-0.457757
-0.458231
-0.458405
-0.458569
-0.458807
-0.458982
-0.459292
-0.459454
-0.459653
-0.459853
-0.460002
-0.460292
-0.460509
-0.460769
-0.460999
-0.461262
-0.461441
-0.461713
-0.462045
-0.462295
-0.462614
-0.462906
-0.463244
-0.463534
-0.463906
-0.464217
-0.464583
-0.464842
-0.465124
-0.465391
-0.465748
-0.46608
-0.466411
-0.46646
-0.46673
-0.467335
-0.46762
-0.46759
-0.468207
-0.468579
-0.468909
-0.469224
-0.469433
-0.469734
-0.469713
-0.470027
-0.470633
-0.470917
-0.471236
-0.471475
-0.471733
-0.471987
-0.472224
-0.472479
-0.472768
-0.473031
-0.473309
-0.473515
-0.473789
-0.474027
-0.474269
-0.474488
-0.474729
-0.474964
-0.475233
-0.47549
-0.475799
-0.475974
-0.476131
-0.476336
-0.476516
-0.476789
-0.477061
-0.477314
-0.477495
-0.477629
-0.477791
-0.477894
-0.478053
-0.47823
-0.478428
-0.478304
-0.47844
-0.478887
-0.479028
-0.479164
-0.479243
-0.479355
-0.479533
-0.479658
-0.479771
-0.47986
-0.479959
-0.480029
-0.480034
-0.480152
-0.480244
-0.480329
-0.434738
-0.480449
-0.480384
-0.480439
-0.480507
-0.480516
-0.480532
-0.480595
-0.480627
-0.480666
-0.480404
-0.480727
-0.48072
-0.480782
-0.480788
-0.4808
-0.48083
-0.480875
-0.480932
-0.480933
-0.480995
-0.481017
-0.480984
-0.481022
-0.481036
-0.480984
-0.480676
-0.480972
-0.480931
-0.480892
-0.480839
-0.480796
-0.480776
-0.480755
-0.480734
-0.480677
-0.480575
-0.48046
-0.480406
-0.480314
-0.480264
-0.480203
-0.480139
-0.480086
-0.479994
-0.47998
-0.479888
-0.479837
-0.479786
-0.479638
-0.479538
-0.47952
-0.479396
-0.479418
-0.479351
-0.479297
-0.479189
-0.479074
-0.479012
-0.478974
-0.478954
-0.478894
-0.478811
-0.478478
-0.478725
-0.476987
-0.476371
-0.475858
-0.475455
-0.474989
-0.474535
-0.473876
-0.472592
-0.472899
-0.472588
-0.47237
-0.471326
-0.471952
-0.471809
-0.471696
-0.470721
-0.471726
-0.471652
-0.471625
-0.471769
-0.472085
-0.47233
-0.472545
-0.47256
-0.472499
-0.472696
-0.472937
-0.473067
-0.473546
-0.474031
-0.474747
-0.475223
-0.475811
-0.47612
-0.476593
-0.476835
-0.477628
-0.478417
-0.478895
-0.479278
-0.479637
-0.480391
-0.481149
-0.481691
-0.482217
-0.481936
-0.483004
-0.437229
-0.483299
-0.483472
-0.483539
-0.483751
-0.483628
-0.483801
-0.483845
-0.483761
-0.483852
-0.483669
-0.483496
-0.483228
-0.483193
-0.482898
-0.482824
-0.482348
-0.481947
-0.481601
-0.481168
-0.480667
-0.480231
-0.479623
-0.479139
-0.478511
-0.477779
-0.477217
-0.476648
-0.476123
-0.474338
-0.474694
-0.473955
-0.473351
-0.472826
-0.472029
-0.471279
-0.470658
-0.470067
-0.469543
-0.468702
-0.466674
-0.46593
-0.466618
-0.465888
-0.465047
-0.464453
-0.463869
-0.439638
-0.462496
-0.461745
-0.46124
-0.460671
-0.460066
-0.459513
-0.458968
-0.458413
-0.457931
-0.457385
-0.45564
-0.456739
-0.456297
-0.455852
-0.455556
-0.455434
-0.455318
-0.454968
-0.454701
-0.454435
-0.454111
-0.453706
-0.453402
-0.452927
-0.452602
-0.452119
-0.451755
-0.451379
-0.45105
-0.450661
-0.450256
-0.449881
-0.449575
-0.44913
-0.448483
-0.448223
-0.447926
-0.447448
-0.446899
-0.446331
-0.445699
-0.445045
-0.444537
-0.443875
-0.443279
-0.442705
-0.442012
-0.441172
-0.4403
-0.439681
-0.439016
-0.438347
-0.437625
-0.436823
-0.435996
-0.435304
-0.434386
-0.433328
-0.432339
-0.431683
-0.430667
-0.42868
-0.428987
-0.4278
-0.42678
-0.425811
-0.424514
-0.423491
-0.422343
-0.421412
-0.420536
-0.419329
-0.418262
-0.41702
-0.415838
-0.41488
-0.413885
-0.412958
-0.411984
-0.410808
-0.409519
-0.408262
-0.407167
-0.405863
-0.404627
-0.403268
-0.401888
-0.400392
-0.399385
-0.398074
-0.397109
-0.396102
-0.394985
-0.394082
-0.393053
-0.39202
-0.390925
-0.389937
-0.388769
-0.387594
-0.386533
-0.385482
-0.384521
-0.383533
-0.38249
-0.381674
-0.380754
-0.379778
-0.377622
-0.376957
-0.376149
-0.376708
-0.375801
-0.374928
-0.374021
-0.373038
-0.372284
-0.37126
-0.370315
-0.368133
-0.368623
-0.36793
-0.367028
-0.366077
-0.365138
-0.364168
-0.363394
-0.362335
-0.361084
-0.35996
-0.358975
-0.357881
-0.356756
-0.355437
-0.354269
-0.352946
-0.351661
-0.350459
-0.349091
-0.347666
-0.346305
-0.344815
-0.343518
-0.34214
-0.340555
-0.338916
-0.337312
-0.335736
-0.334019
-0.332463
-0.330922
-0.329489
-0.327831
-0.32616
-0.324575
-0.323036
-0.321016
-0.319345
-0.317239
-0.315328
-0.313332
-0.311316
-0.30929
-0.307252
-0.305197
-0.301503
-0.301182
-0.299427
-0.297569
-0.295885
-0.294219
-0.292217
-0.290398
-0.288537
-0.286526
-0.284511
-0.266908
-0.28023
-0.277907
-0.275362
-0.271336
-0.270714
-0.26838
-0.265943
-0.263681
-0.261554
-0.259334
-0.257098
-0.254948
-0.251201
-0.250754
-0.248372
-0.245987
-0.243755
-0.241494
-0.239091
-0.236874
-0.234518
-0.232047
-0.229887
-0.22759
-0.225306
-0.223034
-0.220711
-0.218434
-0.215989
-0.213725
-0.211168
-0.208676
-0.206125
-0.203671
-0.200877
-0.198257
-0.195657
-0.19322
-0.190724
-0.18853
-0.186141
-0.183729
-0.181241
-0.178797
-0.176217
-0.173458
-0.170597
-0.167495
-0.164702
-0.159838
-0.159251
-0.156315
-0.153678
-0.151089
-0.148169
-0.145135
-0.14241
-0.139619
-0.136804
-0.133872
-0.131075
-0.128241
-0.125512
-0.122688
-0.119842
-0.117179
-0.111999
-0.111487
-0.108552
-0.105691
-0.102824
-0.0999681
-0.0971578
-0.0943749
-0.0916501
-0.0886107
-0.0854945
-0.0825507
-0.0792627
-0.0762862
-0.0733123
-0.0703102
-0.0672649
-0.0644766
-0.061616
-0.0589399
-0.0563456
-0.0535046
-0.0507991
-0.0480387
-0.0452999
-0.042362
-0.03967
-0.0370227
-0.0344955
-0.0397572
-0.0296634
-0.0271565
-0.0246906
-0.0193072
-0.0195013
-0.0169834
-0.0143522
-0.0117909
-0.00903493
-0.00672478
-0.00437133
-0.00211319
0.000175695
0.00248837
0.00467918
0.00697549
0.00929091
0.0117117
0.0140809
0.0163906
0.018554
0.0208634
0.0229575
0.0280896
0.0272629
0.0291952
0.0313393
0.0333651
0.0386764
0.0378398
0.0401861
0.0426058
0.0449461
0.0472589
0.0495338
0.0519473
0.0540478
0.0561962
0.0581041
0.0600088
0.0617812
0.0636873
0.065594
0.0674793
0.0727209
0.0716829
0.0737373
0.0759035
0.0780426
0.0801356
0.0822677
0.0842641
0.0863259
0.0882546
0.0903204
0.092194
0.0938917
0.0957584
0.0975578
0.0995405
0.101481
0.103412
0.105515
0.107601
0.109374
0.111294
0.113212
0.11516
0.117018
0.118983
0.120795
0.122494
0.124243
0.125904
0.127544
0.129372
0.131001
0.132558
0.134302
0.135951
0.137675
0.143116
0.141147
0.142819
0.144401
0.14623
0.147682
0.149297
0.150642
0.152032
0.153493
0.154878
0.156242
0.161343
0.159047
0.160565
0.161912
0.163242
0.16466
0.166098
0.1675
0.168631
0.170065
0.171299
0.172536
0.17387
0.175275
0.176607
0.177949
0.179227
0.180623
0.181882
0.183202
0.184425
0.185508
0.186737
0.187884
0.189055
0.190216
0.191416
0.192552
0.194704
0.195703
0.19681
0.197881
0.198985
0.200015
0.201076
0.202169
0.203207
0.204271
0.205286
0.206325
0.207385
0.208432
0.209529
0.210638
0.211668
0.216475
0.213804
0.214805
0.215914
0.216781
0.217756
0.218633
0.219562
0.220384
0.221296
0.222125
0.222992
0.22378
0.224558
0.225316
0.225968
0.226713
0.227463
0.228113
0.228759
0.229396
0.230094
0.230677
0.231344
0.231931
0.232551
0.233128
0.233693
0.234301
0.234942
0.23549
0.236035
0.236574
0.237231
0.237839
0.238393
0.239008
0.239585
0.240074
0.240652
0.241259
0.241861
0.242483
0.243068
0.243669
0.244269
0.244697
0.245299
0.245951
0.24645
0.247034
0.247539
0.247998
0.248519
0.249034
0.249567
0.250057
0.250626
0.251072
0.251501
0.251963
0.252416
0.252825
0.253298
0.253801
0.254294
0.254728
0.255226
0.255698
0.256145
0.256628
0.257092
0.257484
0.257897
0.258358
0.258872
0.259304
0.259795
0.260291
0.260766
0.261245
0.261683
0.262163
0.262669
0.263163
0.263719
0.264213
0.264715
0.265213
0.265673
0.26619
0.266643
0.267138
0.267702
0.268295
0.268858
0.269429
0.269865
0.270343
0.270882
0.27146
0.272075
0.272576
0.273116
0.27366
0.27424
0.274837
0.275454
0.276051
0.276605
0.277206
0.277788
0.278299
0.282596
0.279434
0.279942
0.280561
0.281114
0.281581
0.282087
0.282577
0.283075
0.283498
0.284015
0.284416
0.284835
0.285217
0.285729
0.286143
0.286505
0.286843
0.287214
0.287606
0.287998
0.288261
0.288594
0.288798
0.289051
0.28927
0.28953
0.289829
0.290127
0.29035
0.290688
0.290818
0.29098
0.29117
0.291373
0.291547
0.291732
0.291922
0.292081
0.292215
0.292292
0.292402
0.292447
0.292656
0.292717
0.292856
0.292964
0.293031
0.293077
0.293175
0.29327
0.29329
0.293419
0.293488
0.297275
0.293605
0.293659
0.293653
0.293649
0.293585
0.293555
0.293579
0.293527
0.293536
0.293443
0.293305
0.293268
0.29324
0.293157
0.293113
0.293045
0.292833
0.292741
0.292624
0.292547
0.292482
0.292337
0.292188
0.291979
0.291819
0.291621
0.291495
0.291381
0.29125
0.291106
0.291006
0.290868
0.29068
0.290591
0.290419
0.294032
0.290197
0.290001
0.289886
0.289749
0.289718
0.289603
0.289476
0.289362
0.289285
0.289247
0.289117
0.289041
0.288982
0.288873
0.288784
0.288737
0.288673
0.288553
0.288486
0.288406
0.288327
0.28822
0.288125
0.288032
0.287947
0.287934
0.287863
0.287816
0.287808
0.287766
0.287793
0.28777
0.287641
0.287584
0.287484
0.287414
0.287318
0.287256
0.287204
0.287143
0.28709
0.287013
0.286951
0.28687
0.286799
0.286707
0.286665
0.286573
0.28647
0.286332
0.286279
0.286262
0.286162
0.286101
0.285919
0.28583
0.285752
0.285594
0.285437
0.285391
0.285277
0.285221
0.285054
0.28496
0.284863
0.284696
0.284605
0.284425
0.284289
0.284148
0.283969
0.283811
0.283598
0.283351
0.283244
0.282991
0.282815
0.282609
0.282407
0.282223
0.281975
0.281623
0.281446
0.281211
0.280969
0.280674
0.280448
0.280183
0.279875
0.279551
0.279304
0.279038
0.278773
0.278506
0.278271
0.278073
0.277872
0.277666
0.277408
0.27711
0.276819
0.276576
0.276328
0.276149
0.275995
0.275783
0.275581
0.275365
0.27514
0.27492
0.274684
0.274466
0.274214
0.273966
0.273844
0.273641
0.273517
0.273385
0.273222
0.273043
0.272848
0.272648
0.272506
0.272349
0.272196
0.272066
0.271854
0.271855
0.271759
0.271639
0.271546
0.271455
0.271224
0.271103
0.270939
0.270808
0.270684
0.270636
0.270596
0.270502
0.270485
0.270506
0.270429
0.270349
0.270163
0.270117
0.270007
0.269963
0.270022
0.270004
0.270056
0.270064
0.270109
0.270116
0.270114
0.270074
0.270074
0.270049
0.270026
0.270011
0.270001
0.269937
0.270083
0.270136
0.270114
0.270055
0.269938
0.269887
0.269891
0.269953
0.269997
0.270004
0.270056
0.270128
0.270142
0.270185
0.270146
0.270153
0.27016
0.270107
0.270087
0.270119
0.270105
0.270065
0.270152
0.270126
0.270073
0.270063
0.270092
0.270077
0.270092
0.270071
0.270074
0.270087
0.270051
0.27004
0.269952
0.269934
0.269875
0.269823
0.269752
0.269771
0.269742
0.26971
0.269679
0.269578
0.269538
0.269544
0.269477
0.269449
0.269389
0.269359
0.269221
0.269177
0.269129
0.269088
0.269008
0.268948
0.268832
0.268745
0.268666
0.268534
0.268463
0.268349
0.268341
0.268228
0.268078
0.267985
0.267859
0.26779
0.267735
0.267566
0.267475
0.267325
0.267205
0.267132
0.267049
0.266944
0.266827
0.266696
0.266612
0.266571
0.266461
0.26637
0.266329
0.266251
0.266177
0.266183
0.266139
0.266037
0.265989
0.265933
0.265863
0.265869
0.265812
0.265774
0.265816
0.265753
0.265769
0.265797
0.265773
0.265707
0.265774
0.265764
0.265796
0.265845
0.265881
0.265883
0.265929
0.26594
0.26602
0.266025
0.266001
0.266054
0.266071
0.266152
0.266244
0.266237
0.266262
0.266339
0.266338
0.266409
0.266395
0.266468
0.266542
0.266609
0.266731
0.266788
0.266885
0.266968
0.26703
0.267102
0.267173
0.267206
0.267291
0.267413
0.267391
0.267442
0.267534
0.267565
0.267578
0.267629
0.267636
0.267616
0.267671
0.267714
0.26778
0.267855
0.267905
0.268009
0.268049
0.268124
0.268162
0.268179
0.268206
0.268269
0.268341
0.268453
0.268518
0.268689
0.268697
0.26873
0.26882
0.268924
0.268947
0.269112
0.269223
0.269275
0.269348
0.269459
0.269567
0.269675
0.269661
0.269694
0.269761
0.269809
0.269891
0.269937
0.269997
0.27007
0.27007
0.270087
0.270127
0.270095
0.270084
0.270114
0.270071
0.270055
0.270097
0.270108
0.270082
0.270089
0.270029
0.269959
0.269975
0.269998
0.269952
0.269939
0.269954
0.269889
0.269832
0.26976
0.269754
0.269727
0.269591
0.269539
0.269526
0.269442
0.2694
0.269394
0.269319
0.269268
0.269277
0.269221
0.269182
0.269212
0.269149
0.269183
0.269151
0.26913
0.269136
0.269189
0.269161
0.269122
0.269084
0.26908
0.269047
0.269029
0.26898
0.268954
0.268978
0.268939
0.268991
0.269045
0.268999
0.26901
0.268996
0.269048
0.269072
0.269077
0.269109
0.26914
0.269182
0.269224
0.269299
0.26937
0.26947
0.269488
0.269489
0.269524
0.26956
0.269633
0.269734
0.26971
0.269844
0.269893
0.269926
0.270002
0.270104
0.270107
0.270183
0.270226
0.270284
0.270287
0.270361
0.270385
0.270343
0.270415
0.270446
0.270448
0.270494
0.270606
0.270558
0.270529
0.270527
0.270523
0.270516
0.27055
0.2706
0.270604
0.270638
0.270666
0.270701
0.270706
0.270705
0.270774
0.270879
0.270865
0.270959
0.271027
0.271111
0.271155
0.271287
0.271362
0.271489
0.271595
0.271771
0.27187
0.271999
0.272091
0.272204
0.272271
0.272398
0.272496
0.272522
0.272614
0.272706
0.272782
0.272777
0.272907
0.272905
0.272925
0.273
0.27306
0.272999
0.273033
0.273122
0.273182
0.273228
0.273268
0.273293
0.273238
0.273232
0.273174
0.27305
0.272997
0.272922
0.272808
0.272723
0.272641
0.272466
0.272301
0.272165
0.271979
0.2719
0.271747
0.271583
0.27145
0.271241
0.271061
0.270887
0.270731
0.27055
0.27042
0.270202
0.269963
0.269822
0.269596
0.269457
0.269271
0.269128
0.268927
0.26873
0.268534
0.268355
0.268185
0.268084
0.267899
0.267684
0.267605
0.267416
0.267291
0.267164
0.267058
0.267004
0.266945
0.266785
0.266712
0.266644
0.266477
0.266346
0.266246
0.26607
0.26592
0.265831
0.265694
0.265541
0.265401
0.265226
0.265084
0.264913
0.264709
0.264577
0.264407
0.264194
0.264015
0.263869
0.263662
0.263412
0.263204
0.262982
0.262767
0.262547
0.26228
0.262164
0.26189
0.261662
0.261415
0.26107
0.260843
0.260602
0.260333
0.260038
0.259798
0.259494
0.259308
0.258986
0.258732
0.258462
0.258193
0.257979
0.257749
0.257482
0.257208
0.257023
0.256826
0.256647
0.256434
0.256212
0.256037
0.255828
0.255653
0.255448
0.255199
0.255059
0.254892
0.254608
0.25437
0.254129
0.25384
0.253583
0.253322
0.253024
0.252806
0.25246
0.252226
0.251951
0.251552
0.2512
0.250944
0.250671
0.250377
0.250104
0.249789
0.249407
0.249122
0.248845
0.248569
0.24832
0.24801
0.247663
0.247383
0.247038
0.246756
0.246421
0.246084
0.245782
0.245544
0.245219
0.24485
0.244515
0.244155
0.243824
0.243449
0.243068
0.242749
0.24243
0.242108
0.241731
0.241397
0.241038
0.240733
0.24032
0.239972
0.23961
0.239245
0.238859
0.238533
0.238257
0.23788
0.237427
0.237064
0.236708
0.236312
0.235953
0.235539
0.235077
0.234644
0.234321
0.233889
0.2335
0.233104
0.232578
0.232099
0.231731
0.231287
0.230813
0.230335
0.229892
0.229379
0.228964
0.228575
0.228164
0.227832
0.227497
0.227125
0.226739
0.226427
0.226108
0.225755
0.225429
0.225021
0.224646
0.224338
0.224038
0.22359
0.223159
0.222798
0.222427
0.222082
0.221679
0.221254
0.220835
0.220359
0.219977
0.219505
0.218983
0.218571
0.218019
0.217499
0.216887
0.216293
0.215689
0.215029
0.214326
0.213681
0.213088
0.212549
0.211918
0.211346
0.21075
0.210082
0.209469
0.20888
0.208245
0.207574
0.206917
0.206248
0.205654
0.204932
0.204292
0.20365
0.202951
0.202119
0.201434
0.200515
0.19971
0.198909
0.198077
0.197171
0.196318
0.195253
0.194327
0.193403
0.192518
0.191665
0.19081
0.189904
0.189002
0.188203
0.187458
0.186572
0.185803
0.185025
0.184279
0.183476
0.182565
0.181765
0.180973
0.180134
0.179362
0.178586
0.177765
0.176899
0.176122
0.17517
0.174352
0.173517
0.172645
0.171764
0.17096
0.170148
0.169405
0.168577
0.1678
0.166804
0.165774
0.164714
0.163657
0.162539
0.161423
0.1603
0.159188
0.158115
0.157066
0.155937
0.15406
0.152929
0.151906
0.150823
0.149569
0.148685
0.147558
0.146572
0.14563
0.144637
0.143712
0.142824
0.141853
0.141137
0.140132
0.139033
0.138227
0.137137
0.136202
0.135224
0.134089
0.132912
0.132611
0.131438
0.130227
0.127811
0.126247
0.124835
0.12331
0.121771
0.120216
0.118777
0.117168
0.116
0.114562
0.113274
0.111867
0.110797
0.109753
0.108519
0.107404
0.106405
0.105262
0.104268
0.103028
0.102069
0.100888
0.0996871
0.0982951
0.0968683
0.0953893
0.0937998
0.0922534
0.0906999
0.0889168
0.0869764
0.0854097
0.0838837
0.0824005
0.0808635
0.079311
0.0780055
0.0766901
0.075593
0.0744915
0.07328
0.0723959
0.0715394
0.0705059
0.0695055
0.0683859
0.0673498
0.0661536
0.0649177
0.0636637
0.0621028
0.0603875
0.0588522
0.0576632
0.0557845
0.0544742
0.0527387
0.0513573
0.0497172
0.0486925
0.0469724
0.0457103
0.0444745
0.0435924
0.0422985
0.0410808
0.040027
0.039028
0.0376245
0.0365593
0.0354392
0.0342079
0.0328
0.0316879
0.0304721
0.0291757
0.0277847
0.0264462
0.0251556
0.0238857
0.0225198
0.0212796
0.019957
0.0187828
0.0175757
0.0165008
0.015377
0.0141663
0.0132032
0.0121787
0.0109607
0.00985464
0.00882021
0.00781556
0.00670874
0.00567188
0.00474832
0.00373079
0.0025328
0.00126961
0.00019416
-0.00110951
-0.00224475
-0.0032011
-0.004543
-0.00590648
-0.00684656
-0.00801287
-0.00915682
-0.0103115
-0.0113798
-0.0124354
-0.013463
-0.0144659
-0.0155309
-0.0164463
-0.0172857
-0.018278
-0.0189467
-0.0198093
-0.020708
-0.0215846
-0.022428
-0.0233174
-0.0241331
-0.0249259
-0.0259168
-0.0266734
-0.0276355
-0.0285576
-0.0294254
-0.0303604
-0.0312725
-0.0321504
-0.0331723
-0.034006
-0.0348623
-0.0358524
-0.036698
-0.0377039
-0.0386959
-0.0396307
-0.0405275
-0.0411404
-0.0419886
-0.0426857
-0.0433835
-0.0440956
-0.0449087
-0.0456411
-0.0463276
-0.0468681
-0.0474707
-0.048264
-0.0488304
-0.0494317
-0.0500798
-0.0505328
-0.0512331
-0.0519512
-0.0524971
-0.0530563
-0.0535907
-0.0542275
-0.0548031
-0.055493
-0.0560563
-0.0566497
-0.0572437
-0.0578773
-0.058579
-0.0591052
-0.0597054
-0.060255
-0.060791
-0.0613307
-0.0618862
-0.0622255
-0.0629181
-0.0635243
-0.064047
-0.0645217
-0.0651213
-0.0655761
-0.0660226
-0.0666814
-0.0671465
-0.0675675
-0.0680626
-0.068562
-0.0689818
-0.0694144
-0.0699392
-0.0703541
-0.0708686
-0.0711776
-0.0715481
-0.0720882
-0.0724855
-0.072854
-0.0731199
-0.0734858
-0.0738579
-0.0742388
-0.0743931
-0.0746615
-0.0749098
-0.0751567
-0.0754767
-0.0758146
-0.07614
-0.0763256
-0.0765894
-0.0769227
-0.0772287
-0.0773747
-0.077577
-0.077743
-0.0779495
-0.0780733
-0.078371
-0.0785309
-0.078738
-0.0790997
-0.0792741
-0.0794529
-0.0796535
-0.0798073
-0.0801392
-0.0802593
-0.0803684
-0.0805589
-0.0807325
-0.0807766
-0.0809095
-0.0809616
-0.0811995
-0.0814301
-0.0815247
-0.0817076
-0.0817762
-0.0818772
-0.0820721
-0.0822678
-0.082447
-0.0825356
-0.0826995
-0.0826794
-0.0828328
-0.0829953
-0.0830416
-0.0831729
-0.0833594
-0.0834749
-0.0836094
-0.083757
-0.0839003
-0.0839454
-0.0843486
-0.0844369
-0.0845169
-0.0845749
-0.0847055
-0.0847569
-0.0848479
-0.0849841
-0.0851751
-0.0854294
-0.0854457
-0.0855348
-0.085606
-0.0857859
-0.0859848
-0.0860306
-0.08601
-0.0861095
-0.0861599
-0.0862545
-0.0864007
-0.0864632
-0.0865783
-0.0866326
-0.0866724
-0.0866256
-0.086789
-0.0868325
-0.0870742
-0.0871267
-0.0870999
-0.0870788
-0.08726
-0.0871587
-0.0872317
-0.087316
-0.0874301
-0.087583
-0.0876847
-0.0877953
-0.0879132
-0.0878839
-0.0877858
-0.0879839
-0.0881147
-0.0880509
-0.0881425
-0.0881962
-0.0880424
-0.0880948
-0.0881511
-0.0882696
-0.0883553
-0.0884201
-0.0885973
-0.0886332
-0.0887758
-0.0887068
-0.0887509
-0.0887842
-0.0887877
-0.0888179
-0.0888968
-0.0889225
-0.0889852
-0.0889955
-0.089084
-0.0890861
-0.0890808
-0.0891881
-0.0892132
-0.0892802
-0.0893525
-0.0893133
-0.0892653
-0.0892606
-0.0893454
-0.089515
-0.0894875
-0.0894011
-0.0894439
-0.0894397
-0.0894403
-0.0894547
-0.089486
-0.0895229
-0.089541
-0.0895926
-0.0896309
-0.0896241
-0.0896804
-0.0897293
-0.0897142
-0.0898551
-0.0898841
-0.0898779
-0.089805
-0.0898889
-0.0898872
-0.0899491
-0.0899632
-0.0900462
-0.0901039
-0.0900757
-0.0900674
-0.0900108
-0.0900572
-0.0901358
-0.0899653
-0.0900789
-0.0901316
-0.090215
-0.0902742
-0.0902825
-0.0901391
-0.0902223
-0.0901954
-0.0901418
-0.0901832
-0.0901703
-0.0900992
-0.0900774
-0.0900144
-0.0899233
-0.0899463
-0.0899199
-0.0900215
-0.0900265
-0.0902341
-0.0902903
-0.0903105
-0.0903395
-0.0903203
-0.09036
-0.090327
-0.090297
-0.0903611
-0.0903842
-0.0904045
-0.090347
-0.0903061
-0.0903431
-0.0904464
-0.0903908
-0.0904653
-0.0905145
-0.0905091
-0.0904632
-0.090486
-0.090579
-0.0906056
-0.0906199
-0.0906634
-0.0906759
-0.0907523
-0.0908646
-0.0907724
-0.0907814
-0.0907785
-0.0906844
-0.0906649
-0.0905952
-0.0906384
-0.0907411
-0.0904964
-0.0905101
-0.0905267
-0.0906396
-0.090711
-0.0906776
-0.0907658
-0.0908338
-0.0907842
-0.0907012
-0.0908669
-0.0909448
-0.0908419
-0.0907529
-0.0906837
-0.0907184
-0.0906543
-0.0906951
-0.0907821
-0.0908537
-0.0909413
-0.0909643
-0.09088
-0.0910167
-0.0909879
-0.0909308
-0.090932
-0.0909877
-0.09096
-0.0910169
-0.0911068
-0.0912203
-0.0913102
-0.0913544
-0.0912844
-0.0913041
-0.0912239
-0.09111
-0.0911182
-0.0912239
-0.0910649
-0.0910656
-0.090955
-0.0908462
-0.0908033
-0.0908465
-0.0908574
-0.0908869
-0.0908943
-0.0908995
-0.0908858
-0.0909012
-0.0910132
-0.0910355
-0.0909443
-0.0909695
-0.0909948
-0.0910212
-0.0910999
-0.0911353
-0.091117
-0.0910806
-0.0912675
-0.0912244
-0.091126
-0.0911357
-0.091236
-0.0911846
-0.0912063
-0.0912232
-0.0912317
-0.0911693
-0.091184
-0.0912478
-0.0913622
-0.0913359
-0.0912403
-0.091121
-0.091151
-0.0911275
-0.0910943
-0.0910359
-0.0910642
-0.091195
-0.0910524
-0.0911869
-0.0911614
-0.0910767
-0.0910811
-0.0910983
-0.0910629
-0.0911119
-0.0911623
-0.0912526
-0.0912559
-0.0911993
-0.0911776
-0.0911453
-0.0912233
-0.091272
-0.0911749
-0.0912163
-0.0911215
-0.0911915
-0.0912432
-0.0912604
-0.0912366
-0.0911028
-0.0911581
-0.0911723
-0.0911246
-0.0909956
-0.0910294
-0.0910096
-0.0910022
-0.0908793
-0.090906
-0.0908503
-0.0909794
-0.0910657
-0.0909747
-0.0909778
-0.0909858
-0.0910846
-0.0910926
-0.0911032
-0.0911105
-0.0910821
-0.0910682
-0.0909628
-0.090975
-0.0909675
-0.090947
-0.0910136
-0.091052
-0.0910778
-0.091108
-0.09123
-0.0911105
-0.091142
-0.0912052
-0.0913243
-0.0912787
-0.0913128
-0.0913224
-0.0912486
-0.0912134
-0.0914216
-0.0914592
-0.0914321
-0.0915114
-0.0914684
-0.091395
-0.0916587
-0.0916683
-0.0918047
-0.0916821
-0.0916733
-0.0917135
-0.0916768
-0.0916281
-0.0917166
-0.09164
-0.0916646
-0.0916129
-0.0916109
-0.0915795
-0.091623
-0.0916029
-0.0915889
-0.0916605
-0.0917374
-0.0916723
-0.0916033
-0.0916049
-0.0916272
-0.0916387
-0.0916836
-0.0918374
-0.0917121
-0.0918047
-0.0917428
-0.091789
-0.0917421
-0.0916694
-0.0916216
-0.0916041
-0.0916677
-0.0915753
-0.0916716
-0.0917863
-0.0917817
-0.0915954
-0.0915864
-0.0916255
-0.0916977
-0.0917294
-0.0917273
-0.0917126
-0.0916464
-0.0916599
-0.091767
-0.0917722
-0.0918862
-0.0918035
-0.0917611
-0.0917669
-0.0918225
-0.0918315
-0.0918743
-0.0920005
-0.0919347
-0.0917911
-0.0918044
-0.0916965
-0.0917044
-0.0917798
-0.091872
-0.0918732
-0.0918683
-0.0919352
-0.0919397
-0.0918383
-0.0919415
-0.0918482
-0.0919336
-0.0919013
-0.0918875
-0.0920174
-0.092033
-0.0920424
-0.0920215
-0.0920189
-0.0919889
-0.0919543
-0.091974
-0.0920441
-0.0920706
-0.0920653
-0.0919397
-0.0918045
-0.091802
-0.0918307
-0.0919271
-0.0919503
-0.0919361
-0.091905
-0.091885
-0.0918176
-0.0918516
-0.0917621
-0.0917596
-0.0916613
-0.0915722
-0.0916429
-0.0916826
-0.0917506
-0.0918113
-0.0918169
-0.0918755
-0.091856
-0.0918555
-0.0917605
-0.0918805
-0.0917052
-0.09171
-0.091759
-0.0918577
-0.0917446
-0.0917588
-0.0916765
-0.0915999
-0.0915681
-0.0916697
-0.0916293
-0.0916803
-0.0916114
-0.0916347
-0.0916245
-0.0915846
-0.0916504
-0.0917934
-0.0917899
-0.0917715
-0.0917838
-0.0918638
-0.0917698
-0.0917881
-0.0917169
-0.0916691
-0.0917204
-0.0918008
-0.0917464
-0.0919493
-0.0919675
-0.0919855
-0.0920314
-0.0920071
-0.0918995
-0.0919525
-0.0920353
-0.0920069
-0.0919987
-0.0922027
-0.0922534
-0.092241
-0.0922473
-0.0922709
-0.0923047
-0.0923687
-0.0923232
-0.0923189
-0.0924271
-0.0923826
-0.0924758
-0.0924232
-0.092311
-0.0923189
-0.0922124
-0.0922859
-0.0922125
-0.0922694
-0.0923137
-0.0922444
-0.0922304
-0.0922532
-0.0922202
-0.0923696
-0.0923324
-0.0922753
-0.0922724
-0.092281
-0.0922851
-0.0922872
-0.0922844
-0.0921813
-0.0922348
-0.0922157
-0.0922271
-0.0923437
-0.0921393
-0.0921253
-0.0921993
-0.0922525
-0.0922318
-0.0920601
-0.0920764
-0.0919992
-0.0919085
-0.0918652
-0.0919272
-0.0920031
-0.0919576
-0.0920228
-0.0920187
-0.0920757
-0.0919756
-0.0920187
-0.0921313
-0.0921641
-0.092091
-0.0920726
-0.0920308
-0.0921821
-0.0922263
-0.0921319
-0.0922527
-0.0922654
-0.0921432
-0.0921388
-0.092092
-0.091958
-0.0921295
-0.0920856
-0.0920743
-0.0921509
-0.0920314
-0.0921479
-0.0921731
-0.0922621
-0.0922712
-0.0923305
-0.09224
-0.0922154
-0.092126
-0.0921881
-0.0922968
-0.0923653
-0.092379
-0.0923078
-0.0922817
-0.0922437
-0.0924385
-0.0924982
-0.0924602
-0.092648
-0.0926164
-0.0924426
-0.0924493
-0.0924411
-0.0923925
-0.0923782
-0.0923387
-0.0924577
-0.092503
-0.0924759
-0.0924965
-0.0925139
-0.0924697
-0.0925446
-0.0925005
-0.0925855
-0.0925448
-0.0924793
-0.0923426
-0.0923147
-0.0923334
-0.0923557
-0.0924293
-0.092347
-0.0923716
-0.0922869
-0.0924468
-0.0924436
-0.0923897
-0.0925234
-0.0925323
-0.0925369
-0.0925629
-0.0924766
-0.0924484
-0.092376
-0.0923337
-0.0923234
-0.0923967
-0.0924066
-0.0924442
-0.0925052
-0.0924475
-0.0924122
-0.0924299
-0.0924413
-0.0924478
-0.0925178
-0.0924602
-0.0925714
-0.0924871
-0.0924186
-0.0925027
-0.0923835
-0.0924537
-0.0924965
-0.0925382
-0.0925107
-0.0925831
-0.092581
-0.0926171
-0.0925878
-0.0925585
-0.0925136
-0.0925953
-0.092546
-0.0925021
-0.0924893
-0.0924716
-0.0925446
-0.0925731
-0.0928097
-0.0927927
-0.0927133
-0.0926667
-0.0926701
-0.0925688
-0.0925347
-0.0924994
-0.0924995
-0.0924783
-0.0926132
-0.0926973
-0.0926048
-0.0927779
-0.092798
-0.0927888
-0.0928357
-0.092787
-0.0927382
-0.0927512
-0.0927463
-0.0926608
-0.0926894
-0.0927212
-0.0927026
-0.0926555
-0.092766
-0.0927773
-0.0928537
-0.0927526
-0.0927538
-0.0927568
-0.092695
-0.0926498
-0.0926659
-0.0928002
-0.0926873
-0.0926795
-0.0927916
-0.0927873
-0.0928578
-0.0928242
-0.0928672
-0.092943
-0.0929139
-0.0928365
-0.0928571
-0.0928792
-0.0928186
-0.0927581
-0.0927119
-0.0926699
-0.0926656
-0.0927421
-0.0927158
-0.092804
-0.0927868
-0.0927182
-0.0926754
-0.0926892
-0.0925891
-0.0926184
-0.0927357
-0.0928052
-0.0926689
-0.0927569
-0.09278
-0.0927141
-0.0926098
-0.0926206
-0.0927069
-0.0926181
-0.0927149
-0.0926925
-0.0926259
-0.0926485
-0.0926697
-0.0928243
-0.092817
-0.0928268
-0.0928312
-0.0928202
-0.0928899
-0.0929126
-0.0929078
-0.0929673
-0.0928474
-0.0929174
-0.0929417
-0.0929707
-0.0929699
-0.0929691
-0.0929219
-0.0928611
-0.0928571
-0.0929919
-0.0930899
-0.0930758
-0.0930396
-0.0929509
-0.0930263
-0.0930914
-0.0930926
-0.0930251
-0.0929607
-0.0929371
-0.0929789
-0.0929477
-0.0930292
-0.0929865
-0.092876
-0.0928565
-0.0929096
-0.0928753
-0.0928615
-0.0929617
-0.0930736
-0.0930367
-0.0930219
-0.0930854
-0.0931165
-0.0930765
-0.0931147
-0.0931695
-0.0932302
-0.0932193
-0.0931445
-0.0930344
-0.0930669
-0.0929617
-0.0929299
-0.0929253
-0.0930086
-0.092993
-0.0929296
-0.09287
-0.0928593
-0.0928532
-0.0928361
-0.0929383
-0.0930515
-0.0930188
-0.0930997
-0.0930461
-0.093121
-0.0931454
-0.0931662
-0.0930283
-0.0930426
-0.0930362
-0.0929658
-0.0929691
-0.0930305
-0.092938
-0.0930018
-0.0931534
-0.093226
-0.0931733
-0.0929769
-0.0930361
-0.0929709
-0.0930394
-0.0931443
-0.093076
-0.0932011
-0.0932172
-0.0931686
-0.0930314
-0.0929873
-0.0930356
-0.0930595
-0.0929259
-0.0928697
-0.0929642
-0.0929982
-0.0930634
-0.0930906
-0.0932355
-0.093271
-0.0932362
-0.0932981
-0.0933102
-0.0932948
-0.0932941
-0.093281
-0.0933282
-0.093355
-0.0932157
-0.0931991
-0.093346
-0.0933314
-0.0932818
-0.0932522
-0.0931557
-0.0933001
-0.0933599
-0.0933679
-0.0933421
-0.0932785
-0.0933521
-0.0933871
-0.0933731
-0.0933396
-0.0932988
-0.0933232
-0.0933102
-0.0932837
-0.0932743
-0.0933286
-0.0933503
-0.0932812
-0.0933051
-0.093217
-0.0932518
-0.0932753
-0.0932641
-0.0932652
-0.0930871
-0.0930674
-0.0931025
-0.0931108
-0.0932296
-0.093222
-0.0931937
-0.0931736
-0.0932561
-0.0932308
-0.0932781
-0.0932248
-0.09332
-0.0933253
-0.0932686
-0.0931601
-0.0931077
-0.0931376
-0.0931609
-0.0931668
-0.0930752
-0.0930413
-0.0929727
-0.0930176
-0.093113
-0.0932433
-0.0932471
-0.0933833
-0.0934196
-0.0932012
-0.0931567
-0.0930652
-0.0932724
-0.0933845
-0.0933594
-0.0932684
-0.0932375
-0.0931734
-0.0932852
-0.0933077
-0.0933073
-0.0933106
-0.0933297
-0.0933064
-0.0933218
-0.0934276
-0.0934363
-0.0933312
-0.093325
-0.0933712
-0.093386
-0.0934664
-0.0934219
-0.0933458
-0.0934622
-0.0934761
-0.0933588
-0.093296
-0.0933244
-0.0933467
-0.0932639
-0.0932805
-0.0932476
-0.0932437
-0.0931772
-0.0933113
-0.0932891
-0.0931813
-0.0932152
-0.093207
-0.0932684
-0.0933868
-0.0932829
-0.09328
-0.0933556
-0.0934432
-0.0933077
-0.0933488
-0.0933549
-0.093423
-0.0932965
-0.0933256
-0.0933357
-0.0932512
-0.0931464
-0.0930982
-0.093121
-0.0931619
-0.0932148
-0.0933778
-0.0932756
-0.0931859
-0.093366
-0.0933086
-0.0932937
-0.0933635
-0.093324
-0.0932644
-0.0933363
-0.0932821
-0.0932257
-0.0932884
-0.0933309
-0.0933402
-0.093332
-0.093437
-0.0933334
-0.0932548
-0.0933619
-0.0934048
-0.0934062
-0.0934712
-0.0935271
-0.0935577
-0.0935645
-0.0934707
-0.0935463
-0.0934672
-0.0934284
-0.0934276
-0.0934179
-0.0934899
-0.093469
-0.0933743
-0.0933952
-0.0933676
-0.093331
-0.0933536
-0.0934583
-0.0935089
-0.093541
-0.0935218
-0.0935213
-0.0935549
-0.0935301
-0.0935144
-0.0935445
-0.0935737
-0.0935529
-0.0935424
-0.093581
-0.0935516
-0.0935629
-0.0935983
-0.0935305
-0.0935388
-0.0953909
-0.0935116
-0.0934292
-0.0916311
-0.0934372
-0.0935316
-0.0934672
-0.0933897
-0.0933792
-0.0933679
-0.0935929
-0.0934681
-0.0934861
-0.093422
-0.0933914
-0.0934264
-0.0931965
-0.0932505
-0.0914976
-0.0932847
-0.0932045
-0.0932187
-0.0931695
-0.0932322
-0.0915474
-0.0934385
-0.0934397
-0.0934044
-0.0934437
-0.0934307
-0.0933323
-0.093299
-0.0932698
-0.0933338
-0.0933435
-0.0934096
-0.0934473
-0.0935068
-0.0934694
-0.0933858
-0.0914349
-0.0933196
-0.0933364
-0.0933599
-0.0916666
-0.0935659
-0.0936289
-0.0917531
-0.0935555
-0.0935704
-0.0935448
-0.0935431
-0.0935247
-0.0935285
-0.0936093
-0.0935125
-0.0934827
-0.0935183
-0.093588
-0.0936748
-0.0938455
-0.0938083
-0.0935491
-0.0935097
-0.0936552
-0.0937071
-0.0936036
-0.0937794
-0.0937671
-0.093767
-0.093661
-0.0936676
-0.0935503
-0.0917519
-0.0936476
-0.0935452
-0.0917658
-0.0936716
-0.0935987
-0.0935667
-0.0935613
-0.093482
-0.0935344
-0.0935288
-0.09357
-0.0936265
-0.0934546
-0.093417
-0.093635
-0.0935631
-0.0934598
-0.0933353
-0.0934019
-0.0933714
-0.0934174
-0.0935254
-0.0935466
-0.0934643
-0.0934772
-0.0936712
-0.0936469
-0.0935727
-0.0935007
-0.0935279
-0.0935422
-0.0935347
-0.0935665
-0.0934336
-0.0934263
-0.0934648
-0.0934974
-0.0934709
-0.093468
-0.0934844
-0.0935486
-0.0935651
-0.0935968
-0.0936287
-0.0936588
-0.0935165
-0.0934874
-0.0934609
-0.0935947
-0.0937399
-0.0936917
-0.0937799
-0.0937092
-0.093753
-0.0938054
-0.0938309
-0.0938188
-0.0936839
-0.0936797
-0.0937506
-0.0937368
-0.0937473
-0.0936674
-0.0937664
-0.0919259
-0.093571
-0.0917721
-0.091864
-0.0937464
-0.0918526
-0.0936459
-0.0936088
-0.0935882
-0.0935838
-0.0936117
-0.0918519
-0.093703
-0.0936163
-0.0935368
-0.0935614
-0.0935596
-0.0936521
-0.0936605
-0.0936484
-0.0936742
-0.0936277
-0.093552
-0.0935122
-0.0916541
-0.0935996
-0.0935893
-0.0937076
-0.0936352
-0.0936426
-0.0936231
-0.0936838
-0.0935573
-0.0936118
-0.093579
-0.0935471
-0.0935436
-0.0936278
-0.0937263
-0.0937046
-0.0935749
-0.0936208
-0.0935862
-0.0936372
-0.0936524
-0.0937379
-0.093707
-0.0935982
-0.0935774
-0.0935922
-0.0935819
-0.0936196
-0.0936409
-0.0936811
-0.0918378
-0.0937821
-0.0918867
-0.0936867
-0.0918825
-0.0937984
-0.0937796
-0.0919244
-0.0937875
-0.0919236
-0.093728
-0.0937755
-0.0937851
-0.0938677
-0.0938697
-0.0937356
-0.0937259
-0.0935892
-0.0935281
-0.0934848
-0.0917277
-0.0936286
-0.0919031
-0.0937213
-0.0936713
-0.0937685
-0.0938038
-0.0936904
-0.0935701
-0.093785
-0.0938524
-0.0938513
-0.0937838
-0.0938484
-0.0937717
-0.0937121
-0.0918473
-0.0936695
-0.0936782
-0.0935638
-0.0919147
-0.0937858
-0.0938339
-0.0918668
-0.0937524
-0.0919188
-0.0937869
-0.0938272
-0.0920685
-0.0938062
-0.0936978
-0.0937502
-0.0937254
-0.0936194
-0.0937472
-0.093823
-0.093832
-0.0937407
-0.0937275
-0.0919265
-0.0919203
-0.0937531
-0.0918746
-0.0918384
-0.0937273
-0.0937515
-0.0936817
-0.0937341
-0.0936629
-0.0917544
-0.0936287
-0.0936891
-0.093707
-0.093745
-0.093699
-0.0937759
-0.0937969
-0.0938003
-0.0936995
-0.0936943
-0.0935893
-0.0935914
-0.0937269
-0.0937188
-0.0937153
-0.0936567
-0.0936519
-0.0935889
-0.0936139
-0.0936924
-0.0937407
-0.0937065
-0.091941
-0.0938054
-0.093796
-0.093786
-0.0937117
-0.0937088
-0.0936899
-0.0937656
-0.0938349
-0.093931
-0.0939387
-0.0937429
-0.0937405
-0.093724
-0.0937027
-0.0935859
-0.0935122
-0.0936838
-0.0936396
-0.0937099
-0.0937355
-0.0938828
-0.0938431
-0.0938517
-0.0938665
-0.0937944
-0.093859
-0.0937833
-0.0938189
-0.0938367
-0.0938687
-0.0938703
-0.0938075
-0.0937677
-0.0937968
-0.0938081
-0.0938854
-0.0938312
-0.0938055
-0.0938222
-0.0938499
-0.0937512
-0.09376
-0.0937481
-0.0937061
-0.0937925
-0.0938009
-0.0937262
-0.0937851
-0.0938702
-0.0938733
-0.0938408
-0.0937853
-0.093721
-0.0938279
-0.0939204
-0.0939403
-0.0938457
-0.0937683
-0.0937874
-0.0938647
-0.0937887
-0.0939215
-0.0939572
-0.0939585
-0.0940103
-0.093988
-0.0939762
-0.0939519
-0.0938914
-0.0938519
-0.0938131
-0.0937496
-0.0937592
-0.0938212
-0.0938347
-0.0939354
-0.0939773
-0.0938029
-0.0938995
-0.0938619
-0.0938783
-0.0937966
-0.093855
-0.0939836
-0.0939885
-0.0940035
-0.0938532
-0.0938655
-0.0938556
-0.0938197
-0.0938424
-0.0938123
-0.0938322
-0.0937875
-0.093784
-0.0938111
-0.0938023
-0.0939503
-0.0939043
-0.0939314
-0.0938652
-0.093871
-0.0939146
-0.0939699
-0.093958
-0.0938258
-0.0938405
-0.0937835
-0.093867
-0.0938793
-0.0940199
-0.0939515
-0.0938946
-0.0938948
-0.0938549
-0.0939218
-0.0939752
-0.0939141
-0.094076
-0.0939796
-0.0939921
-0.0940077
-0.0939821
-0.0939506
-0.0939549
-0.0939618
-0.0939329
-0.0938725
-0.094014
-0.0940482
-0.0939112
-0.0939089
-0.0939312
-0.0938881
-0.0939915
-0.0940704
-0.0941028
-0.0940279
-0.0939275
-0.0939896
-0.0939816
-0.0940231
-0.0940937
-0.0941037
-0.0941071
-0.0940236
-0.0940567
-0.0941095
-0.0940068
-0.0939775
-0.0939827
-0.094094
-0.0941501
-0.0941947
-0.0941395
-0.0941087
-0.0940348
-0.0940404
-0.0940861
-0.0940601
-0.0940265
-0.0940118
-0.0940889
-0.0940147
-0.0938962
-0.0940804
-0.0940536
-0.0940288
-0.0940773
-0.0941783
-0.0940619
-0.0941818
-0.0942316
-0.094078
-0.0939484
-0.0939338
-0.0939261
-0.0939775
-0.0939904
-0.0940836
-0.0941315
-0.0940427
-0.0940689
-0.0940737
-0.0940564
-0.0941004
-0.0941281
-0.0941647
-0.0941052
-0.0939451
-0.0938584
-0.0938778
-0.0940099
-0.0940467
-0.0941092
-0.0942435
-0.0942518
-0.0941702
-0.0942124
-0.0941536
-0.0939943
-0.0940741
-0.0941307
-0.0941161
-0.094028
-0.0939662
-0.0940881
-0.0940694
-0.0941759
-0.0941567
-0.0941502
-0.0941719
-0.094163
-0.0941049
-0.0941354
-0.094185
-0.0941957
-0.0941712
-0.0941372
-0.0941297
-0.094133
-0.094164
-0.094112
-0.0941313
-0.0940699
-0.0940716
-0.0941588
-0.0941816
-0.0940823
-0.094054
-0.0942272
-0.0943318
-0.0943195
-0.0943405
-0.094252
-0.094231
-0.0942327
-0.0941552
-0.094147
-0.0941579
-0.0940821
-0.0941282
-0.0942606
-0.0941674
-0.0940346
-0.0941077
-0.0941153
-0.094138
-0.0941234
-0.0939501
-0.0940545
-0.0941273
-0.0940882
-0.0941013
-0.0941165
-0.0941595
-0.094149
-0.0942192
-0.0941827
-0.0942173
-0.0941619
-0.0941148
-0.0940891
-0.0940337
-0.094041
-0.0941624
-0.0942667
-0.0941545
-0.0941426
-0.0941306
-0.0942012
-0.0941534
-0.0940223
-0.0940929
-0.0941728
-0.0941239
-0.0941584
-0.0941328
-0.0942212
-0.0941983
-0.0941184
-0.0941235
-0.0940677
-0.0940415
-0.0941397
-0.0941456
-0.094114
-0.0941022
-0.0942265
-0.0941243
-0.0941836
-0.0941245
-0.0941968
-0.0941536
-0.0941666
-0.0940897
-0.0941071
-0.0940909
-0.0940087
-0.0940512
-0.0940963
-0.0940513
-0.0940437
-0.0939647
-0.0940388
-0.0940862
-0.0941988
-0.0942146
-0.0941656
-0.0941363
-0.0940739
-0.0941455
-0.0941867
-0.0940562
-0.0940941
