0  0
0  0
0  0
0  0
0  0
0  0
0  0
0  0
0  0
0  0
0  0
0  0
-1.22963     2.73222     
-1.17134     3.05992     
-1.24619     3.08591     
-1.40742     2.78878     
-1.37516     2.812     
-1.25615     2.79449     
-1.38404     2.77893     
-1.21567     2.60356     
-1.22172     2.62398     
-1.13714     2.30965     
-1.09222     2.49441     
-1.17867     2.87643     
-1.19216     3.07     
-1.21237     2.92647     
-1.2724     3.10596     
-1.28469     3.21209     
-1.39364     3.01554     
-1.31772     3.13495     
-1.39016     2.92491     
-1.3714     2.91627     
-1.26492     2.96245     
-1.10632     2.97372     
-1.21324     2.9974     
-1.37949     2.98096     
-1.23921     2.88733     
-1.27588     2.92274     
-1.23814     2.68396     
-1.03315     2.77783     
-1.04904     3.08322     
-1.08114     2.78433     
-0.91699     2.8832     
-0.948836     2.9503     
-0.959225     2.97763     
-1.00393     2.87657     
-1.15164     2.57938     
-1.04744     2.70389     
-1.11661     2.76292     
-0.999759     2.43829     
-1.0401     2.10668     
-1.1143     2.37502     
-1.06795     2.70697     
-1.04234     2.91375     
-0.986752     2.99305     
-0.868887     2.78086     
-0.878745     2.73968     
-0.819424     2.8397     
-0.863554     3.06593     
-0.975266     3.066     
-1.05182     3.1402     
-1.07438     3.04537     
-1.05814     3.1725     
-1.10697     3.29292     
-1.0455     3.24916     
-1.14313     3.0609     
-1.15228     3.20841     
-1.10463     3.36425     
-1.17288     3.25005     
-1.08173     2.98916     
-1.17367     2.91841     
-1.24044     2.89404     
-1.09816     3.06243     
-0.999104     3.05262     
-1.17988     3.20085     
-1.20467     2.90393     
-1.02566     2.88964     
-1.05717     3.3147     
-1.11551     3.17134     
-1.00715     3.10222     
-0.964467     3.00585     
-0.956721     2.969     
-0.904738     2.95453     
-0.645998     2.65471     
-0.70118     2.66417     
-0.800518     3.03326     
-0.836082     2.96467     
-0.915913     2.87975     
-0.826156     2.94199     
-0.680694     3.04936     
-0.496384     3.00482     
-0.428879     2.95973     
-0.579634     2.75041     
-0.783163     2.26093     
-0.557048     2.09532     
-0.631655     2.45378     
-0.708285     2.54913     
-0.217772     2.56693     
-0.599172     2.4739     
-0.621252     2.30712     
-0.442894     2.46182     
-0.429662     2.81842     
-0.497034     3.10979     
-0.29805     2.79246     
-0.178764     2.52024     
-0.328012     2.6632     
-0.259769     2.84577     
-0.058565     2.9583     
0.024809     2.77228     
0.0611754     2.79321     
0.168938     3.22557     
0.152902     3.24874     
0.244493     3.233     
0.295971     2.84625     
0.164356     2.64242     
0.133585     2.92088     
-0.00999779     3.2535     
-0.125515     3.34007     
-0.14033     2.99248     
-0.0440112     2.66071     
0.0409547     2.5679     
-0.0240544     2.6419     
0.0697803     2.7347     
0.0188029     2.85304     
-0.142293     2.96994     
-0.0799773     3.21942     
-0.249674     2.87109     
-0.496795     2.94743     
-0.714223     2.65069     
-0.738592     2.64716     
-0.742788     2.8564     
-0.703473     2.94689     
-0.622795     2.99235     
-0.5535     2.73998     
-0.577138     2.67297     
-0.67857     2.78456     
-0.494849     2.82304     
-0.518341     2.80502     
-0.680445     2.77729     
-0.696489     3.00623     
-0.915119     3.09143     
-1.03299     2.99423     
-0.854044     2.8975     
-0.884069     2.63772     
-1.08406     2.79854     
-1.2223     2.77769     
-1.41697     2.95681     
-1.49255     2.90233     
-1.74934     2.96741     
-1.85937     2.91193     
-1.84124     3.11787     
-1.77867     2.95155     
-2.09913     2.83402     
-2.13932     2.9391     
-2.04467     2.91688     
-2.11101     2.94323     
-2.17549     3.03408     
-2.03539     3.06378     
-2.19456     3.29902     
-2.17953     3.13975     
-1.87886     3.1926     
-1.89387     3.35832     
-2.01373     3.44455     
-2.08043     3.02242     
-2.37683     3.02096     
-2.41344     3.06427     
-2.68809     2.90063     
-2.87852     3.00303     
-3.11882     3.09109     
-3.29667     3.36446     
-3.48748     3.42201     
-3.62698     3.11789     
-3.86035     2.63647     
-3.9149     2.88752     
-3.97289     2.91132     
-3.97624     2.8514     
-3.86333     2.84025     
-3.87804     2.86585     
-3.78885     2.76781     
-3.8505     2.8238     
-4.0671     3.02845     
-4.13613     3.14208     
-4.12025     3.01201     
-4.14285     2.62759     
-3.98577     2.70073     
-4.01368     2.77551     
-4.04597     2.8481     
-4.04838     2.87107     
-4.07857     3.04537     
-3.90496     3.26305     
-3.944     3.43256     
-4.0937     3.42671     
-4.23325     3.61942     
-4.3769     3.61748     
-4.54936     3.45288     
-4.46537     3.87989     
-4.22568     3.96983     
-4.12607     3.88563     
-4.09273     3.76026     
-4.02868     3.72503     
-4.08489     3.54277     
-4.04776     3.6158     
-4.207     3.63542     
-4.2389     3.77833     
-3.84405     3.82751     
-3.75936     3.72519     
-3.63802     3.61251     
-3.26885     3.70777     
-3.04315     3.70472     
-2.86428     3.80062     
-2.66528     3.54925     
-2.55924     3.39177     
-2.5     3.18726     
-2.2758     3.21929     
-2.05189     3.13331     
-1.82592     3.09309     
-1.63557     3.23397     
-1.62179     2.86134     
-1.72783     2.69391     
-1.65249     2.51273     
-1.49337     2.7985     
-1.34153     2.98923     
-1.08599     2.60786     
-1.16119     2.44398     
-1.15897     2.58796     
-1.26074     2.45098     
-1.21381     2.55808     
-1.16157     2.60124     
-1.10384     2.54313     
-1.09138     2.56101     
-1.18624     2.40557     
-1.073     2.55138     
-0.961505     2.69423     
-0.926538     2.86431     
-1.02625     2.78787     
-1.30083     2.83016     
-1.16873     3.26673     
-1.10419     2.92328     
-1.19362     3.1927     
-1.32856     3.20679     
-1.33491     3.06801     
-1.4531     3.075     
-1.51222     3.51049     
-1.69945     3.43851     
-1.76953     3.52774     
-1.86658     3.51058     
-1.69729     3.56266     
-1.5475     3.65158     
-1.35922     3.59887     
-1.22199     3.40047     
-1.09959     3.25781     
-0.929161     3.06939     
-0.953284     3.09787     
-1.15553     2.9987     
-1.1268     2.79134     
-1.19487     2.69583     
-1.1873     2.38025     
-1.18526     2.52446     
-1.14352     2.23751     
-0.978069     2.41248     
-1.01817     2.2475     
-1.1689     2.26235     
-1.01995     2.10864     
-0.960353     1.80249     
-0.993025     1.97038     
-1.0721     2.40714     
-1.0486     2.48444     
-0.990903     2.55961     
-0.912289     2.54997     
-0.997742     2.66414     
-0.878197     2.76391     
-0.676722     2.56058     
-0.639515     2.69856     
-0.620718     2.93253     
-0.434182     2.99849     
-0.19985     2.82993     
-0.132053     2.91917     
-0.154456     2.70367     
-0.0636301     2.84912     
-0.225871     2.80944     
-0.319347     2.78002     
-0.236759     2.64112     
-0.0588432     3.04637     
-0.327309     3.233     
-0.488574     3.21462     
-0.449968     3.12322     
-0.628617     3.20117     
-0.864405     3.21076     
-1.15576     3.43309     
-1.4048     3.34546     
-1.5125     3.3187     
-1.73242     3.27688     
-2.08137     3.36552     
-1.99029     3.27483     
-2.11404     3.32019     
-2.00514     3.26387     
-1.98878     3.46241     
-1.9799     3.51368     
-1.93657     3.46216     
-1.95095     3.51686     
-1.9742     3.47383     
-1.81788     3.35766     
-1.84066     3.42453     
-1.77414     3.5623     
-1.68384     3.78548     
-1.54891     4.34996     
-1.50738     4.60646     
-1.42414     4.86584     
-1.42773     5.14052     
-1.38223     5.39912     
-1.23644     5.44168     
-1.24338     5.59418     
-1.19822     5.54293     
-1.01114     5.64337     
-0.838175     5.66903     
-0.417467     5.45386     
-0.299247     5.34271     
-0.163564     5.09221     
0.040994     4.93722     
0.0718572     4.48487     
0.072899     3.94846     
0.199652     3.71917     
0.21535     3.44542     
0.306192     3.22028     
0.31998     2.81863     
-0.0157454     2.73298     
-0.269793     2.46555     
-0.292097     2.09216     
-0.49781     1.81034     
-0.649453     1.92394     
-0.758033     1.96904     
-0.832905     1.84553     
-0.888691     1.9508     
-1.0309     1.80102     
-0.950685     1.94544     
-1.04962     2.20769     
-1.2261     2.26949     
-1.29499     2.22633     
-1.39095     2.52474     
-1.50109     2.8546     
-1.28836     3.0417     
-1.17994     3.14307     
-1.23362     3.41016     
-1.26934     3.86827     
-1.26414     3.88021     
-1.28308     3.9237     
-1.16995     3.95884     
-1.18229     4.15311     
-1.45725     4.58404     
-1.46778     4.68068     
-1.12676     4.72538     
-1.14375     4.65986     
-1.67362     4.94726     
-2.03121     4.7683     
-2.28139     4.77999     
-2.21471     4.82748     
-2.48688     4.96602     
-2.57758     4.88519     
-2.59581     5.2761     
-2.94003     5.15884     
-3.20295     4.99619     
-3.2422     4.93295     
-3.64614     4.96058     
-3.7922     4.68328     
-3.40677     4.24079     
-3.19554     4.34506     
-2.85797     4.27197     
-2.3532     4.57288     
-2.37782     5.02656     
-1.94348     5.13458     
-2.11306     5.58714     
-1.98429     5.94544     
-1.85552     6.45488     
-1.58476     6.52886     
-1.03648     6.60138     
-0.95522     6.93362     
-0.818167     6.89233     
-0.689998     6.9428     
-0.428923     6.80747     
-0.33673     6.81737     
-0.238156     6.58496     
-0.349022     6.13044     
-0.31918     5.43532     
-0.35244     5.04946     
-0.638311     4.09584     
-0.894142     3.40847     
-1.12621     3.13664     
-1.27766     2.59168     
-1.48958     2.25046     
-1.66662     1.89116     
-1.86745     1.42554     
-2.00254     1.15183     
-2.29719     0.597393     
-2.32614     -0.0535055     
-2.17708     -0.568803     
-2.11361     -0.824194     
-1.91798     -1.21588     
-1.77143     -1.25286     
-1.57278     -1.35854     
-1.24476     -1.64538     
-0.917945     -1.36345     
-0.466903     -1.20903     
-0.195039     -0.647731     
0.230843     -0.206007     
0.461787     -0.0957822     
0.749265     0.312121     
1.00344     0.87837     
0.852943     1.43256     
0.890206     2.01972     
0.964485     2.39049     
0.820858     3.0069     
0.693649     3.76666     
0.692259     4.38901     
0.602621     4.98294     
0.592535     5.33182     
0.412333     5.75905     
0.32113     6.15496     
0.413762     6.57399     
0.536441     6.79368     
0.730659     7.3092     
0.935932     7.61135     
1.16048     7.60311     
1.3369     7.72798     
1.44404     7.88498     
1.57584     8.62886     
1.91775     9.10755     
2.10127     9.52483     
2.29737     9.77882     
2.64407     9.76951     
2.75212     9.7015     
2.89982     9.09037     
2.69754     9.11221     
2.5728     8.83704     
2.56225     8.87613     
2.48237     8.35568     
2.40378     7.84866     
1.87093     6.94354     
1.64619     6.34031     
1.26504     5.47721     
0.764019     4.55598     
0.456923     3.93268     
0.154902     3.42165     
-0.22747     2.89344     
-0.37229     2.32085     
-0.323791     1.48139     
-0.471181     0.93421     
-0.586194     0.59948     
-0.634848     -0.154521     
-0.687012     -0.633123     
-0.739142     -0.504355     
-0.871541     -0.927317     
-0.807505     -1.22671     
-0.855271     -1.7312     
-0.982227     -1.79282     
-1.17046     -1.65858     
-1.40905     -1.38513     
-1.85908     -0.62755     
-1.74667     -0.164995     
-1.33117     0.154161     
-1.62186     0.85301     
-1.82126     1.4637     
-1.92096     2.35672     
-1.94543     3.0598     
-2.00309     3.61998     
-1.39449     4.50521     
-0.725675     5.31185     
-0.330228     6.27569     
-0.307133     7.13232     
-0.469763     8.18882     
-0.368303     8.68134     
-0.323122     9.52601     
-0.232261     10.4976     
0.191136     11.3529     
0.308804     11.8696     
0.404365     12.3383     
0.412277     12.6571     
0.352012     12.7994     
0.0964695     12.8204     
-0.346333     12.6167     
-0.524865     12.5462     
-0.709314     12.3427     
-1.18054     11.6672     
-1.40606     11.2403     
-1.76823     10.2265     
-2.02747     9.38539     
-2.26067     7.93015     
-2.56981     6.32005     
-2.58303     5.4803     
-2.60404     3.59303     
-2.65453     1.70187     
-2.57434     0.44144     
-2.4     -0.156292     
-2.15389     -1.02634     
-2.03126     -1.73785     
-1.89991     -2.56059     
-1.5177     -3.75536     
-1.50294     -4.56854     
-1.55011     -4.67953     
-1.7251     -4.84574     
-1.50928     -5.0195     
-1.54598     -4.69522     
-1.66195     -4.289     
-1.49609     -3.5457     
-1.6561     -3.0909     
-1.6984     -2.55429     
-1.45863     -1.43558     
-1.33266     -0.776716     
-1.23339     0.306948     
-1.17594     1.58371     
-0.85108     2.72565     
-0.686692     3.59177     
-0.437101     4.60779     
-0.200588     5.46737     
0.0968639     6.75234     
0.424112     7.47613     
0.964084     8.68185     
1.48865     9.81926     
2.25719     10.9704     
2.71172     12.0372     
2.89302     12.6957     
2.65073     13.5587     
2.74162     13.5263     
2.8321     14.2625     
2.87998     14.3072     
2.7803     14.2468     
2.62604     14.0439     
2.37321     13.8577     
1.79798     13.2599     
1.61761     12.6418     
1.44535     11.7378     
0.988664     10.4868     
0.702925     9.43631     
0.734285     8.79509     
0.875323     7.72602     
0.848396     6.92159     
0.796622     6.32192     
0.935364     5.15362     
1.03408     4.27803     
0.824545     2.63393     
0.722707     1.21443     
0.781205     0.423348     
0.891003     -0.525793     
0.682793     -1.1331     
0.587848     -1.33164     
0.574758     -1.72654     
0.403362     -2.03289     
0.290758     -2.18074     
0.557247     -2.19281     
0.621123     -2.05021     
0.52954     -1.94648     
0.921596     -1.79663     
1.36124     -1.35707     
1.50247     -0.69042     
1.43279     -0.142542     
1.51962     0.835687     
1.7547     2.2925     
1.90756     3.33477     
1.92008     4.43229     
2.13527     5.42589     
2.3707     6.60427     
2.46134     8.07126     
2.65546     8.91464     
2.64858     10.516     
2.73673     11.1743     
2.38597     11.7423     
1.78335     12.1792     
1.56055     12.2854     
1.43281     12.5252     
1.08846     12.357     
0.939608     12.2413     
0.76476     12.0469     
0.395401     11.9968     
0.00702674     10.9985     
-0.483768     9.96275     
-0.615562     9.30572     
-0.805264     8.42654     
-0.834494     7.30384     
-0.80638     6.08814     
-0.573118     4.93589     
-0.242236     4.29269     
-0.0601071     3.7263     
0.055984     2.52721     
0.122389     1.85968     
0.211322     1.2563     
0.320722     0.63032     
0.475885     -0.266037     
0.492429     -0.525672     
0.500846     -0.653135     
0.300662     -1.33847     
0.248511     -1.47801     
0.113106     -1.68511     
0.106974     -1.62646     
0.125683     -1.39705     
0.288652     -1.19563     
0.606299     -1.37896     
0.666775     -1.47473     
0.740687     -1.18737     
1.11718     -0.494173     
1.33166     -0.30734     
1.39636     0.600046     
1.43665     1.23882     
1.80059     1.96698     
2.20657     2.91636     
2.46673     3.6311     
2.8444     4.93285     
3.04392     6.10307     
3.19571     7.18932     
3.3598     7.96202     
3.55303     9.68559     
3.33095     10.8395     
3.26549     11.1589     
3.24228     11.6605     
3.10623     12.1272     
2.62754     12.6697     
2.47086     13.0656     
2.40598     13.4365     
2.10388     13.5194     
1.61906     13.5121     
1.50781     13.4242     
1.22644     12.7866     
1.03182     12.1698     
0.986263     11.5843     
0.887133     10.7128     
0.871993     10.3745     
0.802344     10.2397     
0.73638     9.51085     
0.739108     9.08657     
0.734072     8.43842     
0.930247     7.44715     
1.24217     6.22796     
1.11974     5.63315     
1.2585     4.82852     
1.25085     4.42178     
1.26091     3.88289     
1.16563     3.21134     
1.09509     2.91181     
1.10952     2.32364     
1.22197     1.62871     
0.975034     1.03901     
0.941709     0.868878     
0.984594     0.248054     
1.088     -0.230273     
1.24049     -0.635989     
1.14471     -0.857957     
1.18493     -1.23883     
1.32064     -1.12764     
1.39569     -1.26143     
1.28653     -0.844289     
1.34016     -0.519762     
1.27419     0.356396     
1.44106     1.35748     
1.6525     1.8346     
1.91096     2.473     
2.23065     3.54532     
2.45373     4.35181     
2.5896     5.10526     
2.94635     6.70772     
2.9768     7.14824     
3.23772     7.90729     
3.38106     8.69529     
3.47032     9.44082     
3.21562     9.94312     
2.92987     10.7637     
2.5777     11.0646     
2.47645     11.1768     
2.2237     11.2454     
1.99454     11.3798     
1.64809     11.2652     
1.46508     11.1853     
1.20057     10.6852     
0.980883     10.2774     
0.925283     10.0901     
0.982172     9.31526     
1.17741     8.73851     
1.18793     7.74462     
1.27144     7.21944     
1.28602     6.82278     
1.32248     6.38937     
1.20221     6.14115     
1.0647     5.57031     
1.05208     4.94333     
1.27714     4.46813     
1.48343     4.38869     
1.53914     3.96496     
1.71953     3.69643     
2.03656     2.9789     
2.18263     2.28921     
2.20903     1.89274     
2.45147     1.52025     
2.53841     1.08165     
2.61404     0.726499     
2.57267     0.256075     
2.47207     -0.182085     
2.36284     -0.371842     
2.21865     -0.58011     
1.96305     -0.610454     
1.98997     -0.6185     
2.09823     -0.548172     
1.90115     -0.0749566     
1.89841     0.141235     
1.9899     0.743384     
1.96381     0.850816     
2.07337     1.20347     
2.37306     1.67756     
2.7993     2.62903     
2.93747     3.12652     
3.21513     3.97761     
3.61583     4.76491     
3.72399     5.4294     
3.76814     6.20634     
3.82618     7.14828     
4.013     7.73983     
4.16182     8.53429     
4.22192     9.07172     
4.52099     9.69105     
4.69427     9.99408     
5.02144     10.6397     
5.29592     11.0047     
5.58483     11.6058     
5.85775     11.745     
6.16781     12.0482     
6.2837     12.0466     
6.34898     11.8864     
6.46229     11.6257     
6.54686     11.5836     
6.25209     11.4146     
5.92313     11.3428     
5.44903     10.8369     
5.03789     10.5394     
4.59749     10.0757     
4.03666     9.64358     
3.41781     8.64738     
3.10593     8.06715     
2.72265     7.6268     
2.44098     7.38137     
2.40556     7.14118     
2.29385     6.59184     
2.20322     5.67117     
2.41218     5.16351     
2.26955     4.69469     
2.19121     3.66387     
2.40748     2.95134     
2.27135     2.39126     
2.17545     1.56672     
2.02594     1.09228     
1.79968     0.630057     
1.62896     0.122346     
1.4022     -0.128382     
1.37352     -0.490329     
1.19583     -0.484268     
0.958229     -0.627896     
0.893966     -0.878044     
0.87965     -0.749016     
0.991108     -0.378248     
1.00249     0.416094     
0.945582     0.566156     
1.06556     1.45555     
1.23401     1.99273     
1.48759     2.8301     
1.93371     3.15785     
1.96733     3.38872     
2.05713     3.82687     
2.41183     4.17869     
2.46994     4.95905     
2.54775     5.62304     
2.40436     5.93477     
2.38809     6.40789     
2.40096     7.05399     
2.31062     7.30809     
2.40373     7.63681     
2.45876     7.83072     
2.68569     8.36697     
2.7689     8.92339     
2.74002     9.09317     
2.44442     9.51159     
2.47906     9.64901     
2.58241     9.82125     
2.31861     9.99901     
2.0116     10.2186     
2.06001     10.2978     
2.36268     10.7002     
2.52247     10.7107     
2.66644     10.701     
2.73086     10.5535     
2.71125     10.4898     
3.12473     10.1729     
3.16261     10.1741     
3.11561     9.78523     
2.86012     9.61978     
2.95339     8.73797     
3.06761     8.36466     
2.84824     8.15343     
2.85484     7.85395     
2.8362     7.48494     
2.89423     7.09674     
2.97054     6.62822     
3.02976     5.96483     
2.80389     5.1927     
2.54532     4.49253     
2.55329     4.22271     
2.80419     3.99751     
2.94997     3.38392     
2.92869     3.17631     
2.78334     3.10674     
2.82003     2.69781     
2.50074     2.08931     
2.51563     1.86372     
2.52846     1.73482     
2.50025     1.76781     
2.59623     2.01363     
2.78851     2.08883     
2.76588     2.26195     
2.89625     2.58752     
3.21467     3.00926     
3.26688     3.32481     
3.49363     3.54383     
3.65561     3.85577     
3.83978     4.181     
3.90793     4.31567     
4.07899     4.63714     
4.22352     5.04869     
4.07522     5.53259     
3.98662     6.01495     
4.06985     6.07691     
3.96276     6.2043     
4.13237     6.53985     
4.07769     6.68012     
4.09633     7.00705     
4.26519     7.1439     
4.25319     7.12731     
4.1211     7.12162     
4.09937     7.06489     
3.95386     7.64961     
3.92458     7.39915     
3.91269     7.42652     
3.81     7.22405     
3.6713     7.29697     
3.48427     7.31305     
3.34786     7.2142     
3.07418     6.86653     
3.06569     6.92261     
3.12828     6.80164     
3.15471     6.96465     
3.11073     6.98379     
3.1143     6.932     
2.95748     6.70444     
2.92256     6.47365     
3.10976     6.18989     
3.26883     6.3614     
3.21984     6.19289     
3.25168     5.87222     
3.22162     5.81813     
2.98424     5.51116     
2.88348     5.00141     
2.75263     4.55283     
2.67167     3.94948     
2.72151     4.06883     
2.74095     3.59821     
2.63602     3.39844     
2.42197     3.28746     
2.53134     3.24432     
2.51176     3.1413     
2.52072     3.0673     
2.49394     2.90984     
2.16912     3.05955     
1.99037     3.14051     
1.74132     3.07537     
1.63187     3.31385     
1.51927     3.52501     
1.58288     3.99605     
1.67105     4.12607     
1.59489     4.4574     
1.49928     4.57565     
1.78568     5.06465     
1.74778     5.51859     
1.75676     5.75071     
1.79314     5.61128     
1.87409     5.62493     
1.79141     5.83325     
1.82779     5.89947     
1.7429     6.3966     
1.64105     6.68706     
1.72208     6.80088     
1.91665     6.97806     
2.03517     6.93724     
1.9712     6.96412     
1.85701     7.07754     
1.85688     7.4051     
1.91102     7.22629     
2.10765     7.14484     
2.25763     7.13555     
2.35196     6.83722     
2.44794     6.74476     
2.45056     6.68451     
2.46667     6.34353     
2.75424     6.00455     
2.78631     5.79167     
3.0344     5.83098     
2.9157     5.5775     
2.84774     5.35117     
3.21778     5.14339     
3.32335     4.93107     
3.43952     4.97697     
3.46931     5.04583     
3.71667     4.98568     
3.96671     4.9249     
3.83136     4.73989     
3.80555     4.35352     
3.82164     4.37858     
3.99163     4.36959     
4.03109     4.15124     
3.85908     3.85946     
3.89882     3.74131     
3.92611     3.65964     
4.00942     3.88396     
4.18321     4.02445     
4.19598     4.10544     
4.26086     4.24706     
4.14469     4.35119     
4.25556     4.65068     
4.42699     4.71836     
4.55719     5.02285     
4.68641     5.21648     
4.96912     5.15096     
5.02528     5.16472     
5.06147     5.07849     
5.22134     4.89189     
5.22061     5.19288     
5.19989     5.42569     
5.31814     5.60346     
5.20711     5.60221     
5.1979     5.64267     
4.83505     5.56929     
4.9578     5.83788     
5.02699     6.12358     
5.08179     6.04896     
5.03055     6.28572     
4.90381     6.39448     
4.83863     6.44373     
4.91826     6.47414     
5.05989     6.38602     
4.90383     6.3449     
4.58156     6.12069     
4.50209     6.2789     
4.23706     6.22804     
4.17087     5.9277     
4.06828     5.71989     
4.08757     5.9259     
4.20193     5.82868     
4.22509     5.91304     
4.19687     6.2981     
4.20366     6.12787     
4.20541     6.17288     
4.25607     6.54504     
4.33532     6.22903     
4.38122     6.50647     
4.30485     6.3201     
4.49974     6.03029     
4.69023     6.0003     
4.45856     6.10939     
4.26512     5.95712     
4.11143     5.98992     
4.06965     5.86861     
3.73776     5.30355     
3.62764     5.17367     
3.21739     5.03753     
2.91949     4.90894     
2.76818     4.62475     
2.7057     4.63982     
2.3311     4.17555     
2.21419     4.19548     
2.2957     4.26351     
2.45409     4.47782     
2.3873     4.38176     
2.41039     4.34809     
2.11947     4.22494     
1.98912     4.177     
1.97631     4.32257     
2.01103     4.11836     
2.1044     4.21189     
2.11852     4.38171     
2.06466     4.24267     
2.06988     4.27916     
2.05993     4.37868     
2.05996     4.37941     
2.13535     4.69638     
1.98698     4.90627     
1.96807     5.48817     
2.16981     5.71637     
2.21422     5.58683     
2.52161     5.6883     
2.67085     6.00275     
2.71294     6.49643     
2.86518     6.6294     
2.86684     6.70691     
2.91666     6.81098     
2.91259     7.00515     
3.02862     7.07877     
3.15172     7.19019     
3.39156     6.82818     
3.34414     6.63505     
3.49628     6.59796     
3.50631     6.74814     
3.4716     6.62549     
3.54649     6.73114     
3.6138     6.81841     
3.67208     6.92323     
3.76345     6.51632     
3.97212     6.33389     
4.18468     6.15636     
3.90321     6.12226     
3.8411     5.74022     
3.65772     6.0127     
3.58555     5.48881     
3.58746     5.4343     
3.60368     5.24074     
3.75242     4.79857     
3.76968     4.9311     
4.04525     4.61765     
4.00389     4.60534     
3.92675     4.29101     
4.05544     4.35751     
3.91331     4.55266     
3.84048     3.89504     
3.79521     4.00023     
3.73782     4.1021     
4.03021     3.90443     
3.9394     3.88435     
4.07085     3.95503     
4.03833     4.62921     
3.837     4.56075     
3.89435     4.261     
4.09995     4.36622     
3.9231     4.56245     
3.98698     4.48473     
3.9087     4.80346     
3.89188     4.96596     
4.09776     5.15246     
4.00383     5.24214     
3.96599     5.59923     
4.03103     5.65906     
4.05455     5.73248     
3.94622     5.8912     
3.87578     6.02534     
3.82687     6.39583     
3.69063     6.12067     
3.72985     6.18575     
3.75972     6.30315     
3.63848     6.23155     
3.61113     6.22184     
3.53375     6.22304     
3.34914     6.39113     
3.40626     6.35359     
3.2688     6.28002     
3.29206     5.93065     
3.16544     6.13341     
2.94936     5.90458     
2.83387     5.85199     
2.79428     5.71203     
2.99098     5.84687     
3.02999     6.06383     
3.02745     5.91385     
2.91198     5.92052     
2.77433     5.49932     
2.6772     5.56259     
2.73296     5.51457     
2.56635     5.21469     
2.54843     5.00979     
2.42128     4.90673     
2.37448     4.9548     
2.32972     4.92515     
2.38728     4.70365     
2.45444     4.55988     
2.52085     4.60919     
2.49715     4.70838     
2.62501     4.60998     
2.72502     4.7556     
2.83664     4.66873     
2.94379     4.50684     
3.07746     4.45503     
3.19326     4.54876     
3.13168     4.53654     
3.18688     4.78546     
3.24237     4.69153     
3.37574     4.74022     
3.54847     5.13529     
3.48852     5.29277     
3.58669     5.48958     
3.65738     5.55172     
3.61367     5.74002     
3.83245     5.42212     
3.90454     5.33536     
3.91429     5.37219     
4.25281     5.64262     
4.20431     5.52637     
4.3033     5.50622     
4.2705     5.80293     
4.34455     6.06425     
4.27906     5.97404     
3.98366     5.97209     
3.99863     5.81502     
4.06918     6.04952     
3.99594     6.01103     
4.12344     5.9328     
4.07728     5.88471     
4.00739     5.76244     
3.80345     5.7083     
3.51759     5.70299     
3.22444     5.55661     
3.05609     5.33574     
2.7736     4.92235     
3.00492     5.23445     
3.07293     5.29748     
3.00855     5.25486     
2.88839     4.95598     
2.94733     4.75591     
2.99221     4.6164     
2.95517     4.70516     
2.92966     4.78755     
2.96576     4.73309     
3.13228     4.83099     
3.15196     4.80797     
3.07514     4.95184     
2.91348     4.88291     
3.24027     5.15607     
2.94888     4.91087     
2.63715     4.97322     
2.46016     4.74038     
2.36699     4.9064     
2.65454     5.02476     
2.59389     4.83185     
2.56321     5.03726     
2.52649     5.17415     
2.65248     5.27827     
2.83863     5.62016     
2.70152     5.52218     
2.8648     5.49798     
3.03977     5.43588     
3.30926     5.66361     
3.28011     5.82385     
2.68153     6.00394     
2.59312     6.05743     
2.58643     5.87527     
2.82904     6.13992     
2.89405     5.57442     
3.16002     5.71498     
3.22878     5.75843     
3.39192     5.84089     
3.43539     5.77429     
3.43263     5.92501     
3.25096     5.84102     
3.01003     6.00847     
2.98753     5.72487     
3.15139     5.7214     
3.41267     5.73437     
3.53344     5.38845     
3.71172     5.31121     
3.90536     5.02293     
4.09626     5.26993     
4.11749     5.12781     
3.80203     4.9824     
3.93344     4.97914     
3.97997     5.02618     
4.25331     4.84982     
4.43565     5.20848     
4.76238     5.23908     
5.01528     5.40744     
4.64482     5.31566     
4.0634     5.33329     
4.09608     5.41196     
4.34654     5.50868     
4.67958     5.56597     
4.87828     5.7159     
5.21603     6.06559     
5.27048     6.15936     
4.49676     5.69446     
4.61892     5.76035     
4.52848     5.58107     
4.80594     5.36694     
5.16182     5.09479     
5.0302     4.89502     
4.82187     4.91679     
4.90605     4.68487     
5.09761     4.67218     
5.05897     4.62158     
5.11498     4.50997     
4.98224     4.63756     
4.50735     4.31877     
4.77256     4.574     
5.22857     5.1156     
5.56116     5.62878     
5.63347     5.55549     
5.31986     5.52335     
5.18187     5.85701     
5.27075     5.92708     
5.49089     5.98744     
5.238     5.76991     
4.85791     5.32034     
5.03657     5.10522     
5.20531     5.4202     
5.29778     5.652     
5.06299     5.78744     
4.67452     5.76992     
4.74899     5.87496     
4.67289     5.54792     
4.85339     5.6203     
4.78248     5.65734     
4.45746     5.75297     
4.42034     5.69882     
4.27733     5.88652     
4.12527     5.91494     
3.75414     5.80487     
3.83011     5.75171     
3.81203     5.46432     
3.56306     5.39017     
3.1209     5.30023     
3.1068     5.27353     
3.2218     5.37827     
3.18396     5.22723     
2.8453     5.03431     
2.90438     5.07292     
3.09576     4.95528     
2.94875     5.09619     
2.53074     5.3396     
2.4397     5.23426     
2.56119     5.69578     
2.2581     5.56582     
1.7496     5.30896     
1.70382     5.1808     
1.85534     5.23028     
1.8097     4.81549     
1.44893     4.6048     
1.63007     4.42134     
1.71835     4.48536     
1.59874     4.50409     
2.02785     4.94888     
2.05959     5.33562     
1.97983     5.13231     
2.09192     5.03787     
2.21875     5.09163     
2.24374     5.11503     
2.28995     5.21121     
2.39425     5.10852     
2.5058     4.99391     
2.9187     5.33489     
2.97403     5.58746     
2.95186     5.64525     
3.17205     5.92426     
3.00119     6.12857     
3.07124     6.3708     
3.22435     6.16913     
3.15091     6.26446     
3.18653     6.28654     
3.44187     6.55799     
3.38116     6.68963     
3.08855     6.56948     
3.44889     6.48698     
3.46362     6.60445     
3.43011     6.35836     
3.56004     6.46089     
3.6552     6.47419     
3.61438     6.36432     
3.9139     6.27429     
3.95144     6.14114     
3.6358     5.80185     
3.81568     6.06353     
3.9992     5.97045     
3.90584     6.03508     
4.31943     6.28943     
4.20702     6.43308     
4.04292     6.10221     
4.39335     6.10431     
4.21101     5.79644     
4.04917     5.42671     
4.21836     5.34341     
4.15287     5.25364     
3.79376     5.1183     
3.67119     4.74394     
3.65879     4.58009     
3.70608     4.87819     
3.62413     4.65083     
3.87303     4.35873     
4.14113     4.57704     
4.3548     4.38951     
4.39694     4.47331     
4.69403     4.57816     
4.52867     4.47193     
4.55689     4.43449     
4.43533     4.19006     
4.45488     3.95322     
4.41156     3.80962     
4.66114     3.77071     
4.37918     3.95404     
4.20459     3.89374     
3.79462     3.90244     
3.56752     4.08599     
3.37651     3.98692     
3.46864     4.31155     
3.45669     4.71435     
3.50483     4.47454     
3.44811     4.85027     
3.55262     5.11     
3.53329     5.48603     
3.80787     5.75094     
3.80666     6.48467     
3.88672     6.68537     
3.9501     6.92477     
3.96856     6.85349     
3.91518     6.97355     
3.9665     7.145     
3.71893     6.88288     
3.92197     7.2416     
3.82152     6.99831     
4.1327     6.80842     
4.15602     6.93784     
4.36516     6.77777     
4.34249     6.89454     
4.19182     6.35818     
3.92203     6.45222     
3.60392     6.43439     
3.25783     6.88435     
3.28365     6.49767     
3.19594     6.66954     
2.97914     6.66463     
2.73178     6.93762     
2.78795     6.78552     
2.6726     7.07012     
2.57245     7.00308     
2.18346     6.48411     
2.24165     6.48785     
2.31262     6.62142     
2.44194     6.1037     
2.49381     5.76201     
2.43934     5.44329     
2.40294     5.26406     
2.52359     4.8983     
2.40373     4.78851     
2.40184     4.73054     
2.46127     4.59322     
2.55196     4.47752     
2.3148     4.65162     
2.33656     4.58151     
2.32334     4.78022     
2.42691     4.98594     
2.30531     5.10562     
2.17103     5.18876     
2.31169     5.76397     
2.52023     5.96232     
2.32025     5.7896     
2.26023     5.74968     
2.20723     5.86829     
2.34855     5.59136     
2.3273     5.72266     
2.41843     5.07044     
2.27304     5.21373     
2.25757     4.87925     
2.38884     5.22084     
2.39208     4.83304     
2.34321     4.86308     
2.52066     4.83307     
2.54709     4.88159     
2.59108     4.99845     
2.69946     5.06795     
2.6759     5.08155     
2.57088     5.41517     
2.49491     5.37105     
2.41884     5.75949     
2.51369     5.57002     
2.80062     6.11854     
3.05063     5.6918     
3.18328     5.95163     
3.46571     6.00809     
3.4659     6.23255     
3.75135     6.45413     
3.93844     6.72886     
4.18114     6.97968     
4.42688     7.18976     
4.6343     7.33239     
4.61871     7.97157     
4.76456     7.89369     
5.04728     8.14327     
5.21209     8.16272     
5.13914     8.31133     
5.15755     8.44188     
5.1669     8.43675     
5.12052     8.26793     
4.72674     7.95018     
4.53872     7.62282     
4.41441     7.47573     
4.5277     7.0048     
4.46731     7.30763     
4.38312     6.65481     
4.22891     7.03259     
4.10432     6.90191     
3.91951     6.71592     
3.86866     6.23096     
3.8974     5.82679     
3.60236     5.92096     
3.54063     5.38299     
3.41229     5.18555     
3.50842     5.19302     
3.66439     5.25229     
3.75116     5.43587     
3.71324     5.34898     
3.60052     5.06072     
3.53028     5.00179     
3.27285     4.92239     
3.26585     5.09     
3.22378     4.87633     
3.15439     5.15741     
2.85796     4.92433     
2.48147     4.82821     
2.11042     4.66892     
1.74446     4.71607     
1.66143     4.87845     
1.74913     4.72623     
1.64169     4.72101     
1.15796     4.74885     
1.07297     4.77066     
0.761705     5.3015     
0.80249     5.01829     
0.78512     5.12146     
0.805263     5.15656     
0.739711     5.12427     
0.804388     5.39128     
1.09813     5.4316     
1.01044     5.68942     
1.05619     5.9376     
1.06286     6.20719     
1.06196     6.39272     
1.15374     6.63899     
0.821492     6.71962     
0.715021     7.17682     
0.836678     7.56127     
0.797468     7.92082     
0.686049     7.97321     
0.781113     7.81867     
0.806963     7.90269     
0.923121     7.54729     
0.92919     7.40847     
0.972228     7.16033     
1.14744     7.00294     
1.2247     6.95947     
1.09132     6.54459     
1.20967     6.33773     
1.44604     6.37045     
1.68033     6.15249     
1.9464     5.75789     
2.07812     5.52629     
1.98291     5.39412     
2.14671     5.30623     
2.27296     5.39358     
2.55463     5.62294     
2.8824     5.94342     
2.73937     5.97098     
2.96318     6.12972     
3.0216     6.49944     
3.27754     6.94475     
3.5216     7.03011     
3.62207     7.01892     
3.76867     7.12767     
4.05839     7.0166     
4.41233     6.65689     
4.66362     6.63623     
4.96505     6.36681     
5.22318     6.29295     
5.30266     6.38151     
5.518     5.89288     
5.6539     5.70562     
5.68105     5.49553     
5.57986     5.19305     
5.64741     5.2853     
5.66986     5.21194     
5.63676     5.21156     
5.60346     5.26319     
5.56662     5.4462     
5.39461     5.52963     
5.16031     5.37751     
4.99159     5.47356     
5.03271     5.41323     
4.86204     5.26911     
4.87592     5.31434     
4.81812     5.1102     
4.63381     5.13652     
4.52623     4.89732     
4.50681     4.67153     
4.23182     4.40602     
4.40049     4.7072     
4.2517     4.76933     
4.27987     4.83172     
4.2262     4.89422     
4.10206     5.11422     
4.04505     5.61193     
4.13132     5.76711     
4.1661     5.60796     
4.02768     5.60403     
3.90754     5.82483     
3.78357     6.02608     
3.62588     6.16691     
3.34288     6.31378     
3.26373     6.37968     
3.41285     6.52775     
3.35582     6.58004     
3.32056     6.7552     
3.4969     6.75023     
3.68964     7.06934     
3.64762     6.77175     
3.4887     6.47581     
3.62336     6.31393     
3.7595     6.07147     
3.549     6.39752     
3.6879     6.42831     
3.98447     6.15083     
3.98349     6.08062     
3.74846     6.08403     
3.63497     6.00454     
3.63909     5.95161     
3.61161     6.01791     
3.69299     5.98972     
3.56151     6.20121     
3.76302     6.30692     
3.9989     6.70726     
3.86396     6.79669     
4.14153     7.17144     
4.26554     6.97477     
4.10579     7.15806     
3.96159     6.93488     
3.87528     6.74459     
3.6849     6.49637     
3.7828     6.57991     
3.86818     6.53361     
3.75181     6.50776     
3.62487     6.45132     
3.50067     6.63179     
3.50845     6.85035     
3.47721     6.73954     
3.30418     6.44973     
3.13277     6.83292     
3.01899     6.86149     
2.72577     7.06857     
2.42679     6.97756     
2.11058     6.82447     
1.76123     6.89852     
1.5747     6.86018     
1.54306     6.8587     
1.29629     6.87058     
1.15937     6.82887     
0.879854     6.92989     
0.766333     6.79059     
0.768776     6.92975     
0.74092     6.98138     
0.688703     6.77059     
0.588534     6.50386     
0.34722     6.48393     
0.202358     6.40613     
0.161926     6.64975     
0.235555     6.68194     
0.144216     6.72198     
-0.0167141     6.5316     
-0.0934053     6.37367     
-0.179019     6.32422     
-0.236806     6.24013     
-0.238276     6.29364     
-0.284967     6.3314     
-0.373569     6.22683     
-0.238287     6.10563     
-0.460218     6.20147     
-0.549599     5.84289     
-0.576846     5.56146     
-0.795819     5.48854     
-0.870771     5.40875     
-0.874868     5.17835     
-0.712574     5.31078     
-0.577863     5.41128     
-0.187856     4.66597     
0.0798447     4.53101     
0.430587     4.25616     
0.628501     4.3419     
0.890443     4.52976     
1.09929     4.54366     
1.3259     4.71237     
1.49423     4.61963     
1.89467     4.85626     
2.26861     5.04068     
2.50927     5.47953     
2.65732     5.74374     
2.90277     5.609     
3.4708     5.76606     
3.99388     6.13665     
4.55801     6.25432     
4.81523     6.29841     
4.72118     5.9591     
4.70344     5.8055     
4.86729     5.53007     
4.89723     5.47002     
5.05458     6.17752     
4.98749     6.11461     
5.14901     5.87088     
5.20788     5.82742     
5.2978     5.59123     
5.28738     5.75252     
5.49368     5.95231     
5.63598     6.23912     
5.44631     6.25344     
5.47146     6.69011     
5.63708     6.38177     
5.62227     6.37117     
5.81017     6.26871     
5.69594     6.23846     
5.36598     6.30477     
5.38289     6.44524     
5.21757     6.35505     
5.10202     6.22956     
5.08177     6.20347     
4.97377     6.11005     
5.10503     6.14238     
5.1927     6.07206     
4.9721     6.03255     
5.09396     6.18442     
4.93739     5.99317     
4.58906     5.8633     
4.608     5.79996     
4.58468     5.85234     
4.61886     6.422     
4.64394     6.55662     
4.84695     6.08262     
4.99831     5.78215     
4.98596     6.0007     
5.25722     6.07195     
5.46117     6.29882     
5.69152     6.02984     
5.65527     5.91616     
5.47722     5.77846     
5.3541     5.65373     
5.16807     5.28482     
4.97191     5.14839     
4.87546     4.86353     
4.77234     4.71378     
4.59259     4.78829     
4.16495     4.64875     
4.07949     4.69312     
3.96704     4.50493     
3.64206     4.70068     
3.54689     4.668     
3.38156     4.92878     
3.15241     5.07911     
3.15314     5.33275     
3.01805     5.3691     
3.18555     5.5361     
3.64169     5.68167     
3.88361     5.6392     
4.21674     5.66142     
4.26494     5.82878     
4.33876     5.84307     
4.30588     5.7177     
4.17283     5.86416     
4.18228     5.86258     
3.85045     5.8467     
3.53228     6.01417     
3.44686     6.27453     
3.23364     6.51594     
2.8027     6.5388     
2.67235     6.62846     
2.67807     6.97494     
2.49702     7.29953     
2.13114     7.41716     
1.83476     7.45047     
1.71434     7.56297     
1.5469     7.64749     
1.33488     7.7708     
1.40719     7.80407     
1.63792     7.63164     
1.58987     7.49904     
1.51506     7.68984     
1.31425     7.74763     
0.851272     7.56776     
0.62666     7.53075     
-0.1973     7.69185     
-0.446024     7.6877     
-0.612184     7.88495     
-0.973377     7.7641     
-1.28354     7.34052     
-1.37376     7.02266     
-1.65049     7.22266     
-1.7751     7.33325     
-1.81677     7.15418     
-1.86138     7.1382     
-1.78105     7.1554     
-1.58357     7.25141     
-1.56995     7.31133     
-1.31619     7.40787     
-1.17897     7.28927     
-0.968512     7.35149     
-0.582527     7.11217     
-0.606141     7.17367     
-0.517187     7.24865     
-0.54655     7.40697     
-0.552531     7.14629     
-0.49421     6.79509     
-0.333     6.41446     
0.0391051     6.13907     
0.313837     5.81462     
0.175838     5.24493     
0.222316     5.06206     
0.211625     4.90331     
0.396691     4.78403     
0.441463     4.7136     
0.611238     4.66906     
0.768647     4.48984     
1.02518     4.59092     
1.40417     4.8991     
1.70276     5.15715     
2.14481     5.37661     
2.45129     5.6491     
2.63206     5.6684     
2.69288     5.90371     
3.3481     6.14435     
3.49257     6.21473     
3.70558     6.37004     
3.76431     6.52014     
3.98615     6.51387     
4.20971     6.34855     
4.56918     6.18876     
4.62417     5.99935     
4.60365     5.83577     
4.82201     5.84778     
5.14472     5.72224     
5.16425     5.72079     
5.37213     5.66853     
5.43013     5.60425     
5.60103     5.59108     
5.92709     5.52513     
5.91113     5.47206     
5.93006     5.59655     
5.97887     5.75103     
5.55802     5.96341     
5.38965     6.36208     
5.4272     6.30814     
5.35786     6.50067     
5.4459     6.56184     
5.56325     6.65917     
5.37633     6.83762     
5.05456     6.46767     
4.72196     6.18755     
4.91654     6.17667     
4.93475     6.33858     
5.10307     6.23984     
5.18568     6.22978     
5.09939     6.04969     
4.88038     6.18512     
4.78257     6.25574     
4.6416     6.61103     
4.75563     6.84159     
4.86345     6.6105     
4.92239     6.72912     
4.8757     6.78285     
4.8557     6.70347     
4.90419     6.67038     
4.87625     6.75039     
4.74924     6.40809     
4.6443     6.13868     
4.73744     6.40977     
4.7422     6.62884     
4.75787     6.98569     
4.60406     6.95158     
4.34175     6.55878     
3.93594     6.40141     
3.7486     6.30774     
3.4802     6.18332     
3.27541     5.86972     
3.27274     5.92068     
3.11954     5.64263     
2.97829     5.37153     
2.88167     5.08994     
2.82214     5.04179     
2.58844     4.78907     
2.30292     4.84851     
2.43512     4.45738     
2.44549     4.69663     
2.31625     4.48534     
2.02077     4.48994     
2.15969     4.46752     
2.06352     4.57806     
2.01025     4.60889     
2.10872     4.91526     
2.22414     5.03344     
2.06068     4.9728     
2.08609     5.05738     
2.14305     5.00821     
2.18697     5.31071     
2.10606     5.72019     
1.87199     6.15819     
1.95451     6.47927     
2.24866     6.46738     
2.30351     6.82226     
2.30745     7.06755     
2.42086     7.32877     
2.34354     7.15538     
2.28888     7.24583     
2.0611     7.36727     
2.44705     7.35941     
2.45158     7.19689     
2.45184     7.16412     
2.52673     7.16625     
2.51654     7.40169     
2.505     7.35636     
2.34824     7.54306     
2.46466     7.4324     
2.58081     7.50796     
2.64543     7.73313     
2.55502     7.81055     
2.32881     7.91605     
1.97715     7.7636     
1.85124     8.06972     
1.63542     8.24501     
1.61822     8.20314     
1.49086     7.84917     
1.38097     7.57986     
1.26919     7.6009     
1.13003     7.38765     
0.908196     6.96785     
0.769765     6.83917     
0.791728     6.61694     
0.845389     7.1878     
0.73905     6.72327     
0.766148     6.63175     
0.783432     6.51569     
0.803395     6.70541     
1.06421     6.87696     
1.12051     6.82194     
1.22365     6.76033     
1.14153     6.73706     
1.02827     6.75269     
0.920873     6.92483     
0.890579     6.63764     
0.6881     6.51371     
0.796192     6.3561     
0.74748     6.04326     
0.836793     6.14856     
0.988364     6.39964     
1.17954     6.26527     
1.15032     6.35608     
1.20303     6.354     
1.51621     6.4035     
1.7357     6.57546     
1.70581     7.04937     
1.56782     6.99501     
1.5205     7.18027     
1.51405     7.47107     
1.54528     7.54489     
1.60266     7.49086     
1.65663     7.47895     
1.73298     7.46419     
1.6751     6.80654     
1.81457     6.84899     
1.90911     6.50543     
1.81362     6.12217     
1.53165     6.07508     
1.48673     6.11458     
1.38446     6.27337     
1.36968     6.34238     
1.49597     6.46006     
1.47557     6.68336     
1.56956     7.08603     
1.73044     7.16545     
2.042     7.36041     
2.35691     7.31274     
2.43386     7.20585     
2.61709     7.49255     
2.82707     7.48207     
3.06693     7.34012     
3.05761     7.05283     
3.35468     6.93975     
3.48743     6.5811     
3.80711     6.43625     
3.94082     6.39925     
4.04473     6.18446     
4.20559     5.95409     
4.31088     5.67759     
4.3114     5.46954     
4.36633     5.32279     
4.41875     5.29365     
4.35702     5.48304     
4.31022     5.55757     
4.4346     5.25369     
4.41651     5.08091     
4.56043     5.34178     
4.49295     5.35695     
4.52544     5.4761     
4.66332     5.36297     
4.63032     5.53672     
4.46224     5.53373     
4.53765     5.55042     
4.47368     5.42203     
4.52415     5.27839     
4.59665     5.16489     
4.66267     4.9128     
4.73953     4.95566     
4.77462     5.02193     
4.73527     4.87365     
4.6116     4.91094     
4.62744     5.21777     
4.67565     4.94073     
4.49664     4.91156     
4.31354     5.29604     
4.36593     5.67391     
4.24818     5.83653     
4.17327     5.93902     
4.17241     5.8618     
4.1212     6.11493     
4.18622     6.42942     
4.02151     6.59437     
4.28154     6.88289     
4.40528     7.10367     
4.73279     7.20324     
4.64483     7.08546     
4.66386     7.01431     
4.5973     7.26665     
4.54533     7.42814     
4.37514     7.52949     
4.20774     7.5313     
4.11557     7.60842     
4.10341     7.59149     
3.81886     7.13876     
3.6827     7.03536     
3.56938     6.89573     
3.66746     6.8584     
3.47397     6.60443     
3.58193     6.46953     
3.63889     6.51576     
3.50564     6.3567     
3.52514     6.28341     
3.50003     6.32502     
3.3321     6.56086     
3.08184     6.42151     
2.86602     6.46962     
2.80735     6.439     
2.65575     6.40274     
2.57281     6.48843     
2.38075     6.62841     
2.2496     6.43069     
2.08573     6.63071     
1.8217     6.59368     
1.55991     6.71838     
1.31433     6.5289     
0.984723     6.40032     
0.839744     6.3669     
0.805858     6.54019     
0.898654     6.12712     
0.912797     5.64098     
0.72068     5.28802     
0.475842     5.47144     
0.633383     5.58628     
0.387194     5.68779     
0.437461     5.92403     
0.599611     5.96123     
0.500277     6.23489     
0.55124     5.86014     
0.611291     6.19281     
0.4108     6.36891     
0.267942     6.29851     
0.287348     6.4787     
0.298507     6.40645     
0.456185     6.47556     
0.396171     6.3198     
0.410209     6.43151     
0.796911     6.96107     
0.858989     6.73161     
0.629906     6.93123     
0.729156     6.81792     
0.55431     6.86755     
0.574205     7.07824     
0.605761     7.09274     
0.472741     6.82931     
0.426431     7.06468     
0.529426     6.9705     
0.652357     7.08904     
0.588496     7.29231     
0.819472     7.47411     
0.933114     7.60483     
1.23581     8.06853     
1.37254     8.05338     
1.48945     8.26047     
1.81759     8.34209     
1.91583     8.40739     
1.99451     8.47339     
2.15774     8.57196     
2.28703     8.36133     
2.53016     8.5386     
2.53125     8.41384     
2.60259     8.38914     
2.6521     8.43014     
2.66057     8.46027     
2.72247     8.476     
2.7617     8.57976     
2.84076     8.56118     
2.91715     8.53223     
3.00787     8.40305     
2.91943     8.35446     
2.97212     8.34129     
3.12873     8.49442     
3.19544     8.40501     
3.17299     8.32321     
3.16349     8.21693     
3.03963     8.17112     
3.18923     8.04801     
3.40518     7.82574     
3.19577     7.89963     
3.13992     7.70954     
3.26956     7.64822     
3.38627     7.47603     
3.37793     7.74474     
3.25678     7.41146     
3.45166     6.95873     
3.40367     6.73739     
3.25008     6.48868     
3.338     6.38827     
3.1559     6.18582     
3.38304     5.98464     
3.58235     5.89341     
3.55779     5.67939     
3.72615     5.93764     
3.61777     6.10959     
3.72237     6.22047     
3.82111     6.26299     
3.88579     6.29948     
4.1     6.452     
3.96291     6.56756     
3.77777     6.5378     
3.77115     6.67697     
3.72952     6.51861     
3.62728     6.24715     
3.66951     6.11028     
3.66004     6.00945     
3.60586     5.77629     
3.55551     6.18641     
3.38759     6.06596     
3.26436     5.82863     
3.22483     5.635     
3.21105     5.87428     
3.16219     5.91615     
3.20317     6.24377     
3.33246     6.50954     
3.33369     6.72335     
3.44685     7.16028     
3.33196     7.23328     
3.21635     7.74535     
3.30295     8.06774     
3.44161     7.94021     
3.35686     8.23695     
3.44459     8.32548     
3.43339     8.63817     
3.52364     8.62841     
3.45101     8.43526     
3.36389     8.42855     
3.14092     8.39019     
3.11258     8.59336     
2.72265     8.81251     
2.54192     8.95205     
2.46763     9.07977     
2.23891     9.18845     
2.0951     9.36994     
1.99207     9.42587     
1.97675     9.23127     
1.90212     9.28769     
1.81475     9.43769     
1.83373     9.3837     
1.69702     9.25186     
1.69629     9.17934     
1.55027     9.23836     
1.56288     9.2399     
1.43463     9.23422     
1.36463     8.96853     
1.2433     8.87257     
1.11147     8.82962     
1.10211     8.56037     
1.03212     8.37476     
0.919288     8.30235     
0.793613     8.32593     
0.737242     8.28499     
0.582119     7.80645     
0.490539     7.89299     
0.522654     7.92604     
0.591443     7.87375     
0.443367     7.80349     
0.414072     7.76114     
0.360118     8.02869     
0.515681     8.1912     
0.624825     8.52773     
0.758634     9.08895     
0.944163     9.22373     
0.923409     9.85157     
1.0998     10.074     
1.24172     9.9226     
1.21426     9.94524     
1.41608     9.80419     
1.50617     9.89218     
1.40426     9.90439     
1.40212     9.74979     
1.36968     9.43394     
1.47968     9.23783     
1.61712     9.26691     
1.57519     9.38121     
1.89532     9.01063     
1.83818     8.94148     
1.85815     9.09118     
1.93079     8.80868     
1.89002     8.8029     
1.94356     8.79563     
1.8662     8.60707     
1.88797     8.12516     
1.9013     7.90015     
1.98987     7.37293     
1.83539     6.54675     
1.65089     5.87834     
1.5555     5.64726     
1.38611     5.0401     
1.08355     4.3908     
1.00336     4.19052     
0.732773     3.11074     
0.481737     2.40573     
0.370567     1.63841     
0.253821     1.17912     
0.212957     0.719917     
0.165062     0.789265     
-0.00209025     0.466355     
-0.186988     -0.138943     
-0.61884     -0.357356     
-0.722109     -0.528758     
-0.76995     -0.938411     
-0.810491     -1.08619     
-0.956467     -1.65575     
-1.03087     -1.75454     
-0.755693     -1.80147     
-0.80145     -2.18165     
-0.689587     -2.29459     
-0.715879     -2.19394     
-0.410607     -2.72247     
-0.0832572     -2.63233     
0.110439     -2.19109     
0.110075     -2.31515     
0.0806558     -2.13842     
0.243339     -1.7654     
0.504935     -1.06067     
0.650864     -0.675384     
0.798474     0.0867109     
0.81582     0.622895     
1.09381     1.10038     
1.3042     1.30793     
1.717     1.54601     
1.78369     1.90035     
1.98012     2.03067     
2.02084     2.10183     
1.89218     1.82921     
1.9944     1.97099     
2.47815     2.3481     
2.57451     2.32175     
2.83354     2.58936     
2.92443     2.686     
3.00019     2.6396     
3.03154     2.74189     
3.13894     2.80112     
3.27067     2.78974     
3.28768     2.73738     
3.29104     1.94093     
3.22093     1.49745     
3.39997     1.08665     
3.59436     0.716433     
3.53689     0.568717     
3.51132     -0.346103     
3.4513     -1.06926     
3.28624     -1.71071     
3.38156     -2.20179     
3.58587     -2.55061     
3.63067     -2.96444     
3.7734     -3.66398     
3.8788     -4.21934     
3.92733     -5.03753     
4.02461     -5.5476     
3.8804     -6.83225     
4.019     -7.97678     
4.28358     -9.4002     
4.30241     -10.5991     
4.11091     -11.7175     
3.87415     -12.256     
3.75349     -12.5633     
4.03306     -12.7881     
3.99275     -13.2761     
3.7965     -14.1158     
3.83446     -14.4534     
3.90997     -14.7962     
3.89072     -15.8181     
3.82707     -17.3837     
3.65793     -17.8368     
3.47041     -18.7951     
3.44168     -19.5003     
3.41438     -19.8538     
3.19216     -20.5769     
3.08696     -21.1204     
2.77986     -22.4219     
2.6008     -22.6603     
2.64876     -23.0878     
2.36947     -23.4224     
2.47763     -23.4083     
2.01485     -24.1293     
2.10993     -23.7868     
2.44958     -23.2745     
2.31126     -23.1584     
2.44066     -22.6809     
2.58098     -22.3434     
3.05294     -21.6384     
3.22568     -21.4292     
3.29307     -21.086     
3.79009     -20.6238     
3.99743     -20.2706     
3.88647     -20.3632     
3.99548     -20.4073     
3.8698     -20.8999     
4.10332     -20.8087     
4.14126     -21.0106     
4.48369     -21.0566     
4.46952     -21.2705     
4.33972     -21.5916     
4.07614     -22.3163     
4.09253     -22.1506     
3.97206     -22.6689     
4.3061     -22.8574     
4.17908     -23.0652     
4.0745     -23.1537     
4.08362     -23.0338     
4.02086     -22.8244     
3.51083     -22.9166     
2.98949     -23.3258     
2.62665     -24.2629     
2.70226     -24.8671     
2.30096     -26.524     
2.34461     -27.327     
2.36671     -27.6818     
2.74539     -28.4396     
2.38764     -29.2849     
2.37532     -29.5678     
2.11653     -30.5852     
2.0688     -30.8752     
2.05098     -31.1276     
2.3282     -30.9485     
2.14897     -31.5184     
2.39516     -31.7775     
2.34706     -32.1129     
1.9518     -33.3682     
1.48947     -33.9179     
1.24489     -34.4046     
1.09683     -34.6143     
1.00781     -35.6256     
0.961836     -36.2753     
0.842889     -36.666     
0.413556     -37.3856     
0.315652     -37.5879     
0.128589     -37.693     
0.297049     -37.6321     
-0.103933     -37.9003     
-0.250307     -37.9253     
-0.199278     -37.9018     
-0.057294     -38.0366     
0.0373321     -38.3728     
0.115228     -38.6872     
0.0615685     -39.3701     
-0.184153     -39.8953     
-0.632897     -40.4565     
-0.537759     -40.7218     
-0.493454     -40.7084     
-0.494051     -41.1424     
0.0649872     -41.7943     
0.216582     -42.0638     
0.602281     -42.3699     
0.930537     -42.9787     
1.01636     -43.3953     
0.950068     -44.1891     
0.799377     -45.4864     
0.308983     -46.5309     
-0.0372727     -47.4233     
-0.406139     -47.9764     
-0.744624     -48.9566     
-0.867288     -49.4107     
-1.04259     -49.2676     
-1.13979     -49.0252     
-1.1822     -48.9016     
-1.06345     -48.5082     
-1.08621     -48.2613     
-0.822539     -48.1549     
-0.454786     -48.0881     
0.469817     -48.0567     
1.09166     -48.116     
1.28673     -47.8201     
1.82453     -47.4192     
2.43346     -47.5315     
2.85109     -47.4343     
3.22063     -47.3288     
3.80048     -47.4196     
4.03482     -47.4418     
4.22619     -47.3432     
4.41443     -47.5581     
4.40226     -47.7907     
3.74507     -51.0099     
3.86456     -50.8322     
4.04768     -50.636     
4.30477     -50.47     
4.29774     -50.3822     
4.43638     -50.1977     
4.51616     -50.2251     
4.44121     -49.9509     
4.40218     -49.8457     
4.5176     -49.775     
4.56646     -49.6888     
4.76734     -49.4102     
4.93137     -49.3461     
5.12713     -49.2934     
5.06822     -49.2573     
5.09664     -49.1168     
5.1142     -49.0246     
5.13117     -49.1493     
4.9266     -49.2517     
4.67267     -49.4113     
4.44894     -49.24     
3.98265     -49.2576     
3.47481     -49.3014     
3.39174     -49.6652     
3.37094     -49.5595     
3.44555     -49.3014     
3.17376     -49.356     
3.09735     -49.3989     
3.3943     -49.358     
3.72963     -49.5135     
4.05648     -49.4516     
4.7306     -49.4323     
5.27132     -49.4808     
5.53681     -49.5088     
5.67537     -49.3263     
5.85902     -49.2167     
5.82967     -49.3164     
5.85107     -49.5032     
5.77717     -49.5881     
5.71838     -49.7829     
5.61171     -49.9628     
5.53044     -49.9841     
5.73273     -50.0428     
5.87584     -50.2323     
5.78114     -50.2026     
5.87041     -50.0818     
5.57895     -50.4755     
5.2622     -50.6404     
5.21924     -50.7682     
5.17728     -50.9964     
5.39125     -50.9813     
5.5545     -50.9978     
5.39817     -51.2321     
5.25926     -51.3367     
5.10834     -51.4695     
5.0699     -51.4669     
4.84666     -51.5175     
4.80837     -51.6252     
4.65245     -51.9371     
4.6085     -52.0644     
4.42384     -52.072     
3.91822     -52.2758     
3.71606     -52.4532     
3.43554     -52.39     
3.16429     -52.5739     
2.9393     -52.6629     
2.70258     -52.9624     
2.34229     -53.2548     
2.23564     -53.3262     
2.11905     -53.6238     
1.77261     -54.0698     
1.63348     -54.146     
1.53216     -54.4168     
1.33641     -54.6106     
1.27357     -54.6653     
1.27619     -54.923     
1.12504     -55.1352     
0.964951     -55.3504     
0.825986     -55.6201     
0.879381     -55.9209     
0.94183     -56.058     
0.822448     -56.4216     
0.547833     -56.9553     
0.491326     -57.3625     
0.608581     -57.5663     
0.613611     -57.7836     
0.597127     -57.9072     
0.652621     -58.2581     
0.57146     -58.6998     
0.468597     -59.1565     
0.30365     -59.523     
0.323087     -60.064     
0.293207     -60.5764     
0.440682     -61.0025     
0.613263     -61.5318     
0.76277     -61.9669     
0.950398     -62.3303     
1.06211     -62.7381     
0.94678     -63.0524     
0.823365     -63.3852     
0.845151     -64.0779     
0.763571     -64.6981     
0.693437     -65.0002     
0.822341     -65.4452     
0.898724     -65.7714     
0.841458     -65.9672     
0.705036     -66.3492     
0.829646     -66.5317     
1.04166     -66.6855     
1.10866     -66.912     
1.1274     -67.0657     
1.02253     -67.3745     
0.837919     -67.5329     
0.797201     -67.8064     
0.651377     -68.0008     
0.745559     -68.236     
0.815086     -68.4579     
0.707442     -68.5117     
0.434391     -68.7252     
0.339041     -68.9502     
0.122557     -68.9705     
-0.0157737     -69.1367     
-0.0827332     -69.3694     
-0.303835     -69.4442     
-0.250701     -69.5799     
-0.259689     -69.57     
-0.333469     -69.6362     
-0.360688     -69.6083     
-0.340012     -69.5295     
-0.550475     -69.5881     
-0.602124     -69.4917     
-0.606936     -69.5256     
-0.648539     -69.5166     
-0.352418     -69.4372     
-0.116804     -69.51     
-0.198386     -69.4389     
-0.168959     -69.4228     
-0.166827     -69.2851     
-0.302313     -69.0953     
-0.291575     -69.0883     
-0.356882     -68.9583     
-0.413914     -68.8083     
-0.472644     -68.7009     
-0.462402     -68.5903     
-0.309405     -68.4481     
-0.0910556     -68.2581     
0.0739157     -68.2361     
0.197105     -68.1905     
0.160713     -67.9896     
0.155945     -67.8731     
0.276723     -67.7541     
0.498969     -67.6324     
0.761652     -67.4132     
1.00403     -67.345     
1.2251     -67.1935     
1.47932     -66.8624     
1.94841     -66.8289     
2.57341     -66.69     
2.88185     -66.6795     
3.07082     -66.6801     
3.13518     -66.6076     
3.30931     -66.5357     
3.59608     -66.2696     
3.69625     -66.0165     
4.05045     -65.6314     
4.24542     -65.4563     
4.34932     -65.3157     
4.2592     -65.0677     
4.12354     -64.8048     
4.01937     -64.7341     
4.13238     -64.5956     
4.20547     -64.4548     
4.26112     -64.2007     
4.4486     -63.8856     
4.59605     -63.7087     
4.59297     -63.6233     
4.49763     -63.4369     
4.7217     -63.083     
4.99319     -62.8772     
5.07939     -62.7794     
5.1692     -62.6663     
5.02703     -62.4892     
4.84547     -62.2298     
4.7841     -62.0633     
4.8248     -61.9264     
4.98543     -61.7118     
5.09199     -61.5181     
5.34934     -61.4318     
5.48637     -61.3366     
5.30188     -61.2136     
5.25272     -61.2745     
5.33115     -61.2671     
5.41243     -61.2441     
5.66518     -61.051     
5.69005     -60.9368     
5.4494     -60.8537     
5.10299     -60.8961     
4.82318     -60.9579     
4.50806     -61.0864     
4.43261     -61.0102     
3.99108     -61.2518     
3.773     -61.2334     
3.84559     -61.3467     
3.87333     -61.3727     
3.89473     -61.4531     
3.81872     -61.5292     
3.57883     -61.6726     
3.48476     -61.6685     
3.38589     -61.7234     
3.0944     -61.8313     
2.73301     -61.8939     
2.47192     -62.0818     
2.53056     -62.216     
2.75992     -62.518     
2.79073     -62.7057     
2.63118     -62.8014     
2.53553     -62.9595     
2.57078     -63.146     
2.69856     -63.2093     
2.95232     -63.4613     
3.03424     -63.6415     
3.24624     -63.8775     
3.41156     -64.1592     
3.49137     -64.3372     
3.49137     -64.5208     
3.06727     -64.8717     
2.67047     -65.0593     
2.47462     -65.141     
2.22155     -65.2907     
1.97794     -65.4791     
1.82017     -65.6629     
1.60143     -65.7764     
1.53251     -65.9407     
1.28037     -66.0677     
0.984905     -66.3501     
0.994539     -66.3882     
0.661112     -66.641     
0.470293     -66.6954     
0.348557     -66.7665     
0.210442     -66.7763     
-0.0140629     -66.7913     
-0.118314     -66.907     
-0.167197     -66.9738     
-0.291114     -67.0472     
-0.47897     -67.2509     
-0.535594     -67.4978     
-0.529376     -67.7904     
-0.530675     -67.9445     
-0.565148     -68.3526     
-0.387602     -68.6258     
-0.369981     -68.876     
-0.191666     -69.0993     
0.0785448     -69.3266     
0.202634     -69.5407     
0.415108     -69.9247     
0.844576     -70.3896     
0.971538     -70.7666     
1.22735     -71.1371     
1.51407     -71.4816     
1.66458     -71.6669     
1.80043     -71.8325     
1.81111     -72.1572     
2.00764     -72.3577     
1.73614     -72.6248     
1.59548     -72.7433     
1.40273     -73.0466     
1.15257     -73.3572     
0.988835     -73.5817     
0.948398     -73.8026     
0.665034     -74.1445     
0.586856     -74.1689     
0.63373     -74.0812     
0.480513     -74.2396     
0.344032     -74.4793     
0.247841     -74.6055     
0.235167     -74.5732     
-0.0290784     -74.554     
-0.0491972     -74.6126     
-0.00306972     -74.5328     
-0.192981     -74.4823     
-0.307948     -74.3481     
-0.336705     -74.2935     
-0.585273     -74.1116     
-0.708508     -73.9666     
-0.86009     -73.9233     
-1.19975     -73.9315     
-1.33246     -73.7569     
-1.39821     -73.5585     
-1.50761     -73.3551     
-1.59144     -73.036     
-1.76967     -72.8478     
-2.0379     -72.6768     
-2.4029     -72.3846     
-2.78486     -72.255     
-2.93058     -72.1696     
-3.32242     -71.7225     
-3.46976     -71.3092     
-3.27221     -70.9518     
-3.28008     -70.7302     
-3.12001     -70.4986     
-2.99669     -70.1742     
-2.87535     -69.8694     
-2.89955     -69.7028     
-2.55312     -69.4838     
-2.3991     -69.3537     
-2.17094     -69.0064     
-1.98017     -68.684     
-1.92765     -68.3199     
-2.08025     -68.0103     
-1.93705     -67.7447     
-1.92481     -67.4761     
-1.95359     -67.1191     
-1.86197     -66.6392     
-1.85559     -66.2861     
-1.91636     -66.0075     
-1.86909     -65.7184     
-1.87735     -65.6537     
-2.05675     -65.4513     
-2.30932     -65.3405     
-2.60704     -65.2043     
-2.7415     -65.1838     
-2.7662     -65.0299     
-2.77358     -64.9241     
-2.88254     -64.7141     
-2.68975     -64.4647     
-2.32762     -64.1629     
-2.15816     -64.1743     
-1.99761     -64.2634     
-1.97367     -64.1602     
-1.98165     -64.1286     
-1.64253     -64.1604     
-1.57633     -64.1021     
-1.28627     -63.926     
-1.03759     -63.9444     
-0.991152     -63.8344     
-1.0529     -63.7486     
-0.960729     -63.6162     
-0.966542     -63.5069     
-1.04252     -63.5174     
-1.08115     -63.4348     
-1.01768     -63.489     
-1.04966     -63.4547     
-1.22117     -63.4991     
-1.11456     -63.4472     
-1.25933     -63.4754     
-1.66722     -63.4653     
-2.04922     -63.6512     
-2.25348     -63.5577     
-2.35971     -63.6371     
-2.58691     -63.7125     
-2.77267     -63.816     
-2.97368     -63.8887     
-2.97891     -63.8609     
-2.99152     -63.9357     
-2.97273     -63.9321     
-3.1852     -63.9824     
-3.19706     -64.0634     
-3.08622     -63.9794     
-2.76992     -63.8158     
-2.61736     -63.6632     
-2.43232     -63.5195     
-2.34168     -63.6905     
-2.10445     -63.9006     
-1.99794     -64.0349     
-1.78943     -64.3229     
-1.43991     -64.3649     
-0.883993     -64.5272     
-0.700963     -64.6766     
-0.443324     -64.861     
-0.268633     -64.9894     
-0.34004     -65.035     
-0.178893     -65.1814     
-0.289073     -65.2677     
-0.476348     -65.5294     
-0.472098     -65.7042     
-0.464349     -65.7341     
-0.506636     -65.9873     
-0.4291     -66.1706     
-0.25544     -66.3413     
-0.359869     -66.5678     
-0.606787     -66.7408     
-0.516552     -66.91     
-0.474724     -66.9974     
-0.484733     -67.0431     
-0.182676     -66.9151     
-0.200389     -66.949     
-0.186473     -67.0933     
-0.133373     -67.2112     
0.00800711     -67.3892     
0.154978     -67.6577     
0.211183     -67.7612     
0.18461     -68.0397     
0.228809     -68.0546     
0.216198     -68.2778     
0.0653016     -68.429     
-0.0867963     -68.4837     
-0.285637     -68.6488     
-0.397065     -68.8158     
-0.493462     -69.0691     
-0.323343     -69.3486     
-0.14741     -69.6155     
-0.0959439     -69.7474     
0.0605221     -69.9842     
0.18679     -70.2549     
0.134962     -70.3687     
0.180539     -70.388     
0.176786     -70.3062     
0.29612     -70.3     
0.330432     -70.3734     
0.31714     -70.5117     
0.328897     -70.6487     
0.352348     -70.6926     
0.445858     -70.6863     
0.641011     -70.789     
0.617154     -70.819     
0.791639     -70.8572     
0.899825     -70.9933     
1.07352     -70.9563     
1.21287     -71.1124     
1.3146     -71.1057     
1.60396     -71.0675     
1.61467     -71.0944     
1.68581     -71.1203     
1.73261     -71.0451     
1.84781     -71.0608     
1.90329     -71.0035     
1.85746     -70.7453     
2.07733     -70.4529     
2.11269     -70.3615     
1.96583     -70.3078     
1.94927     -70.1653     
1.81401     -70.0934     
1.84613     -69.9894     
1.85821     -69.9773     
1.87661     -69.7773     
1.96637     -69.4146     
1.99112     -69.1463     
1.96311     -68.8548     
2.10919     -68.6777     
2.16679     -68.5728     
2.19438     -68.313     
2.3591     -68.1485     
2.45459     -67.9582     
2.58642     -67.7154     
2.60913     -67.4499     
2.76808     -67.3212     
2.90833     -67.0478     
3.19772     -66.8697     
3.27493     -66.6388     
3.53329     -66.4346     
3.72387     -66.1916     
3.8608     -65.8784     
4.00277     -65.7195     
4.08465     -65.5793     
4.04577     -65.4885     
4.03251     -65.4645     
4.11077     -65.1909     
4.05689     -64.9486     
3.85149     -64.7842     
3.67152     -64.6178     
3.48988     -64.3475     
3.44674     -64.3673     
3.10138     -64.3339     
2.94695     -64.152     
2.83011     -64.0592     
2.70889     -64.0673     
2.71809     -64.0645     
2.61811     -64.0029     
2.27655     -63.7899     
1.97862     -63.8548     
1.95309     -63.9247     
1.9911     -63.7542     
1.90453     -63.7098     
1.82326     -63.7563     
1.8373     -63.7549     
1.96738     -63.7469     
2.23587     -63.66     
2.27366     -63.6283     
2.41321     -63.68     
2.34687     -63.6748     
2.34579     -63.7816     
2.59646     -63.8202     
2.68975     -63.8306     
2.61349     -63.6756     
2.53469     -63.5826     
2.55551     -63.6482     
2.59853     -63.7051     
2.56808     -63.7913     
2.46167     -63.8545     
2.48237     -63.9033     
2.53538     -63.9179     
2.64074     -63.8747     
2.61396     -63.8771     
2.66185     -63.8877     
2.78431     -64.0276     
2.77065     -63.9828     
2.75873     -64.02     
2.84044     -64.0148     
2.83566     -64.0057     
2.88505     -64.0498     
2.95682     -64.2806     
3.03288     -64.3557     
3.0937     -64.4277     
3.06437     -64.4924     
2.9279     -64.6737     
2.78597     -64.8291     
2.7127     -64.9272     
2.66432     -65.0571     
2.66802     -65.1283     
2.60137     -65.1992     
2.53903     -65.4033     
2.66106     -65.7279     
2.61862     -65.9472     
2.30259     -66.3114     
2.09264     -66.4255     
1.91793     -66.6934     
1.8043     -66.9856     
1.45087     -67.1626     
1.2404     -67.316     
1.3181     -67.4007     
1.3478     -67.6246     
1.27239     -67.8055     
1.12634     -67.8931     
0.908781     -68.1643     
0.789616     -68.5181     
0.766716     -68.7059     
0.616288     -68.7896     
0.366936     -69.0078     
0.354982     -69.147     
0.385569     -69.2433     
0.446201     -69.3093     
0.218874     -69.5528     
0.0558076     -69.5563     
-0.168237     -69.7747     
-0.496692     -70.0071     
-0.336255     -70.2192     
-0.145125     -70.2719     
-0.212858     -70.3679     
-0.202464     -70.2087     
0.115746     -70.2752     
0.227344     -70.4967     
-0.0287851     -70.6237     
-0.117434     -70.6504     
-0.110511     -70.6366     
-0.223002     -70.5752     
-0.321963     -70.4894     
-0.101603     -70.4267     
-0.183481     -70.4254     
0.040531     -70.3575     
0.204391     -70.2736     
0.134105     -70.2962     
0.0173665     -70.3312     
-0.0303757     -70.3257     
0.0819301     -70.3094     
0.0161977     -70.2513     
-0.0819081     -70.1751     
-0.159703     -70.028     
-0.0280217     -69.9631     
0.00101579     -69.8982     
0.155051     -69.8308     
0.188523     -69.861     
0.0810343     -69.9332     
0.507515     -69.7685     
0.493337     -69.6639     
0.277341     -69.6283     
0.244259     -69.4599     
0.569708     -69.3365     
0.815872     -69.1677     
0.719796     -69.1021     
0.66733     -69.0403     
0.635949     -68.8122     
0.769011     -68.4616     
0.938173     -68.3122     
0.949358     -68.0861     
1.05521     -67.8134     
0.990158     -67.6755     
1.15247     -67.57     
1.1798     -67.4416     
1.14986     -67.3172     
1.3272     -67.0661     
1.61526     -66.7782     
1.67538     -66.7173     
1.56058     -66.6828     
1.39199     -66.6618     
1.30627     -66.4594     
1.16973     -66.2451     
1.08557     -66.1476     
0.929902     -66.0784     
0.620976     -65.9487     
0.688777     -65.8555     
0.623573     -65.8697     
0.67183     -65.8467     
0.754559     -65.8185     
0.973066     -65.6245     
0.986512     -65.5424     
0.974719     -65.4624     
1.24007     -65.386     
1.3156     -65.3223     
1.46218     -65.2525     
1.57338     -65.2828     
1.54138     -65.4084     
1.37234     -65.4231     
1.18358     -65.4039     
1.03191     -65.4989     
0.951076     -65.597     
0.953522     -65.849     
1.29518     -65.951     
1.4919     -66.1797     
1.61618     -66.104     
1.99742     -66.1573     
2.36929     -66.3077     
2.64434     -66.352     
3.11042     -66.4767     
3.50132     -66.4848     
3.86032     -66.527     
4.09418     -66.5548     
4.30584     -66.5326     
4.48937     -66.4241     
4.56132     -66.25     
4.94496     -66.273     
5.09601     -66.168     
5.10028     -66.2659     
5.25693     -66.26     
5.20625     -66.0919     
5.22982     -66.0923     
5.05363     -65.9238     
4.91317     -65.8196     
4.94613     -65.67     
4.79756     -65.7238     
4.77786     -65.7086     
4.6724     -65.7555     
4.4622     -65.7069     
4.47572     -65.6933     
4.68383     -65.7791     
4.86857     -65.824     
4.68284     -65.8065     
4.85775     -65.8086     
4.89393     -65.8418     
4.76319     -65.9817     
4.91827     -66.0074     
4.90155     -66.0964     
4.9517     -66.129     
5.28258     -66.033     
5.4868     -66.1904     
5.75658     -66.3216     
6.00322     -66.4687     
6.35385     -66.75     
6.66081     -66.8662     
7.15681     -67.0516     
7.75667     -67.2267     
8.34352     -67.3567     
8.92504     -67.5012     
9.52812     -67.624     
10.2754     -67.7927     
10.4973     -67.92     
10.5496     -67.9461     
10.5645     -68.0547     
10.548     -68.1211     
17.3683     -62.5214     
18.3842     -61.0331     
18.9651     -60.1043     
19.7321     -58.8321     
20.4695     -57.9337     
21.0986     -57.0294     
22.0824     -55.5389     
22.6757     -54.5664     
23.5625     -52.9788     
24.7334     -51.2603     
25.9597     -49.3547     
27.3288     -47.0825     
28.2453     -45.7941     
29.494     -44.2049     
30.7264     -43.16     
31.6625     -42.5502     
32.387     -42.9432     
32.9156     -42.8618     
33.0253     -43.7807     
33.1584     -44.558     
32.9964     -45.342     
32.4994     -46.5297     
31.9212     -47.73     
31.3063     -48.9818     
30.1205     -50.8738     
29.6471     -52.5161     
28.9317     -54.5396     
28.3657     -55.8831     
27.533     -58.1535     
26.7883     -60.2807     
26.334     -61.8104     
24.959     -64.8153     
24.3845     -66.9304     
23.3464     -70.3804     
22.5114     -72.8362     
21.7694     -75.2791     
20.938     -77.5632     
20.1023     -79.821     
19.4447     -81.9186     
18.9551     -83.9574     
18.4937     -85.817     
17.4305     -88.6181     
16.4949     -90.7598     
15.8462     -92.8939     
14.8773     -95.3757     
14.0831     -97.1207     
13.393     -98.7906     
12.8255     -100.708     
12.2113     -101.917     
11.5032     -103.089     
11.135     -103.845     
10.6281     -104.885     
10.0643     -105.834     
9.76491     -106.065     
9.3312     -106.795     
8.547     -107.553     
7.83813     -108.454     
7.33831     -109.295     
7.48715     -108.853     
7.46784     -108.37     
7.27469     -108.862     
7.66083     -108.503     
7.71901     -108.651     
8.1521     -107.872     
8.04292     -107.953     
8.05002     -107.856     
8.44564     -107.386     
8.77091     -106.81     
8.72398     -106.809     
8.94053     -106.402     
9.07884     -105.726     
9.3698     -104.792     
9.46041     -104.345     
9.5584     -103.794     
10.0327     -102.655     
10.3091     -101.439     
10.4483     -100.418     
10.9644     -99.0468     
10.7685     -98.2315     
11.217     -96.7859     
11.0818     -96.0269     
11.3544     -94.669     
11.6957     -93.5097     
12.2064     -92.3533     
12.5264     -91.8421     
13.31     -90.4677     
14.3894     -88.7315     
15.05     -86.9008     
15.5568     -85.3932     
15.7277     -84.5787     
16.0159     -83.1538     
16.4725     -81.8929     
16.4155     -80.9202     
16.7006     -80.1421     
16.6056     -79.4154     
16.502     -79.0342     
16.409     -78.1829     
16.3859     -77.9162     
16.5663     -76.7597     
16.5844     -76.2099     
16.9093     -75.5493     
17.5508     -74.5211     
18.3324     -73.5147     
18.8112     -72.7766     
19.1503     -72.0829     
19.3215     -71.9625     
19.7026     -71.5436     
19.7983     -71.4681     
20.2681     -71.2168     
20.6231     -70.9373     
20.3976     -71.072     
20.685     -70.8299     
20.8692     -70.7721     
20.8422     -70.9724     
20.9364     -71.0554     
20.1579     -71.953     
19.887     -72.5083     
19.207     -73.2694     
18.8651     -73.6838     
18.5758     -73.9195     
17.7213     -75.2739     
17.4608     -75.5383     
16.7184     -76.2274     
15.8667     -77.3487     
15.6866     -77.8434     
15.4702     -78.4583     
14.9957     -78.9923     
14.4212     -79.915     
14.2002     -80.3186     
13.7691     -81.0651     
13.0008     -82.0384     
12.6771     -82.5236     
11.5933     -83.8265     
10.7801     -85.0204     
10.6412     -85.5851     
10.3824     -86.3457     
10.1868     -87.1176     
10.58     -87.5827     
10.7039     -87.6745     
10.6654     -88.2408     
10.9648     -88.4133     
11.2454     -88.8392     
11.518     -89.4514     
12.1352     -89.4531     
12.5184     -89.8352     
12.8271     -90.0191     
13.1769     -90.1842     
13.6652     -90.3446     
13.7332     -90.7373     
14.0188     -90.6195     
14.2092     -90.8459     
14.5994     -91.0505     
14.9487     -91.2273     
15.2258     -91.5564     
15.5101     -92.2068     
15.7226     -92.4189     
16.003     -92.3851     
16.9317     -92.086     
16.9884     -92.2104     
17.2937     -92.3235     
17.5816     -92.4586     
18.1526     -92.1183     
18.947     -91.8944     
19.4673     -91.7607     
20.6734     -91.6677     
22.0943     -90.7813     
22.8007     -90.6867     
23.8547     -90.3246     
24.441     -90.2722     
25.2491     -89.5007     
25.6798     -88.9549     
26.0801     -88.7785     
26.6247     -88.3434     
27.2825     -87.6756     
27.8936     -87.1961     
28.4219     -86.9746     
29.2094     -86.2529     
29.9996     -85.6285     
31.0435     -84.8411     
32.0409     -84.3099     
32.7761     -83.8198     
33.1488     -83.4129     
33.7943     -82.9893     
35.0008     -82.6937     
35.4828     -82     
36.5616     -81.2958     
37.8542     -80.7238     
38.8754     -79.8961     
39.911     -78.8462     
40.7549     -77.7478     
41.5613     -77.2961     
42.2655     -76.921     
42.8963     -76.8277     
43.521     -76.0937     
44.157     -75.6317     
44.6135     -75.0161     
44.7639     -74.8422     
45.0365     -74.6233     
45.0992     -74.849     
45.0091     -75.001     
44.958     -75.3106     
44.9187     -75.4539     
45.0756     -75.8023     
44.9652     -75.8558     
44.9874     -75.7966     
44.9294     -76.085     
44.9849     -75.7961     
44.943     -76.0761     
44.5165     -77.0134     
44.4348     -77.6565     
44.4242     -78.2476     
44.2465     -78.4266     
44.2112     -78.7091     
44.1597     -79.168     
43.8353     -79.4308     
43.5617     -79.8555     
43.418     -80.7224     
43.4235     -80.4405     
42.7638     -81.2536     
42.5971     -81.8857     
42.3112     -82.3043     
41.7377     -82.7189     
41.3115     -83.4457     
40.8234     -83.7072     
40.2938     -84.1129     
39.8521     -84.6961     
39.5185     -85.2103     
39.3762     -85.3722     
38.8962     -85.8964     
38.478     -86.203     
38.5202     -86.2298     
38.6046     -86.1301     
38.5421     -86.2359     
38.74     -86.2507     
38.776     -86.0526     
38.9922     -85.5525     
38.9199     -85.3372     
38.7633     -84.9843     
38.8013     -84.8722     
38.9388     -84.6259     
39.174     -84.371     
39.2893     -84.1215     
39.1799     -84.0424     
39.322     -83.7473     
39.4234     -83.7189     
39.7594     -83.0375     
39.991     -82.4217     
40.1933     -81.4101     
40.3659     -81.1491     
41.0925     -79.9934     
41.3551     -79.309     
41.7407     -78.6062     
42.1727     -77.8098     
42.8405     -76.3338     
43.3297     -75.4734     
43.8335     -74.1057     
44.4559     -73.1733     
44.8587     -71.9855     
45.611     -71.0388     
46.6572     -69.7087     
47.0712     -68.9879     
47.6067     -67.865     
47.9806     -67.0732     
48.4271     -66.2234     
48.8353     -65.5242     
49.4629     -64.5509     
50.1479     -64.0019     
50.682     -62.8877     
50.8225     -62.4477     
51.2468     -61.5282     
51.9923     -60.6173     
52.1531     -60.1338     
52.1579     -59.6515     
51.8803     -60.0024     
52.0062     -59.6083     
52.2201     -59.2739     
52.5068     -58.8451     
52.3199     -58.5202     
52.2472     -58.6362     
52.4192     -58.1826     
51.8496     -58.0241     
51.6105     -57.6561     
51.0182     -58.1376     
50.0983     -58.6486     
49.4928     -59.1358     
48.0093     -60.4431     
47.2157     -60.9545     
46.1528     -61.3758     
45.0776     -62.3214     
44.3948     -62.5983     
43.1454     -63.6717     
42.8247     -63.9993     
42.4998     -64.166     
42.1836     -64.4926     
41.9782     -64.6356     
41.7593     -64.9912     
41.4294     -65.0452     
41.4119     -64.9073     
41.0752     -65.4794     
41.3833     -65.1603     
41.5777     -65.5025     
41.4426     -65.6132     
41.7417     -65.8194     
42.5961     -65.4599     
43.1979     -65.3572     
43.6305     -65.1614     
43.9271     -65.0808     
44.2037     -65.091     
44.6344     -65.0624     
45.0289     -65.3667     
45.1457     -65.7691     
45.4291     -65.8937     
45.6442     -65.7648     
45.776     -65.6646     
46.275     -65.7917     
46.7479     -65.7425     
46.8736     -65.9984     
47.1249     -65.6755     
47.5973     -65.9473     
48.1792     -65.6294     
48.5622     -65.5761     
49.496     -65.0902     
49.9468     -64.9538     
50.5857     -64.5311     
51.3165     -63.8336     
51.6935     -63.4698     
51.8811     -63.4124     
52.3253     -63.2628     
52.5207     -63.2107     
53.0741     -62.5291     
53.7437     -61.9309     
54.6369     -61.2074     
55.3619     -60.8747     
55.442     -60.8783     
56.1849     -60.3246     
56.1388     -60.6911     
57.1455     -60.2074     
57.7487     -59.8622     
58.0544     -59.9101     
58.2384     -59.9654     
58.4701     -60.53     
58.6807     -60.6769     
58.8315     -61.0638     
59.4274     -60.9979     
59.5771     -61.031     
60.0691     -61.1985     
59.9897     -61.1157     
60.1157     -61.124     
60.2107     -60.4967     
60.3838     -60.4817     
60.1706     -60.4379     
60.417     -60.0119     
60.5775     -59.4773     
60.8566     -59.08     
61.0622     -58.4002     
60.8123     -57.9526     
60.3151     -57.5201     
59.8979     -57.3813     
59.1119     -57.6594     
58.7598     -57.6657     
58.6605     -57.2122     
58.3462     -56.9758     
57.8708     -57.268     
57.5914     -57.5947     
56.5052     -58.0775     
55.4016     -58.1386     
54.6549     -58.5807     
54.2055     -58.7194     
53.6685     -58.6766     
53.7019     -58.435     
53.792     -58.0765     
53.4506     -57.7551     
53.5901     -57.2791     
53.7292     -56.4734     
54.0051     -55.6167     
53.5485     -55.0209     
53.3843     -54.8089     
53.1382     -54.1434     
52.9796     -53.4836     
52.3013     -53.1801     
51.7682     -52.7707     
51.6599     -52.028     
51.3374     -51.7361     
50.9098     -51.1007     
50.7008     -50.5886     
50.2838     -49.662     
50.3071     -48.5525     
50.2214     -46.4741     
50.0924     -45.4639     
49.925     -44.4107     
50.0326     -43.1308     
49.9179     -41.6623     
49.7191     -40.8407     
43.7636     -44.5651     
28.6799     -56.2575     
16.264     -65.6008     
14.5335     -66.8412     
15.2929     -65.933     
15.7823     -65.1087     
15.5802     -65.1503     
15.1572     -65.4824     
14.9041     -65.7135     
60.6204     3.66793     
