0
0
0
0
0
0
0
0
0
0
-0.000933942
-0.00646825
-0.0225635
-0.0548922
-0.107671
-0.183922
-0.285591
-0.413492
-0.567416
-0.746221
-0.947611
-1.1681
-1.40335
-1.6488
-1.90044
-2.155
-2.4097
-2.66259
-2.91298
-3.16078
-3.40522
-3.64415
-3.87442
-4.09309
-4.29824
-4.48883
-4.66416
-4.82389
-4.96825
-5.09786
-5.21336
-5.31505
-5.40284
-5.47682
-5.53724
-5.58428
-5.61831
-5.64015
-5.65125
-5.65361
-5.64951
-5.64135
-5.63129
-5.62096
-5.61136
-5.60291
-5.59564
-5.58939
-5.58401
-5.57961
-5.57667
-5.57593
-5.57811
-5.58363
-5.5924
-5.60348
-5.61546
-5.62725
-5.63825
-5.64772
-5.65422
-5.65624
-5.65315
-5.64538
-5.63399
-5.62004
-5.60427
-5.58726
-5.56975
-5.55246
-5.53594
-5.5208
-5.50732
-5.49525
-5.4845
-5.47561
-5.469
-5.46427
-5.46038
-5.45669
-5.4532
-5.45
-5.44735
-5.44586
-5.44596
-5.44762
-5.4506
-5.45455
-5.45914
-5.46399
-5.46888
-5.47358
-5.47793
-5.48229
-5.48798
-5.49676
-5.50994
-5.52818
-5.55186
-5.581
-5.61517
-5.65369
-5.69567
-5.73974
-5.78431
-5.82796
-5.86977
-5.90927
-5.94609
-5.97944
-6.00832
-6.03169
-6.04827
-6.05656
-6.05527
-6.04352
-6.02066
-5.98636
-5.94087
-5.88498
-5.81964
-5.7458
-5.6644
-5.5759
-5.48025
-5.3775
-5.26779
-5.15124
-5.02825
-4.89957
-4.76619
-4.62916
-4.48958
-4.34847
-4.20673
-4.06503
-3.9238
-3.78304
-3.64248
-3.50187
-3.36128
-3.22087
-3.08075
-2.94106
-2.80216
-2.66469
-2.52919
-2.39579
-2.26428
-2.13449
-2.00671
-1.88173
-1.76063
-1.64453
-1.53426
-1.43023
-1.33235
-1.24025
-1.15381
-1.07339
-0.999314
-0.931738
-0.8708
-0.816831
-0.770112
-0.730013
-0.695036
-0.663991
-0.636267
-0.611359
-0.588936
-0.569003
-0.551817
-0.538028
-0.528703
-0.524704
-0.525955
-0.531472
-0.539903
-0.549703
-0.559201
-0.567245
-0.573514
-0.577992
-0.580489
-0.580583
-0.577911
-0.572477
-0.564581
-0.554692
-0.543448
-0.531423
-0.518881
-0.505812
-0.49217
-0.478272
-0.464771
-0.452228
-0.441068
-0.431724
-0.42469
-0.420344
-0.418472
-0.418102
-0.417876
-0.416667
-0.414141
-0.410804
-0.40755
-0.405088
-0.403763
-0.403708
-0.404902
-0.407167
-0.410006
-0.412671
-0.414919
-0.41737
-0.421107
-0.427288
-0.436869
-0.450658
-0.469538
-0.494083
-0.524106
-0.558892
-0.597724
-0.640327
-0.68684
-0.737124
-0.790334
-0.845383
-0.901606
-0.958942
-1.01763
-1.07796
-1.14038
-1.20535
-1.27306
-1.34334
-1.41584
-1.49048
-1.5676
-1.64769
-1.73108
-1.8175
-1.90592
-1.9947
-2.08191
-2.16575
-2.24497
-2.31877
-2.38667
-2.44882
-2.50613
-2.55972
-2.61053
-2.65923
-2.70613
-2.75115
-2.79401
-2.83467
-2.87387
-2.91287
-2.95324
-2.99645
-3.04358
-3.09522
-3.15109
-3.20973
-3.26927
-3.32853
-3.38711
-3.4448
-3.50109
-3.55532
-3.60709
-3.65596
-3.70112
-3.7416
-3.77633
-3.80414
-3.82373
-3.83412
-3.83498
-3.82665
-3.80972
-3.78505
-3.75362
-3.71633
-3.6741
-3.62766
-3.57711
-3.52215
-3.46273
-3.39928
-3.33229
-3.2621
-3.18884
-3.11256
-3.0337
-2.95332
-2.87226
-2.79121
-2.71158
-2.63519
-2.56362
-2.49819
-2.44019
-2.3909
-2.35149
-2.32273
-2.30469
-2.29668
-2.29749
-2.30561
-2.31954
-2.33807
-2.36042
-2.38604
-2.41453
-2.44528
-2.47736
-2.50947
-2.53995
-2.56714
-2.58997
-2.60805
-2.62177
-2.63202
-2.63978
-2.64612
-2.65256
-2.66074
-2.67179
-2.68676
-2.70693
-2.73317
-2.76518
-2.80165
-2.84083
-2.88092
-2.92037
-2.95799
-2.99267
-3.02303
-3.0475
-3.06426
-3.07141
-3.06763
-3.05235
-3.0255
-2.98796
-2.94161
-2.88868
-2.83101
-2.76974
-2.70551
-2.63851
-2.56876
-2.49655
-2.42244
-2.34722
-2.27191
-2.19805
-2.1277
-2.06331
-2.00744
-1.96244
-1.9301
-1.91152
-1.9072
-1.91726
-1.94126
-1.97813
-2.02646
-2.08452
-2.14992
-2.21995
-2.2924
-2.36571
-2.43894
-2.5117
-2.5837
-2.654
-2.72164
-2.78651
-2.84941
-2.91165
-2.97447
-3.03899
-3.1061
-3.17582
-3.24758
-3.32114
-3.39632
-3.47236
-3.54828
-3.62327
-3.69674
-3.76818
-3.83704
-3.90276
-3.96484
-4.02267
-4.07555
-4.12313
-4.16571
-4.20397
-4.23862
-4.27023
-4.29934
-4.32655
-4.35237
-4.37722
-4.40157
-4.4257
-4.44933
-4.47223
-4.49491
-4.51865
-4.54479
-4.5738
-4.60531
-4.63846
-4.67202
-4.70482
-4.73567
-4.76314
-4.78613
-4.80436
-4.81795
-4.82744
-4.83383
-4.83831
-4.84188
-4.84527
-4.84862
-4.85178
-4.85458
-4.85653
-4.85621
-4.8519
-4.84261
-4.82774
-4.80602
-4.77585
-4.73553
-4.68328
-4.61804
-4.54019
-4.45145
-4.35411
-4.2504
-4.14254
-4.03291
-3.92393
-3.81782
-3.71663
-3.62239
-3.53699
-3.4622
-3.39981
-3.35118
-3.31698
-3.29753
-3.29258
-3.30124
-3.32225
-3.35413
-3.39519
-3.44337
-3.49626
-3.55162
-3.60788
-3.66413
-3.72005
-3.77598
-3.8329
-3.89222
-3.95554
-4.02405
-4.09798
-4.17647
-4.25828
-4.34229
-4.42715
-4.51124
-4.59293
-4.67079
-4.74336
-4.80922
-4.86734
-4.91711
-4.95835
-4.99113
-5.01564
-5.03215
-5.04109
-5.04305
-5.03883
-5.02975
-5.01765
-5.00475
-4.9931
-4.98395
-4.97792
-4.97565
-4.97821
-4.98718
-5.00446
-5.03144
-5.06795
-5.11232
-5.16234
-5.21539
-5.26818
-5.31767
-5.36238
-5.40233
-5.4384
-5.47202
-5.50484
-5.53808
-5.57205
-5.60655
-5.64162
-5.67723
-5.71276
-5.74726
-5.77979
-5.80955
-5.83627
-5.86054
-5.88362
-5.9069
-5.93161
-5.95867
-5.9884
-6.02037
-6.05394
-6.08863
-6.12402
-6.15939
-6.19395
-6.22746
-6.2602
-6.29275
-6.32548
-6.35797
-6.38907
-6.41773
-6.44385
-6.46817
-6.49174
-6.51534
-6.53891
-6.56126
-6.58035
-6.59402
-6.60033
-6.59755
-6.5846
-6.56169
-6.53053
-6.4939
-6.45487
-6.41621
-6.38029
-6.3492
-6.32472
-6.30799
-6.29939
-6.29878
-6.30529
-6.31705
-6.33199
-6.34883
-6.36708
-6.3867
-6.40796
-6.43115
-6.45604
-6.48175
-6.50692
-6.52998
-6.54969
-6.56578
-6.57853
-6.5885
-6.59665
-6.60433
-6.61297
-6.62371
-6.63714
-6.65356
-6.6735
-6.69764
-6.72613
-6.75859
-6.7945
-6.83314
-6.87311
-6.9126
-6.95009
-6.98434
-7.01413
-7.03844
-7.05688
-7.0695
-7.07647
-7.07818
-7.07567
-7.07078
-7.06542
-7.06066
-7.05676
-7.05381
-7.05208
-7.05205
-7.05427
-7.05925
-7.06749
-7.07923
-7.09385
-7.10987
-7.12576
-7.14051
-7.15354
-7.1644
-7.17282
-7.17899
-7.18324
-7.18528
-7.18421
-7.17903
-7.16908
-7.15447
-7.13643
-7.11698
-7.09794
-7.08014
-7.06342
-7.04773
-7.03397
-7.02368
-7.01828
-7.01884
-7.02599
-7.03973
-7.05969
-7.08552
-7.11701
-7.15387
-7.1953
-7.24007
-7.2868
-7.33457
-7.3832
-7.43276
-7.48264
-7.53178
-7.57966
-7.62604
-7.67049
-7.71263
-7.75238
-7.79032
-7.82755
-7.86527
-7.90409
-7.94379
-7.9837
-8.02366
-8.06472
-8.10869
-8.15745
-8.21246
-8.2744
-8.34287
-8.41637
-8.49293
-8.57076
-8.64829
-8.72408
-8.79704
-8.86638
-8.93171
-8.9933
-9.05181
-9.10769
-9.16094
-9.21109
-9.25715
-9.29786
-9.332
-9.35868
-9.3775
-9.38836
-9.39134
-9.38691
-9.37626
-9.36093
-9.34234
-9.32174
-9.3005
-9.28011
-9.26202
-9.24796
-9.23994
-9.24003
-9.24957
-9.26866
-9.29606
-9.32965
-9.36685
-9.40463
-9.43978
-9.46932
-9.49081
-9.5024
-9.50301
-9.49261
-9.47186
-9.44173
-9.40339
-9.35877
-9.31037
-9.26042
-9.21037
-9.16095
-9.11266
-9.06612
-9.02208
-8.98131
-8.94431
-8.91125
-8.88203
-8.85642
-8.83396
-8.81362
-8.79408
-8.77444
-8.75475
-8.73635
-8.72139
-8.71166
-8.70798
-8.71034
-8.71829
-8.7314
-8.74933
-8.77191
-8.79911
-8.83103
-8.86813
-8.91109
-8.96037
-9.01589
-9.07661
-9.14097
-9.20795
-9.27674
-9.34566
-9.41224
-9.47448
-9.53145
-9.58254
-9.62703
-9.66407
-9.69281
-9.71303
-9.72517
-9.72992
-9.72766
-9.71849
-9.70307
-9.68278
-9.65921
-9.63394
-9.60855
-9.58426
-9.56161
-9.54054
-9.52013
-9.49918
-9.47742
-9.45547
-9.43392
-9.4131
-9.39317
-9.37405
-9.35564
-9.33795
-9.3209
-9.3041
-9.28718
-9.27017
-9.25366
-9.23863
-9.22605
-9.21656
-9.21045
-9.20767
-9.20791
-9.21055
-9.21473
-9.21966
-9.22476
-9.22976
-9.23454
-9.23897
-9.24287
-9.24646
-9.25067
-9.25687
-9.26579
-9.27667
-9.28771
-9.29737
-9.30477
-9.30963
-9.312
-9.3119
-9.30884
-9.30177
-9.28962
-9.27152
-9.2473
-9.21785
-9.18434
-9.14755
-9.10821
-9.06761
-9.02757
-8.98976
-8.95543
-8.92525
-8.89912
-8.87644
-8.85652
-8.83914
-8.82463
-8.81321
-8.8045
-8.79827
-8.79491
-8.79477
-8.79766
-8.803
-8.80973
-8.81647
-8.82186
-8.82483
-8.82469
-8.8214
-8.81552
-8.80783
-8.79905
-8.78935
-8.77794
-8.76347
-8.74484
-8.72184
-8.69483
-8.66427
-8.63049
-8.59372
-8.55418
-8.51233
-8.46921
-8.42617
-8.38412
-8.34331
-8.30385
-8.26641
-8.23234
-8.20328
-8.18074
-8.16604
-8.16002
-8.16264
-8.17325
-8.19116
-8.21554
-8.24519
-8.2787
-8.31464
-8.35213
-8.39118
-8.43244
-8.47649
-8.52322
-8.57223
-8.62377
-8.67867
-8.73728
-8.79896
-8.86261
-8.92736
-8.99288
-9.05928
-9.1266
-9.19434
-9.26173
-9.32845
-9.39447
-9.4597
-9.52385
-9.58628
-9.64617
-9.70319
-9.75767
-9.81035
-9.86209
-9.9135
-9.96475
-10.0156
-10.0656
-10.1138
-10.1591
-10.2001
-10.2355
-10.265
-10.2889
-10.3082
-10.3241
-10.3365
-10.3446
-10.3472
-10.3434
-10.3328
-10.3153
-10.2916
-10.2628
-10.2308
-10.1972
-10.1627
-10.1278
-10.0929
-10.0587
-10.0254
-9.99366
-9.96472
-9.94059
-9.92281
-9.91233
-9.90963
-9.91475
-9.92705
-9.94527
-9.96751
-9.99122
-10.0138
-10.0334
-10.0487
-10.0587
-10.0632
-10.0623
-10.0568
-10.0476
-10.0354
-10.0199
-10.0011
-9.97916
-9.95502
-9.9297
-9.90416
-9.87898
-9.85434
-9.8301
-9.80584
-9.78095
-9.75438
-9.72489
-9.69182
-9.65544
-9.61658
-9.5766
-9.53725
-9.49993
-9.46527
-9.4334
-9.40459
-9.37975
-9.35993
-9.34579
-9.33768
-9.33595
-9.34083
-9.35244
-9.37094
-9.39625
-9.42799
-9.46565
-9.50887
-9.55714
-9.60919
-9.66297
-9.71655
-9.76868
-9.81878
-9.86663
-9.9123
-9.95597
-9.99774
-10.0378
-10.0761
-10.1118
-10.1434
-10.1698
-10.1908
-10.2071
-10.2192
-10.2275
-10.2319
-10.2323
-10.2285
-10.2209
-10.2097
-10.1954
-10.1787
-10.1603
-10.1412
-10.1215
-10.1014
-10.0811
-10.0612
-10.0416
-10.0226
-10.0041
-9.98568
-9.96746
-9.95013
-9.93462
-9.92176
-9.91233
-9.90686
-9.90535
-9.90698
-9.91014
-9.91295
-9.91386
-9.912
-9.90729
-9.90039
-9.89279
-9.88666
-9.88382
-9.8849
-9.88925
-9.89543
-9.90164
-9.90627
-9.90817
-9.90677
-9.90192
-9.89382
-9.88291
-9.86966
-9.8543
-9.83702
-9.81862
-9.80042
-9.78379
-9.77015
-9.76085
-9.75663
-9.75764
-9.76373
-9.7744
-9.78836
-9.80387
-9.81997
-9.83663
-9.85413
-9.87279
-9.89312
-9.91583
-9.94102
-9.96765
-9.99393
-10.0183
-10.0396
-10.0575
-10.0713
-10.0809
-10.0861
-10.0871
-10.0846
-10.0794
-10.0729
-10.0659
-10.0586
-10.051
-10.0426
-10.0322
-10.019
-10.0028
-9.98339
-9.96092
-9.93541
-9.90718
-9.87686
-9.84529
-9.81348
-9.78266
-9.75362
-9.72596
-9.69882
-9.67217
-9.64683
-9.62367
-9.60341
-9.58679
-9.57449
-9.56661
-9.56241
-9.56068
-9.56043
-9.56115
-9.56267
-9.56527
-9.56974
-9.57704
-9.58763
-9.60122
-9.61703
-9.63397
-9.65054
-9.66533
-9.67777
-9.68807
-9.69692
-9.70547
-9.71512
-9.72693
-9.74151
-9.75898
-9.77883
-9.80022
-9.82266
-9.84599
-9.87016
-9.89531
-9.92182
-9.95015
-9.98086
-10.0145
-10.0511
-10.0901
-10.1307
-10.1726
-10.2156
-10.2586
-10.3006
-10.3409
-10.3795
-10.4171
-10.4543
-10.4916
-10.5282
-10.5627
-10.5935
-10.6203
-10.6437
-10.6647
-10.684
-10.7017
-10.7179
-10.7324
-10.7449
-10.7544
-10.7592
-10.7587
-10.7541
-10.7477
-10.7422
-10.7398
-10.7423
-10.7508
-10.7659
-10.7869
-10.8126
-10.8418
-10.8739
-10.9087
-10.9458
-10.9846
-11.0245
-11.0649
-11.1057
-11.1469
-11.1892
-11.2325
-11.2767
-11.3204
-11.3621
-11.4007
-11.4359
-11.4675
-11.4948
-11.5171
-11.5335
-11.5428
-11.5439
-11.5359
-11.5188
-11.4927
-11.4578
-11.4145
-11.3639
-11.3068
-11.244
-11.1767
-11.1069
-11.036
-10.9642
-10.8914
-10.8173
-10.7422
-10.6664
-10.5906
-10.5161
-10.4446
-10.3777
-10.3165
-10.2612
-10.2114
-10.1672
-10.1281
-10.0942
-10.066
-10.0444
-10.0303
-10.0241
-10.0255
-10.0342
-10.0502
-10.0731
-10.1014
-10.1333
-10.1671
-10.2017
-10.237
-10.2739
-10.3131
-10.3553
-10.4008
-10.4492
-10.4998
-10.5518
-10.6051
-10.6598
-10.7165
-10.7761
-10.839
-10.9053
-10.9747
-11.0469
-11.121
-11.196
-11.271
-11.3448
-11.4168
-11.4861
-11.5524
-11.6157
-11.6766
-11.7361
-11.7958
-11.8573
-11.9215
-11.9878
-12.0548
-12.1201
-12.1823
-12.2405
-12.2948
-12.3448
-12.3897
-12.4285
-12.4604
-12.4854
-12.5034
-12.5146
-12.5188
-12.5161
-12.5064
-12.49
-12.4676
-12.4404
-12.4095
-12.375
-12.3375
-12.2976
-12.256
-12.213
-12.169
-12.1254
-12.0839
-12.0459
-12.0128
-11.9861
-11.9658
-11.9509
-11.9396
-11.9298
-11.92
-11.9088
-11.895
-11.8777
-11.8564
-11.8309
-11.8017
-11.7695
-11.7355
-11.7005
-11.6651
-11.6299
-11.5957
-11.5631
-11.5324
-11.5039
-11.4782
-11.4559
-11.4367
-11.4203
-11.4068
-11.3968
-11.3908
-11.3887
-11.3902
-11.3945
-11.4003
-11.4063
-11.4113
-11.4149
-11.4173
-11.4197
-11.4227
-11.4269
-11.432
-11.4375
-11.443
-11.4484
-11.454
-11.4603
-11.4678
-11.4772
-11.4877
-11.498
-11.5071
-11.5139
-11.5175
-11.5164
-11.5097
-11.4974
-11.4805
-11.4602
-11.4384
-11.4167
-11.3969
-11.38
-11.3665
-11.3565
-11.3498
-11.3461
-11.345
-11.3463
-11.3503
-11.3572
-11.3664
-11.3768
-11.3874
-11.3973
-11.4058
-11.4125
-11.4174
-11.4203
-11.4211
-11.4202
-11.4176
-11.4124
-11.4034
-11.3897
-11.3714
-11.3496
-11.3252
-11.2983
-11.269
-11.238
-11.2061
-11.1743
-11.1429
-11.1125
-11.0828
-11.0536
-11.0242
-10.9935
-10.9605
-10.9238
-10.8824
-10.8355
-10.7833
-10.7266
-10.6668
-10.605
-10.5411
-10.4751
-10.4076
-10.3405
-10.2765
-10.2175
-10.165
-10.1199
-10.0827
-10.0536
-10.0322
-10.0173
-10.0067
-9.99807
-9.98956
-9.98016
-9.96988
-9.95965
-9.95094
-9.94532
-9.94396
-9.94731
-9.95527
-9.96779
-9.98509
-10.0073
-10.0343
-10.0663
-10.1037
-10.1469
-10.1966
-10.2537
-10.3182
-10.3891
-10.4654
-10.5461
-10.6311
-10.7202
-10.8134
-10.9112
-11.0139
-11.1224
-11.2372
-11.3585
-11.4858
-11.6182
-11.754
-11.8915
-12.0291
-12.1656
-12.2997
-12.4303
-12.5562
-12.6759
-12.7877
-12.89
-12.9819
-13.0626
-13.1319
-13.1899
-13.2371
-13.2741
-13.3023
-13.3233
-13.3388
-13.3501
-13.3581
-13.3633
-13.3659
-13.3662
-13.3646
-13.3617
-13.3578
-13.3532
-13.3483
-13.3433
-13.3376
-13.3298
-13.3181
-13.3014
-13.2782
-13.2473
-13.208
-13.1609
-13.1076
-13.05
-12.991
-12.9331
-12.8781
-12.8267
-12.7791
-12.7358
-12.6971
-12.6626
-12.6322
-12.6056
-12.5824
-12.5619
-12.5439
-12.529
-12.5176
-12.5099
-12.5054
-12.5034
-12.5031
-12.5036
-12.5041
-12.5037
-12.5017
-12.4975
-12.491
-12.482
-12.4693
-12.4516
-12.4278
-12.3974
-12.3599
-12.3144
-12.2605
-12.1983
-12.1283
-12.0508
-11.9666
-11.8769
-11.7831
-11.6866
-11.5888
-11.4908
-11.3937
-11.299
-11.2077
-11.1199
-11.0358
-10.9551
-10.8775
-10.8029
-10.7313
-10.6628
-10.5976
-10.5359
-10.4779
-10.4243
-10.3757
-10.3329
-10.2955
-10.263
-10.2351
-10.2113
-10.1913
-10.174
-10.1582
-10.143
-10.1281
-10.114
-10.1015
-10.0921
-10.087
-10.0871
-10.0931
-10.1057
-10.1261
-10.1552
-10.1935
-10.2411
-10.298
-10.3648
-10.442
-10.53
-10.6284
-10.7363
-10.8521
-10.9744
-11.1023
-11.2353
-11.3733
-11.516
-11.6627
-11.8122
-11.9635
-12.1156
-12.2676
-12.4187
-12.5677
-12.7136
-12.8561
-12.9953
-13.1307
-13.2617
-13.3876
-13.5071
-13.6188
-13.7214
-13.8149
-13.8996
-13.9755
-14.0429
-14.1027
-14.1563
-14.2051
-14.25
-14.2915
-14.3291
-14.3622
-14.39
-14.4122
-14.4288
-14.4402
-14.4473
-14.4516
-14.4552
-14.4598
-14.4659
-14.4732
-14.4808
-14.4869
-14.4901
-14.4891
-14.4834
-14.473
-14.4587
-14.4411
-14.4203
-14.3967
-14.3706
-14.3423
-14.3115
-14.2776
-14.2407
-14.2012
-14.1603
-14.1194
-14.0797
-14.0419
-14.0064
-13.9735
-13.9428
-13.9133
-13.8836
-13.8518
-13.8156
-13.773
-13.7228
-13.6643
-13.5975
-13.5228
-13.4408
-13.3518
-13.2567
-13.1567
-13.0533
-12.9486
-12.8443
-12.7419
-12.6421
-12.5446
-12.4483
-12.3515
-12.253
-12.1517
-12.0469
-11.9384
-11.8263
-11.7107
-11.5923
-11.4722
-11.3518
-11.2325
-11.1154
-11.0015
-10.8922
-10.7891
-10.6937
-10.6071
-10.5297
-10.4619
-10.4037
-10.3552
-10.3166
-10.2887
-10.2722
-10.2672
-10.2735
-10.2905
-10.3174
-10.3539
-10.3996
-10.4544
-10.5179
-10.5897
-10.6695
-10.7564
-10.849
-10.9467
-11.0487
-11.1548
-11.2644
-11.3766
-11.4901
-11.6038
-11.7166
-11.828
-11.9382
-12.0478
-12.1576
-12.2678
-12.3786
-12.4905
-12.604
-12.7199
-12.8379
-12.9571
-13.076
-13.1934
-13.3076
-13.4172
-13.5213
-13.6198
-13.7135
-13.8027
-13.8875
-13.967
-14.0403
-14.1075
-14.1687
-14.2243
-14.275
-14.3209
-14.3621
-14.3984
-14.429
-14.4535
-14.472
-14.4848
-14.4923
-14.4952
-14.494
-14.4892
-14.481
-14.4695
-14.4552
-14.4396
-14.4241
-14.4097
-14.3962
-14.3833
-14.3702
-14.3551
-14.3361
-14.3116
-14.2808
-14.2432
-14.1988
-14.1479
-14.0906
-14.0268
-13.9573
-13.8827
-13.8031
-13.7182
-13.6278
-13.5322
-13.4326
-13.3309
-13.2288
-13.1285
-13.0322
-12.9424
-12.8613
-12.7899
-12.7288
-12.6787
-12.6395
-12.6109
-12.5924
-12.5834
-12.5833
-12.5909
-12.6046
-12.6227
-12.6431
-12.6638
-12.6838
-12.7029
-12.7215
-12.7402
-12.7596
-12.78
-12.8016
-12.8245
-12.8488
-12.8742
-12.8998
-12.9247
-12.9471
-12.965
-12.9774
-12.9842
-12.9861
-12.9835
-12.9772
-12.9673
-12.9536
-12.9357
-12.9133
-12.8863
-12.855
-12.8207
-12.7852
-12.7505
-12.7177
-12.6877
-12.6606
-12.636
-12.6134
-12.5924
-12.5725
-12.5534
-12.5345
-12.5153
-12.4949
-12.4728
-12.4494
-12.4253
-12.4011
-12.3768
-12.3525
-12.3282
-12.3041
-12.2801
-12.2558
-12.231
-12.206
-12.181
-12.1567
-12.1335
-12.1116
-12.0909
-12.0713
-12.0533
-12.038
-12.0263
-12.0192
-12.0176
-12.0225
-12.0345
-12.0537
-12.0793
-12.1108
-12.1479
-12.191
-12.2406
-12.2972
-12.3615
-12.434
-12.5154
-12.606
-12.7058
-12.814
-12.9291
-13.0491
-13.1715
-13.2945
-13.4161
-13.5349
-13.6501
-13.7609
-13.8668
-13.9674
-14.0622
-14.1502
-14.2308
-14.3024
-14.3639
-14.4148
-14.4549
-14.4851
-14.5067
-14.5215
-14.5306
-14.5348
-14.5344
-14.5303
-14.5237
-14.5161
-14.5083
-14.5009
-14.494
-14.4874
-14.4806
-14.4739
-14.4679
-14.4632
-14.4605
-14.4609
-14.4653
-14.4743
-14.4875
-14.5034
-14.5206
-14.5382
-14.5555
-14.5716
-14.5858
-14.5973
-14.6054
-14.6096
-14.6096
-14.6057
-14.5983
-14.588
-14.5755
-14.5608
-14.5439
-14.5247
-14.5031
-14.4792
-14.4528
-14.424
-14.3931
-14.3602
-14.3253
-14.2876
-14.2462
-14.2005
-14.1502
-14.0957
-14.0374
-13.9754
-13.9103
-13.8424
-13.7725
-13.7014
-13.6295
-13.5577
-13.4872
-13.4199
-13.3575
-13.301
-13.2505
-13.2056
-13.1658
-13.131
-13.1008
-13.0753
-13.0549
-13.0397
-13.0296
-13.0246
-13.0246
-13.0289
-13.0365
-13.0457
-13.0553
-13.0642
-13.0719
-13.0787
-13.0849
-13.0915
-13.0998
-13.1106
-13.1242
-13.1406
-13.1595
-13.1808
-13.2044
-13.2308
-13.2605
-13.2937
-13.3305
-13.3703
-13.4122
-13.4555
-13.4993
-13.5433
-13.5874
-13.6316
-13.6759
-13.7207
-13.7664
-13.8134
-13.8618
-13.9112
-13.9603
-14.0077
-14.0524
-14.0937
-14.1309
-14.1639
-14.1933
-14.2194
-14.2422
-14.2621
-14.2793
-14.2943
-14.3073
-14.3184
-14.3284
-14.3379
-14.3479
-14.3589
-14.3716
-14.3864
-14.4035
-14.4233
-14.4452
-14.4683
-14.4917
-14.5158
-14.5415
-14.5691
-14.598
-14.6276
-14.6572
-14.6857
-14.7116
-14.7335
-14.7509
-14.7636
-14.7717
-14.7755
-14.7754
-14.7724
-14.7675
-14.7615
-14.7547
-14.7475
-14.7408
-14.7358
-14.7341
-14.7373
-14.7464
-14.762
-14.7841
-14.8121
-14.8453
-14.8823
-14.9221
-14.9641
-15.0074
-15.0515
-15.0958
-15.1395
-15.1824
-15.2243
-15.265
-15.3042
-15.3415
-15.3764
-15.4087
-15.4385
-15.4656
-15.4902
-15.512
-15.5308
-15.5461
-15.5581
-15.5672
-15.5734
-15.5762
-15.5746
-15.568
-15.556
-15.5384
-15.5153
-15.4872
-15.4554
-15.4211
-15.3861
-15.3514
-15.3175
-15.2844
-15.2526
-15.2226
-15.1954
-15.1719
-15.1529
-15.1386
-15.1293
-15.1252
-15.127
-15.1353
-15.1508
-15.1738
-15.2039
-15.2402
-15.2819
-15.328
-15.3777
-15.4306
-15.4869
-15.5467
-15.6094
-15.6743
-15.7405
-15.8074
-15.8743
-15.9403
-16.0045
-16.0663
-16.1258
-16.1832
-16.2388
-16.2926
-16.3442
-16.3932
-16.4387
-16.4804
-16.518
-16.5515
-16.5806
-16.6049
-16.624
-16.6376
-16.6457
-16.648
-16.6446
-16.6361
-16.6233
-16.6078
-16.5919
-16.5788
-16.5712
-16.5705
-16.5773
-16.591
-16.6114
-16.6386
-16.6732
-16.7153
-16.7655
-16.8239
-16.8903
-16.9647
-17.0476
-17.1393
-17.2396
-17.3481
-17.4639
-17.5856
-17.7112
-17.8389
-17.9672
-18.0945
-18.2197
-18.3422
-18.4617
-18.5778
-18.6902
-18.798
-18.9
-18.9952
-19.0833
-19.1652
-19.2417
-19.3136
-19.3819
-19.4474
-19.5102
-19.5703
-19.6275
-19.6822
-19.7347
-19.7854
-19.8347
-19.8832
-19.9314
-19.9804
-20.0317
-20.087
-20.147
-20.2121
-20.2824
-20.3582
-20.4395
-20.5257
-20.6159
-20.7089
-20.8037
-20.8996
-20.9963
-21.0939
-21.192
-21.2899
-21.3867
-21.4819
-21.5751
-21.666
-21.754
-21.8385
-21.919
-21.9954
-22.0675
-22.1348
-22.1964
-22.2518
-22.3007
-22.343
-22.3787
-22.4079
-22.4309
-22.4472
-22.4562
-22.4569
-22.4493
-22.4336
-22.4106
-22.3819
-22.3495
-22.3145
-22.2771
-22.2371
-22.1944
-22.1489
-22.1013
-22.0523
-22.0031
-21.9546
-21.908
-21.8635
-21.82
-21.7759
-21.7302
-21.6826
-21.6335
-21.583
-21.5311
-21.4773
-21.4218
-21.3644
-21.3055
-21.2456
-21.1858
-21.128
-21.0741
-21.0259
-20.9839
-20.9468
-20.9127
-20.8797
-20.8468
-20.8134
-20.7789
-20.7426
-20.704
-20.6623
-20.617
-20.5676
-20.5139
-20.4555
-20.3926
-20.3257
-20.256
-20.1841
-20.1101
-20.0332
-19.9507
-19.8581
-19.75
-19.6211
-19.4669
-19.2846
-19.0729
-18.8317
-18.5616
-18.2641
-17.9422
-17.6003
-17.2431
-16.8751
-16.5
-16.1203
-15.7377
-15.3536
-14.9699
-14.5886
-14.2117
-13.8413
-13.4789
-13.1254
-12.7799
-12.4407
-12.1062
-11.7744
-11.444
-11.1137
-10.7827
-10.4504
-10.1166
-9.78223
-9.44874
-9.11804
-8.79194
-8.47136
-8.15623
-7.8464
-7.54194
-7.24316
-6.95032
-6.66331
-6.38188
-6.10593
-5.8353
-5.5693
-5.30667
-5.0464
-4.7882
-4.53196
-4.27775
-4.02623
-3.77858
-3.53607
-3.29953
-3.06941
-2.84607
-2.62974
-2.42042
-2.21778
-2.02119
-1.82995
-1.64366
-1.46287
-1.28867
-1.12139
-0.960605
-0.806245
-0.658754
-0.518871
-0.387316
-0.264391
-0.149955
-0.0438424
0.0536285
0.141866
0.220767
0.29078
0.352451
0.406255
0.452555
0.491845
0.525006
0.553108
0.577405
0.599363
0.620105
0.640095
0.659481
0.678304
0.696433
0.713402
0.728501
0.741165
0.750894
0.756821
0.75763
0.751818
0.737998
0.715152
0.68309
0.642938
0.5965
0.545182
0.490103
0.432354
0.372823
0.312351
0.251628
0.191003
0.130952
0.0725987
0.0176354
-0.0322681
-0.0760822
-0.113428
-0.144248
-0.168899
-0.188509
-0.204796
-0.219455
-0.233838
-0.248551
-0.262918
-0.275177
-0.283234
-0.28562
-0.282166
-0.273602
-0.26101
-0.245556
-0.227976
-0.208604
-0.187925
-0.166306
-0.143399
-0.118296
-0.0899327
-0.0574185
-0.0205752
0.0197941
0.0621972
0.104784
0.145815
0.184257
0.220013
0.253547
0.285224
0.315204
0.343847
0.371946
0.400293
0.429012
0.457546
0.484903
0.509749
0.530575
0.545967
0.554705
0.556066
0.550304
0.538348
0.52113
0.499465
0.474209
0.44626
0.416372
0.385062
0.352811
0.320261
0.288291
0.25785
0.229593
0.203747
0.180317
0.159299
0.140685
0.124627
0.111898
0.103879
0.101823
0.106337
0.11745
0.134493
0.155933
0.180028
0.205367
0.230749
0.255326
0.278745
0.300762
0.320789
0.338223
0.353206
0.366466
0.378876
0.39134
0.404441
0.418261
0.432835
0.448316
0.464312
0.479934
0.494455
0.507269
0.517747
0.52528
0.529328
0.529608
0.526166
0.519418
0.510357
0.500373
0.490866
0.483267
0.478783
0.47781
0.479904
0.484143
0.489295
0.493648
0.495077
0.491843
0.4831
0.46892
0.450626
0.430604
0.411078
0.393307
0.3777
0.364009
0.351512
0.339362
0.326876
0.313597
0.299316
0.284242
0.268845
0.253333
0.237423
0.220577
0.202654
0.184365
0.166568
0.149405
0.132288
0.11401
0.0931481
0.0691204
0.0425679
0.0147519
-0.0128978
-0.0389793
-0.0623309
-0.0820471
-0.09752
-0.108597
-0.115495
-0.118405
-0.11738
-0.112749
-0.105405
-0.0965761
-0.087419
-0.0788151
-0.0714234
-0.0655046
-0.0606037
-0.0557479
-0.0497667
-0.0410714
-0.0278745
-0.00919064
0.0146992
0.0424748
0.0722423
0.101924
0.129375
0.152867
0.171532
0.185056
0.193538
0.197728
0.199098
0.199526
0.200359
0.201791
0.203319
0.204355
0.204294
0.202442
0.198415
0.192685
0.186404
0.180947
0.177789
0.178158
0.18239
0.190024
0.200332
0.212333
0.224773
0.236351
0.245663
0.25099
0.250445
0.242262
0.225063
0.198294
0.162459
0.118977
0.0700313
0.0180363
-0.0350518
-0.0874027
-0.136667
-0.180461
-0.217229
-0.246552
-0.269082
-0.286037
-0.2986
-0.307693
-0.31363
-0.3159
-0.313726
-0.306524
-0.293947
-0.27622
-0.254496
-0.230663
-0.206802
-0.184722
-0.165745
-0.150559
-0.138955
-0.129808
-0.12145
-0.112024
-0.0998808
-0.0840405
-0.0644537
-0.0419872
-0.0179758
0.00621747
0.0293219
0.0503551
0.0686716
0.0837425
0.0951065
0.102513
0.106087
0.106422
0.104574
0.101804
0.0991759
0.0972855
0.0960231
0.0945433
0.0917657
0.0868735
0.0792911
0.0686299
0.054751
0.037566
0.0168411
-0.00751787
-0.0349833
-0.0641917
-0.0933132
-0.121145
-0.147511
-0.172334
-0.195266
-0.216174
-0.235146
-0.251966
-0.265983
-0.276876
-0.285169
-0.291523
-0.295971
-0.297956
-0.296461
-0.290167
-0.278083
-0.260069
-0.23705
-0.211004
-0.184613
-0.160527
-0.140559
-0.125481
-0.115457
-0.110352
-0.109708
-0.112776
-0.118681
-0.126599
-0.135961
-0.146397
-0.157496
-0.168702
-0.179341
-0.188808
-0.196737
-0.202809
-0.206337
-0.206364
-0.202337
-0.194373
-0.182933
-0.168681
-0.152533
-0.135386
-0.117667
-0.0992432
-0.0798518
-0.0594535
-0.0382318
-0.0164303
0.00564765
0.0276114
0.0490864
0.0697018
0.0892653
0.108027
0.126392
0.144448
0.161818
0.177782
0.191531
0.202533
0.211036
0.218043
0.2244
0.230325
0.235778
0.240634
0.244645
0.247604
0.249537
0.250453
0.250073
0.248173
0.24474
0.239844
0.233995
0.228183
0.223339
0.220205
0.219421
0.221401
0.22609
0.232929
0.241217
0.25045
0.260376
0.270909
0.282051
0.293746
0.305518
0.316498
0.32603
0.333887
0.339979
0.344386
0.347612
0.350421
0.353863
0.359705
0.369902
0.385591
0.40719
0.434633
0.467151
0.503612
0.54283
0.58333
0.623433
0.661552
0.696324
0.726966
0.753288
0.775191
0.792483
0.804671
0.810768
0.8096
0.800247
0.782606
0.757538
0.726351
0.690387
0.650834
0.608611
0.564427
0.518853
0.47257
0.426611
0.382068
0.339733
0.300074
0.263367
0.229958
0.200639
0.176577
0.158758
0.147529
0.142437
0.142491
0.146576
0.153553
0.162237
0.171339
0.179646
0.186511
0.191953
0.196229
0.199377
0.201087
0.200998
0.199121
0.195864
0.191658
0.186783
0.181541
0.176527
0.172657
0.170905
0.172092
0.176679
0.184464
0.194648
0.206179
0.21813
0.229937
0.241192
0.251665
0.261875
0.272959
0.285778
0.30046
0.316414
0.332498
0.347446
0.360399
0.371134
0.379805
0.386265
0.389898
0.390181
0.387089
0.380865
0.371593
0.359129
0.343403
0.324691
0.303342
0.279312
0.252458
0.223147
0.192205
0.160427
0.128377
0.0967002
0.0662593
0.0375567
0.0103701
-0.0158206
-0.0412748
-0.0657029
-0.0883682
-0.1084
-0.124899
-0.137214
-0.145374
-0.149846
-0.150999
-0.149191
-0.145126
-0.139607
-0.132658
-0.123265
-0.110222
-0.0929869
-0.0717934
-0.0472255
-0.0199116
0.00933614
0.039282
0.0684027
0.0956572
0.120933
0.144496
0.166673
0.187979
0.208895
0.229593
0.250093
0.270673
0.291925
0.314123
0.336781
0.358919
0.379424
0.397187
0.411128
0.420351
0.42456
0.424101
0.419522
0.411248
0.399571
0.384882
0.36775
0.348913
0.329464
0.310584
0.292821
0.275865
0.258859
0.240724
0.220417
0.197333
0.171651
0.144204
0.11613
0.0889135
0.0645085
0.0448854
0.0317053
0.0264654
0.0304023
0.0442577
0.0680163
0.100654
0.140445
0.185307
0.232929
0.281225
0.328498
0.373156
0.413827
0.449659
0.47996
0.503802
0.52041
0.529706
0.53246
0.530027
0.523685
0.514014
0.500603
0.482385
0.458485
0.42858
0.392817
0.351895
0.3071
0.260325
0.213952
0.170165
0.130233
0.094789
0.0646427
0.0406281
0.0230413
0.0117035
0.00616406
0.00576503
0.00985721
0.0179559
0.0293958
0.0430976
0.0577949
0.0717639
0.0823481
0.0861391
0.0793835
0.058199
0.0185221
-0.0438319
-0.132933
-0.253175
-0.409861
-0.609066
-0.857353
-1.1615
-1.52852
-1.96593
-2.48086
-3.07808
-3.75936
-4.52378
-5.3683
-6.28857
-7.27935
-8.33414
-9.44452
-10.6008
-11.7929
-13.0108
-14.2444
-15.4833
-16.7167
-17.9338
-19.1245
-20.2792
-21.3898
-22.4494
-23.453
-24.3967
-25.2781
-26.096
-26.8496
-27.5392
-28.166
-28.7326
-29.2429
-29.7015
-30.1138
-30.4853
-30.8211
-31.1258
-31.4031
-31.6557
-31.8858
-32.0961
-32.2891
-32.4673
-32.6333
-32.7901
-32.9407
-33.0882
-33.2349
-33.3826
-33.5322
-33.6843
-33.8399
-33.9994
-34.1637
-34.334
-34.5118
-34.6992
-34.8984
-35.1121
-35.3429
-35.5932
-35.865
-36.1604
-36.4799
-36.8237
-37.1915
-37.5836
-38.001
-38.4447
-38.9157
-39.4148
-39.9412
-40.4941
-41.0718
-41.6728
-42.2959
-42.9402
-43.6054
-44.292
-45.0015
-45.7353
-46.4946
-47.2801
-48.0915
-48.9283
-49.7892
-50.6722
-51.5747
-52.4935
-53.4249
-54.3653
-55.3105
-56.2563
-57.1985
-58.1331
-59.0552
-59.9597
-60.8415
-61.6962
-62.5194
-63.3071
-64.0552
-64.7607
-65.4213
-66.0356
-66.6027
-67.1221
-67.5934
-68.0167
-68.3932
-68.7253
-69.0161
-69.2696
-69.49
-69.6815
-69.8476
-69.9915
-70.1162
-70.2243
-70.3179
-70.3986
-70.4678
-70.5264
-70.575
-70.6143
-70.6447
-70.6664
-70.6785
-70.6799
-70.6697
-70.6474
-70.6126
-70.5654
-70.507
-70.439
-70.3634
-70.2826
-70.1988
-70.1136
-70.0286
-69.945
-69.8635
-69.7848
-69.7096
-69.6381
-69.5704
-69.5065
-69.446
-69.3884
-69.3333
-69.2803
-69.2295
-69.1806
-69.1334
-69.0881
-69.0452
-69.0051
-68.9684
-68.9365
-68.9103
-68.8908
-68.8787
-68.875
-68.8802
-68.8946
-68.9185
-68.9523
-68.9962
-69.0504
-69.1153
-69.1912
-69.2795
-69.3818
-69.4989
-69.6304
-69.7761
-69.936
-70.11
-70.2983
-70.5013
-70.7191
-70.9514
-71.1976
-71.4574
-71.7306
-72.0168
-72.3152
-72.6239
-72.9404
-73.2617
-73.5851
-73.9083
-74.229
-74.5453
-74.8555
-75.158
-75.4513
-75.7336
-76.003
-76.2575
-76.4949
-76.7127
-76.9083
-77.0791
-77.2226
-77.3368
-77.4209
-77.4754
-77.5021
-77.5038
-77.4841
-77.4464
-77.394
-77.3294
-77.254
-77.169
-77.0749
-76.972
-76.86
-76.7385
-76.6069
-76.465
-76.313
-76.1517
-75.982
-75.8046
-75.6203
-75.4302
-75.2356
-75.0379
-74.8389
-74.6414
-74.4485
-74.2635
-74.089
-73.9265
-73.7771
-73.642
-73.5224
-73.4192
-73.3323
-73.2612
-73.2046
-73.1614
-73.1314
-73.115
-73.1124
-73.1233
-73.1477
-73.1854
-73.2365
-73.3009
-73.3783
-73.4688
-73.5727
-73.6905
-73.8221
-73.9662
-74.1199
-74.2799
-74.4435
-74.6087
-74.7743
-74.9391
-75.1019
-75.2612
-75.4153
-75.5628
-75.7031
-75.8352
-75.9581
-76.071
-76.172
-76.2587
-76.3289
-76.3809
-76.4134
-76.4263
-76.4199
-76.3946
-76.3505
-76.2878
-76.2066
-76.1075
-75.9908
-75.8578
-75.7102
-75.5509
-75.3826
-75.208
-75.0291
-74.8476
-74.6652
-74.4839
-74.3065
-74.136
-73.9755
-73.8278
-73.6956
-73.5804
-73.4825
-73.4019
-73.3377
-73.2889
-73.2535
-73.2286
-73.2107
-73.1971
-73.1856
-73.1741
-73.1605
-73.1425
-73.1182
-73.0858
-73.0446
-72.9942
-72.9344
-72.8639
-72.7819
-72.6878
-72.5811
-72.4616
-72.3291
-72.1843
-72.0276
-71.8587
-71.6771
-71.4822
-71.2737
-71.0511
-70.8145
-70.5633
-70.2979
-70.0196
-69.7303
-69.4325
-69.1282
-68.8192
-68.5072
-68.1939
-67.8812
-67.5722
-67.2706
-66.9807
-66.7069
-66.4521
-66.2189
-66.0085
-65.8216
-65.6575
-65.5155
-65.3948
-65.2941
-65.2116
-65.1449
-65.0917
-65.0504
-65.0198
-64.9993
-64.9884
-64.9864
-64.9932
-65.0086
-65.0322
-65.0639
-65.1037
-65.1518
-65.2083
-65.2732
-65.3459
-65.4249
-65.5086
-65.5952
-65.6837
-65.7729
-65.8617
-65.9485
-66.032
-66.1111
-66.1859
-66.2571
-66.3259
-66.394
-66.464
-66.5386
-66.6203
-66.7109
-66.812
-66.9251
-67.0523
-67.1958
-67.3574
-67.5389
0
0
0
0
0
0
0
0
0
0
0
0
0
0
0
0
0
0
0
0
0
0
0
0
0
0
0
0
0
0
0
0
0
0
0
0
0
0
0
0
0
0
0
0
0
0
0
0
0
0
0
0
0
0
0
0
0
0
0
0
0
0
0
0
0
0
0
0
0
0
0
0
0
0
0
0
0
0
0
0
0
0
0
0
0
0
0
0
0
0
0
0
0
0
0
0
0
0
0
0
0
0
0
0
0
0
0
0
0
0
0
0
0
0
0
0
0
0
0
0
0
0
0
0
0
0
0
0
0
0
0
0
0
0
0
0
0
0
0
0
0
0
0
0
0
0
0
0
0
0
0
0
0
0
0
0
0
0
0
0
0
0
0
0
0
0
0
0
0
0
0
0
0
0
0
0
0
0
0
0
0
0
0
0
0
0
0
0
0
0
0
0
0
0
0
0
0
0
0
0
0
0
0
0
0
0
0
0
0
0
0
0
0
0
0
0
0
0
0
0
0
0
0
0
0
0
0
0
0
0
0
0
0
0
0
0
0
0
0
0
0
0
0
0
0
0
0
0
0
0
0
0
0
0
0
0
0
0
0
0
0
0
0
0
0
0
0
0
0
0
0
0
0
0
0
0
0
0
0
0
0
0
0
0
0
0
0
0
0
0
0
0
0
0
0
0
0
0
0
0
0
0
0
0
0
0
0
0
0
0
0
0
0
0
0
0
0
0
0
0
0
0
0
0
0
0
0
0
0
0
0
0
0
0
0
0
0
0
0
0
0
0
0
0
0
0
0
0
0
0
0
0
0
0
0
0
0
0
0
0
0
0
0
0
0
0
0
0
0
0
0
0
0
0
0
0
0
0
0
0
0
0
0
0
0
0
0
0
0
0
0
0
0
0
0
0
0
0
0
0
0
0
0
0
0
0
0
0
0
0
0
0
0
0
0
0
0
0
0
0
0
0
0
0
0
0
0
0
0
0
0
0
0
0
0
0
0
0
0
0
0
0
0
0
0
0
0
0
0
0
0
0
0
0
0
0
0
0
0
0
0
0
0
0
0
0
0
0
0
0
0
0
0
0
0
0
0
0
0
0
0
0
0
0
0
0
0
0
0
0
0
0
0
0
0
0
0
0
0
0
0
0
0
0
0
0
0
0
0
0
0
0
0
0
0
0
0
0
0
0
0
0
0
0
0
0
0
0
0
0
0
0
0
0
0
0
0
0
0
0
0
0
0
0
0
0
0
0
0
0
0
0
0
0
0
0
0
0
0
0
0
0
0
0
0
0
0
0
0
0
0
0
0
0
0
0
0
0
0
0
0
0
0
0
0
0
0
0
0
0
0
0
0
0
0
0
0
0
0
0
0
0
0
0
0
0
0
0
0
0
0
0
0
0
0
0
0
0
0
0
0
0
0
0
0
0
0
0
0
0
0
0
0
0
0
0
0
0
0
0
0
0
0
0
0
0
0
0
0
0
0
0
0
0
0
0
0
0
0
0
0
0
0
0
0
0
0
0
0
0
0
0
0
0
0
0
0
0
0
0
0
0
0
0
0
0
0
0
0
0
0
0
0
0
0
0
0
0
0
0
0
0
0
0
0
0
0
0
0
0
0
0
0
0
0
0
0
0
0
0
0
0
0
0
0
0
0
0
0
0
0
0
0
0
0
0
0
0
0
0
0
0
0
0
0
0
0
0
0
0
0
0
0
0
0
0
0
0
0
0
0
0
0
0
0
0
0
0
0
0
0
0
0
0
0
0
0
0
0
0
0
0
0
0
0
0
0
0
0
0
0
0
0
0
0
0
0
0
0
0
0
0
0
0
0
0
0
0
0
0
0
0
0
0
0
0
0
0
0
0
0
0
0
0
0
0
0
0
0
0
0
0
0
0
0
0
0
0
0
0
0
0
0
0
0
0
0
0
0
0
0
0
0
0
0
0
0
0
0
0
0
0
0
0
0
0
0
0
0
0
0
0
0
0
0
0
0
0
0
0
0
0
0
0
0
0
0
0
0
0
0
0
0
0
0
0
0
0
0
0
0
0
0
0
0
0
0
0
0
0
0
0
0
0
0
0
0
0
0
0
0
0
0
0
0
0
0
0
0
0
0
0
0
0
0
0
0
0
0
0
0
0
0
0
0
0
0
0
0
0
0
0
0
0
0
0
0
0
0
0
0
0
0
0
0
0
0
0
0
0
0
0
0
0
0
0
0
0
0
0
0
0
0
0
0
0
0
0
0
0
0
0
0
0
0
0
0
0
0
0
0
0
0
0
0
0
0
0
0
0
0
0
0
0
0
0
0
0
0
0
0
0
0
0
0
0
0
0
0
0
0
0
0
0
0
0
0
0
0
0
0
0
0
0
0
0
0
0
0
0
0
0
0
0
0
0
0
0
0
0
0
0
0
0
0
0
0
0
0
0
0
0
0
0
0
0
0
0
0
0
0
0
0
0
0
0
0
0
0
0
0
0
0
0
0
0
0
0
0
0
0
0
0
0
0
0
0
0
0
0
0
0
0
0
0
0
0
0
0
0
0
0
0
0
0
0
0
0
0
0
0
0
0
0
0
0
0
0
0
0
0
0
0
0
0
0
0
0
0
0
0
0
0
0
0
0
0
0
0
0
0
0
0
0
0
0
0
0
0
0
0
0
0
0
0
0
0
0
0
0
0
0
0
0
0
0
0
0
0
0
0
0
0
0
0
0
0
0
0
0
0
0
0
0
0
0
0
0
0
0
0
0
0
0
0
0
0
0
0
0
0
0
0
0
0
0
0
0
0
0
0
0
0
0
0
0
0
0
0
0
0
0
0
0
0
0
0
0
0
0
0
0
0
0
0
0
0
0
0
0
0
0
0
0
0
0
0
0
0
0
0
0
0
0
0
0
0
0
0
0
0
0
0
0
0
0
0
0
0
0
0
0
0
0
0
0
0
0
0
0
0
0
0
0
0
0
0
0
0
0
0
0
0
0
0
0
0
0
0
0
0
0
0
0
0
0
0
0
0
0
0
0
0
0
0
0
0
0
0
0
0
0
0
0
0
0
0
0
0
0
0
0
0
0
0
0
0
0
0
0
0
0
0
0
0
0
0
0
0
0
0
0
0
0
0
0
0
0
0
0
0
0
0
0
0
0
0
0
0
0
0
0
0
0
0
0
0
0
0
0
0
0
0
0
0
0
0
0
0
0
0
0
0
0
0
0
0
0
0
0
0
0
0
0
0
0
0
0
0
0
0
0
0
0
0
0
0
0
0
0
0
0
0
0
0
0
0
0
0
0
0
0
0
0
0
0
0
0
0
0
0
0
0
0
0
0
0
0
0
0
0
0
0
0
0
0
0
0
0
0
0
0
0
0
0
0
0
0
0
0
0
0
0
0
0
0
0
0
0
0
0
0
0
0
0
0
0
0
0
0
0
0
0
0
0
0
0
0
0
0
0
0
0
0
0
0
0
0
0
0
0
0
0
0
0
0
0
0
0
0
0
0
0
0
0
0
0
0
0
0
0
0
0
0
0
0
0
0
0
0
0
0
0
0
0
0
0
0
0
0
0
0
0
0
0
0
0
0
0
0
0
0
0
0
0
0
0
0
0
0
0
0
0
0
0
0
0
0
0
0
0
0
0
0
0
0
0
0
0
0
0
0
0
0
0
0
0
0
0
0
0
0
0
0
0
0
0
0
0
0
0
0
0
0
0
0
0
0
0
0
0
0
0
0
0
0
0
0
0
0
0
0
0
0
0
0
0
0
0
0
0
0
0
0
0
0
0
0
0
0
0
0
0
0
0
0
0
0
0
0
0
0
0
0
0
0
0
0
0
0
0
0
0
0
0
0
0
0
0
0
0
0
0
0
0
0
0
0
0
0
0
0
0
0
0
0
0
0
0
0
0
0
0
0
0
0
0
0
0
0
0
0
0
0
0
0
0
0
0
0
0
0
0
0
0
0
0
0
0
0
0
0
0
0
0
0
0
0
0
0
0
0
0
0
0
0
0
0
0
0
0
0
0
0
0
0
0
0
0
0
0
0
0
0
0
0
0
0
0
0
0
0
0
0
0
0
0
0
0
0
0
0
0
0
0
0
0
0
0
0
0
0
0
0
0
0
0
0
0
0
0
0
0
0
0
0
0
0
0
0
0
0
0
0
0
0
0
0
0
0
0
0
0
0
0
0
0
0
0
0
0
0
0
0
0
0
0
0
0
0
0
0
0
0
0
0
0
0
0
0
0
0
0
0
0
0
0
0
0
0
0
0
0
0
0
0
0
0
0
0
0
0
0
0
0
0
0
0
0
0
0
0
0
0
0
0
0
0
0
0
0
0
0
0
0
0
0
0
0
0
0
0
0
0
0
0
0
0
0
0
0
0
0
0
0
0
0
0
0
0
0
0
0
0
0
0
0
0
0
0
0
0
0
0
0
0
0
0
0
0
0
0
0
0
0
0
0
0
0
0
0
0
0
0
0
0
0
0
0
0
0
0
0
0
0
0
0
0
0
0
0
0
0
0
0
0
0
0
0
0
0
0
0
0
0
0
0
0
0
0
0
0
0
0
0
0
0
0
0
0
0
0
0
0
0
0
0
0
0
0
0
0
0
0
0
0
0
0
0
0
0
0
0
0
0
0
0
0
0
0
0
0
0
0
0
0
0
0
0
0
0
0
0
0
0
0
0
0
0
0
0
0
0
0
0
0
0
0
0
0
0
0
0
0
0
0
0
0
0
0
0
0
0
0
0
0
0
0
0
0
0
0
0
0
0
0
0
0
0
0
0
0
0
0
0
0
0
0
0
0
0
0
0
0
0
0
0
0
0
0
0
0
0
0
0
0
0
0
0
0
0
0
0
0
0
0
0
0
0
0
0
0
0
0
0
0
0
0
0
0
0
0
0
0
0
0
0
0
0
0
0
0
0
0
0
0
0
0
0
0
0
0
0
0
0
0
0
0
0
0
0
0
0
0
0
0
0
0
0
0
0
0
0
0
0
0
0
0
0
0
0
0
0
0
0
0
0
0
0
0
0
0
0
0
0
0
0
0
0
0
0
0
0
0
0
0
0
0
0
0
0
0
0
0
0
0
0
0
0
0
0
0
0
0
0
0
0
0
0
0
0
0
0
0
0
0
0
0
0
0
0
0
0
0
0
0
0
0
0
0
0
0
0
0
0
0
0
0
0
0
0
0
0
0
0
0
0
0
0
0
0
0
0
0
0
0
0
0
0
0
0
0
0
0
0
0
0
0
0
0
0
0
0
0
0
0
0
0
0
0
0
0
0
0
0
0
0
0
0
0
0
0
0
0
0
0
0
0
0
0
0
0
0
0
0
0
0
0
0
0
0
0
0
0
0
0
0
0
0
0
0
0
0
0
0
0
0
0
0
0
0
0
0
0
0
0
0
0
0
0
0
0
0
0
0
0
0
0
0
0
0
0
0
0
0
0
0
0
0
0
0
0
0
0
0
0
0
0
0
0
0
0
0
0
0
0
0
0
0
0
0
0
0
0
0
0
0
0
0
0
0
0
0
0
0
0
0
0
0
0
0
0
0
0
0
0
0
0
0
0
0
0
0
0
0
0
0
0
0
0
0
0
0
0
0
0
0
0
0
0
0
0
0
0
0
0
0
0
0
0
0
0
0
0
0
0
0
0
0
0
0
0
0
0
0
0
0
0
0
0
0
0
0
0
0
0
0
0
0
0
0
0
0
0
0
0
0
0
0
0
0
0
0
0
0
0
0
0
0
0
0
0
0
0
0
0
0
0
0
0
0
0
0
0
0
0
0
0
0
0
0
0
0
0
0
0
0
0
0
0
0
0
0
0
0
0
0
0
0
0
0
0
0
0
0
0
0
0
0
0
0
0
0
0
0
0
0
0
0
0
0
0
0
0
0
0
0
0
0
0
0
0
0
0
0
0
0
0
0
0
0
0
0
0
0
0
0
0
0
0
0
0
0
0
0
0
0
0
0
0
0
0
0
0
0
0
0
0
0
0
0
0
0
0
0
0
0
0
0
0
0
0
0
0
0
0
0
0
0
0
0
0
0
0
0
0
0
0
0
0
0
0
0
0
0
0
0
0
0
0
0
0
0
0
0
0
0
0
0
0
0
0
0
0
0
0
0
0
0
0
0
0
0
0
0
0
0
0
0
0
0
0
0
0
0
0
0
0
0
0
0
0
0
0
0
0
0
0
0
0
0
0
0
0
0
0
0
0
0
0
0
0
0
0
0
0
0
0
0
0
0
0
0
0
0
0
0
0
0
0
0
0
0
0
0
0
0
0
0
0
0
0
0
0
0
0
0
0
0
0
0
0
0
0
0
0
0
0
0
0
0
0
0
0
0
0
0
0
0
0
0
0
0
0
0
0
0
0
0
0
0
0
0
0
0
0
0
0
0
0
0
0
0
0
0
0
0
0
0
0
0
0
0
0
0
0
0
0
0
0
0
0
0
0
0
0
0
0
0
0
0
0
0
0
0
0
0
0
0
0
0
0
0
0
0
0
0
0
0
0
0
0
0
0
0
0
0
0
0
0
0
0
0
0
0
0
0
0
0
0
0
0
0
0
0
0
0
0
0
0
0
0
0
0
0
0
0
0
0
0
0
0
0
0
0
0
0
0
0
0
0
0
0
0
0
0
0
0
0
0
0
0
0
0
0
0
0
0
0
0
0
0
0
0
0
0
0
0
0
0
0
0
0
0
0
0
0
0
0
0
0
0
0
0
0
0
0
0
0
0
0
0
0
0
0
0
0
0
0
0
0
0
0
0
0
0
0
0
0
0
0
0
0
0
0
0
0
0
0
0
0
0
0
0
0
0
0
0
0
0
0
0
0
0
0
0
0
0
0
0
0
0
0
0
0
0
0
0
0
0
0
0
0
0
0
0
0
0
0
0
0
0
0
0
0
0
0
0
0
0
0
0
0
0
0
0
0
0
0
0
0
0
0
0
0
0
0
0
0
0
0
0
0
0
0
0
0
0
0
0
0
0
0
0
0
0
0
0
0
0
0
0
0
0
0
0
0
0
0
0
0
0
0
0
0
0
0
0
0
0
0
0
0
0
0
0
0
0
0
0
0
0
0
0
0
0
0
0
0
0
0
0
0
0
0
0
0
0
0
0
0
0
0
0
0
0
0
0
0
0
0
0
0
0
0
0
0
0
0
0
0
0
0
0
0
0
0
0
0
0
0
0
0
0
0
0
0
0
0
0
0
0
0
0
0
0
0
0
0
0
0
0
0
0
0
0
0
0
0
0
0
0
0
0
0
0
0
0
0
0
0
0
0
0
0
0
0
0
0
0
0
0
0
0
0
0
0
0
0
0
0
0
0
0
0
0
0
0
0
0
0
0
0
0
0
0
0
0
0
0
0
0
0
0
0
0
0
0
0
0
0
0
0
0
0
0
0
0
0
0
0
0
0
0
0
0
0
0
0
0
0
0
0
0
0
0
0
0
0
0
0
0
0
0
0
0
0
0
0
0
0
0
0
0
0
0
0
0
0
0
0
0
0
0
0
0
0
0
0
0
0
0
0
0
0
0
0
0
0
0
0
0
0
0
0
0
0
0
0
0
0
0
0
0
0
0
0
0
0
0
0
0
0
0
0
0
0
0
0
0
0
0
0
0
0
0
0
0
0
0
0
0
0
0
0
0
0
0
0
0
0
0
0
0
0
0
0
0
0
0
0
0
0
0
0
0
0
0
0
0
0
0
0
0
0
0
0
0
0
0
0
0
0
0
0
0
0
0
0
0
0
0
0
0
0
0
0
0
0
0
0
0
0
0
0
0
0
0
0
0
0
0
0
0
0
0
0
0
0
0
0
0
0
0
0
0
0
0
0
0
0
0
0
0
0
0
0
0
0
0
0
0
0
0
0
0
0
0
0
0
0
0
0
0
0
0
0
0
0
0
0
0
0
0
0
0
0
0
0
0
0
0
0
0
0
0
0
0
0
0
0
0
0
0
0
0
0
0
0
0
0
0
0
0
0
0
0
0
0
0
0
0
0
0
0
0
0
0
0
0
0
0
0
0
0
0
0
0
0
0
0
0
0
0
0
0
0
0
0
0
0
0
0
0
0
0
0
0
0
0
0
0
0
0
0
0
0
0
0
0
0
0
0
0
0
0
0
0
0
0
0
0
0
0
0
0
0
0
0
0
0
0
0
0
0
0
0
0
0
0
0
0
0
0
0
0
0
0
0
0
0
0
0
0
0
0
0
0
0
0
0
0
0
0
0
0
0
0
0
0
0
0
0
0
0
0
0
0
0
0
0
0
0
0
0
0
0
0
0
0
0
0
0
0
0
0
0
0
0
0
0
0
0
0
0
0
0
0
0
0
0
0
0
0
0
0
0
0
0
0
0
0
0
0
0
0
0
0
0
0
0
0
0
0
0
0
0
0
0
0
0
0
0
0
0
0
0
0
0
0
0
0
0
0
0
0
0
0
0
0
0
0
0
0
0
0
0
0
0
0
0
0
0
0
0
0
0
0
0
0
0
0
0
0
0
0
0
0
0
0
0
0
0
0
0
0
0
0
0
0
0
0
0
0
0
0
0
0
0
0
0
0
0
0
0
0
0
0
0
0
0
0
0
0
0
0
0
0
0
0
0
0
0
0
0
0
0
0
0
0
0
0
0
0
0
0
0
0
0
0
0
0
0
0
0
0
0
0
0
0
0
0
0
0
0
0
0
0
0
0
0
0
0
0
0
0
0
0
0
0
0
0
0
0
0
0
0
0
0
0
0
0
0
0
0
0
0
0
0
0
0
0
0
0
0
0
0
0
0
0
0
0
0
0
0
0
0
0
0
0
0
0
0
0
0
0
0
0
0
0
0
0
0
0
0
0
0
0
0
0
0
0
0
0
0
0
0
0
0
0
0
0
0
0
0
0
0
0
0
0
0
0
0
0
0
0
0
0
0
0
0
0
0
0
0
0
0
0
0
0
0
0
0
0
0
0
0
0
0
0
0
0
0
0
0
0
0
0
0
0
0
0
0
0
0
0
0
0
0
0
0
0
0
0
0
0
0
0
0
0
0
0
0
0
0
0
0
0
0
0
0
0
0
0
0
0
0
0
0
0
0
0
0
0
0
0
0
0
0
0
0
0
0
0
0
0
0
0
0
0
0
0
0
0
0
0
0
0
0
0
0
0
0
0
0
0
0
0
0
0
0
0
0
0
0
0
0
0
0
0
0
0
0
0
0
0
0
0
0
0
0
0
0
0
0
0
0
0
0
0
0
0
0
0
0
0
0
0
0
0
0
0
0
0
0
0
0
0
0
0
0
0
0
0
0
0
0
0
0
0
0
0
0
0
0
0
0
0
0
0
0
0
0
0
0
0
0
0
0
0
0
0
0
0
0
0
0
0
0
0
0
0
0
0
0
0
0
0
0
0
0
0
0
0
0
0
0
0
0
0
0
0
0
0
0
0
0
0
0
0
0
0
0
0
0
0
0
0
0
0
0
0
0
0
0
0
0
0
0
0
0
0
0
0
0
0
0
0
0
0
0
0
0
0
0
0
0
0
0
0
0
0
0
0
0
0
0
0
0
0
0
0
0
0
0
0
0
0
0
0
0
0
0
0
0
0
0
0
0
0
0
0
0
0
0
0
0
0
0
0
0
0
0
0
0
0
0
0
0
0
0
0
0
0
0
0
0
0
0
0
0
0
0
0
0
0
0
0
0
0
0
0
0
0
0
0
0
0
0
0
0
0
0
0
0
0
0
0
0
0
0
0
0
0
0
0
0
0
0
0
0
0
0
0
0
0
0
0
0
0
0
0
0
0
0
0
0
0
0
0
0
0
0
0
0
0
0
0
0
0
0
0
0
0
0
0
0
0
0
0
0
0
0
0
0
0
0
0
0
0
0
0
0
0
0
0
0
0
0
0
0
0
0
0
0
0
0
0
0
0
0
0
0
0
0
0
0
0
0
0
0
0
0
0
0
0
0
0
0
0
0
0
0
0
0
0
0
0
0
0
0
0
0
0
0
0
0
0
0
0
0
0
0
0
0
0
0
0
0
0
0
0
0
0
0
0
0
0
0
0
0
0
0
0
0
0
0
0
0
0
0
0
0
0
0
0
0
0
0
0
0
0
0
0
0
0
0
0
0
0
0
0
0
0
0
0
0
0
0
0
0
0
0
0
0
0
0
0
0
0
0
0
0
0
0
0
0
0
0
0
0
0
0
0
0
0
0
0
0
0
0
0
0
0
0
0
0
0
0
0
0
0
0
0
0
0
0
0
0
0
0
0
0
0
0
0
0
0
0
0
0
0
0
0
0
0
0
0
0
0
0
0
0
0
0
0
0
0
0
0
0
0
0
0
0
0
0
0
0
0
0
0
0
0
0
0
0
0
0
0
0
0
0
0
0
0
0
0
0
0
0
0
0
0
0
0
0
0
0
0
0
0
0
0
0
0
0
0
0
0
0
0
0
0
0
0
0
0
0
0
0
0
0
0
0
0
0
0
0
0
0
0
0
0
0
0
0
0
0
0
0
0
0
0
0
0
0
0
0
0
0
0
0
0
0
0
0
0
0
0
0
0
0
0
0
0
0
0
0
0
0
0
0
0
0
0
0
0
0
0
0
0
0
0
0
0
0
0
0
0
0
0
0
0
0
0
0
0
0
0
0
0
0
0
0
0
0
0
0
0
0
0
0
0
0
0
0
0
0
0
0
0
0
0
0
0
0
0
0
0
0
0
0
0
0
0
0
0
0
0
0
0
0
0
0
0
0
0
0
0
0
0
0
0
0
0
0
0
0
0
0
0
0
0
0
0
0
0
0
0
0
0
0
0
0
0
0
0
0
0
0
0
0
0
0
0
0
0
0
0
0
0
0
0
0
0
0
0
0
0
0
0
0
0
0
0
0
0
0
0
0
0
0
0
0
0
0
0
0
0
0
0
0
0
0
0
0
0
0
0
0
0
0
0
0
0
0
0
0
0
0
0
0
0
0
0
0
0
0
0
0
0
0
0
0
0
0
0
0
0
0
0
0
0
0
0
0
0
0
0
0
0
0
0
0
0
0
0
0
0
0
0
0
0
0
0
0
0
0
0
0
0
0
0
0
0
0
0
0
0
0
0
0
0
0
0
0
0
0
0
0
0
0
0
0
0
0
0
0
0
0
0
0
0
0
0
0
0
0
0
0
0
0
0
0
0
0
0
0
0
0
0
0
0
0
0
0
0
0
0
0
0
0
0
0
0
0
0
0
0
0
0
0
0
0
0
0
0
0
0
0
0
0
0
0
0
0
0
0
0
0
0
0
0
0
0
0
0
0
0
0
0
0
0
0
0
0
0
0
0
0
0
0
0
0
0
0
0
0
0
0
0
0
0
0
0
0
0
0
0
0
0
0
0
0
0
0
0
0
0
0
0
0
0
0
0
0
0
0
0
0
0
0
0
0
0
0
0
0
0
0
0
0
0
0
0
0
0
0
0
0
0
0
0
0
0
0
0
0
0
0
0
0
0
0
0
0
0
0
0
0
0
0
0
0
0
0
0
0
0
0
0
0
0
0
0
0
0
0
0
0
0
0
0
0
0
0
0
0
0
0
0
0
0
0
0
0
0
0
0
0
0
0
0
0
0
0
0
0
0
0
0
0
0
0
0
0
0
0
0
0
0
0
0
0
0
0
0
0
0
0
0
0
0
0
0
0
0
0
0
0
0
0
0
0
0
0
0
0
0
0
0
0
0
0
0
0
0
0
0
0
0
0
0
0
0
0
0
0
0
0
0
0
0
0
0
0
0
0
0
0
0
0
0
0
0
0
0
0
0
0
0
0
0
0
0
0
0
0
0
0
0
0
0
0
0
0
0
0
0
0
0
0
0
0
0
0
0
0
0
0
0
0
0
0
0
0
0
0
0
0
0
0
0
0
0
0
0
0
0
0
0
0
0
0
0
0
0
0
0
0
0
0
0
0
0
0
0
0
0
0
0
0
0
0
0
0
0
0
0
0
0
0
0
0
0
0
0
0
0
0
0
0
0
0
0
0
0
0
0
0
0
0
0
0
0
0
0
0
0
0
0
0
0
0
0
0
0
0
0
0
0
0
0
0
0
0
0
0
0
0
0
0
0
0
0
0
0
0
0
0
0
0
0
0
0
0
0
0
0
0
0
0
0
0
0
0
0
0
0
0
0
0
0
0
0
0
0
0
0
0
0
0
0
0
0
0
0
0
0
0
0
0
0
0
0
0
0
0
0
0
0
0
0
0
0
0
0
0
0
0
0
0
0
0
0
0
0
0
0
0
0
0
0
0
0
0
0
0
0
0
0
0
0
0
0
0
0
0
0
0
0
0
0
0
0
0
0
0
0
0
0
0
0
0
0
0
0
0
0
0
0
0
0
0
0
0
0
0
0
0
0
0
0
0
0
0
0
0
0
0
0
0
0
0
0
0
0
0
0
0
0
0
0
0
0
0
0
0
0
0
0
0
0
0
0
0
0
0
0
0
0
0
0
0
0
0
0
0
0
0
0
0
0
0
0
0
0
0
0
0
0
0
0
0
0
0
0
0
0
0
0
0
0
0
0
0
0
0
0
0
0
0
0
0
0
0
0
0
0
0
0
0
0
0
0
0
0
0
0
0
0
0
0
0
0
0
0
0
0
0
0
0
0
0
0
0
0
0
0
0
0
0
0
0
0
0
0
0
0
0
0
0
0
0
0
0
0
0
0
0
0
0
0
0
0
0
0
0
0
0
0
0
0
0
0
0
0
0
0
0
0
0
0
0
0
0
0
0
0
0
0
0
0
0
0
0
0
0
0
0
0
0
0
0
0
0
0
0
0
0
0
0
0
0
0
0
0
0
0
0
0
0
0
0
0
0
0
0
0
0
0
0
0
0
0
0
0
0
0
0
0
0
0
0
0
0
0
0
0
0
0
0
0
0
0
0
0
0
0
0
0
0
0
0
0
0
0
0
0
0
0
0
0
0
0
0
0
0
0
0
0
0
0
0
0
0
0
0
0
0
0
0
0
0
0
0
0
0
0
0
0
0
0
0
0
0
0
0
0
0
0
0
0
0
0
0
0
0
0
0
0
0
0
0
0
0
0
0
0
0
0
0
0
0
0
0
0
0
0
0
0
0
0
0
0
0
0
0
0
0
0
0
0
0
0
0
0
0
0
0
0
0
0
0
0
0
0
0
0
0
0
0
0
0
0
0
0
0
0
0
0
0
0
0
0
0
0
0
0
0
0
0
0
0
0
0
0
0
0
0
0
0
0
0
0
0
0
0
0
0
0
0
0
0
0
0
0
0
0
0
0
0
0
0
0
0
0
0
0
0
0
0
0
0
0
0
0
0
0
0
0
0
0
0
0
0
0
0
0
0
0
0
0
0
0
0
0
0
0
0
0
0
0
0
0
0
0
0
0
0
0
0
0
0
0
0
0
0
0
0
0
0
0
0
0
0
0
0
0
0
0
0
0
0
0
0
0
0
0
0
0
0
0
0
0
0
0
0
0
0
0
0
0
0
0
0
0
0
0
0
0
0
0
0
0
0
0
0
0
0
0
0
0
0
0
0
0
0
0
0
0
0
0
0
0
0
0
0
0
0
0
0
0
0
0
0
0
0
0
0
0
0
0
0
0
0
0
0
0
0
0
0
0
0
0
0
0
0
0
0
0
0
0
0
0
0
0
0
0
0
0
0
0
0
0
0
0
0
0
0
0
0
0
0
0
0
0
0
0
0
0
0
0
0
0
0
0
0
0
0
0
0
0
0
0
0
0
0
0
0
0
0
0
0
0
0
0
0
0
0
0
0
0
0
0
0
0
0
0
0
0
0
0
0
0
0
0
0
0
0
0
0
0
0
0
0
0
0
0
0
0
0
0
0
0
0
0
0
0
0
0
0
0
0
0
0
0
0
0
0
0
0
0
0
0
0
0
0
0
0
0
0
0
0
0
0
0
0
0
0
0
0
0
0
0
0
0
0
0
0
0
0
0
0
0
0
0
0
0
0
0
0
0
0
0
0
0
0
0
0
0
0
0
0
0
0
0
0
0
0
0
0
0
0
0
0
0
0
0
0
0
0
0
0
0
0
0
0
0
0
0
0
0
0
0
0
0
0
0
0
0
0
0
0
0
0
0
0
0
0
0
0
0
0
0
0
0
0
0
0
0
0
0
0
0
0
0
0
0
0
0
0
0
0
0
0
0
0
0
0
0
0
0
0
0
0
0
0
0
0
0
0
0
0
0
0
0
0
0
0
0
0
0
0
0
0
0
0
0
0
0
0
0
0
0
0
0
0
0
0
0
0
0
0
0
0
0
0
0
0
0
0
0
0
0
0
0
0
0
0
0
0
0
0
0
0
0
0
0
0
0
0
0
0
0
0
0
0
0
0
0
0
0
0
0
0
0
0
0
0
0
0
0
0
0
0
0
0
0
0
0
0
0
0
0
0
0
0
0
0
0
0
0
0
0
0
0
0
0
0
0
0
0
0
0
0
0
0
0
0
0
0
0
0
0
0
0
0
0
0
0
0
0
0
0
0
0
0
0
0
0
0
0
0
0
0
0
0
0
0
0
0
0
0
0
0
0
0
0
0
0
0
0
0
0
0
0
0
0
0
0
0
0
0
0
0
0
0
0
0
0
0
0
0
0
0
0
0
0
0
0
0
0
0
0
0
0
0
0
0
0
0
0
0
0
0
0
0
0
0
0
0
0
0
0
0
0
0
0
0
0
0
0
0
0
0
0
0
0
0
0
0
0
0
0
0
0
0
0
0
0
0
0
0
0
0
0
0
0
0
0
0
0
0
0
0
0
0
0
0
0
0
0
0
0
0
0
0
0
0
0
0
0
0
0
0
0
0
0
0
0
0
0
0
0
0
0
0
0
0
0
0
0
0
0
0
0
0
0
0
0
0
0
0
0
0
0
0
0
0
0
0
0
0
0
0
0
0
0
0
0
0
0
0
0
0
0
0
0
0
0
0
0
0
0
0
0
0
0
0
0
0
0
0
0
0
0
0
0
0
0
0
0
