0
0
0
0
0
0
0
0
0
0
-11.2464
-11.2713
-11.2564
-10.3627
-11.105
-11.0522
-10.781
-10.6728
-10.8527
-10.773
-11.1338
-11.3585
-11.5216
-11.0781
-10.8313
-10.8002
-10.516
-10.6325
-11.8478
-11.4741
-11.7068
-11.7375
-11.5408
-11.5473
-11.9846
-10.743
-10.8486
-10.9101
-10.8749
-10.8258
-11.1363
-9.88355
-10.6226
-10.869
-10.8964
-10.3583
-10.0472
-10.54
-10.447
-11.0023
-11.1693
-11.5919
-12.2302
-12.0396
-11.3757
-11.4455
-11.2864
-11.1998
-11.3368
-11.6211
-11.2195
-11.1533
-11.7658
-12.1855
-12.4921
-12.413
-11.6128
-11.2672
-11.2191
-11.1828
-10.9146
-11.3362
-11.769
-12.2908
-12.1595
-11.8915
-11.5897
-11.193
-10.7675
-10.3727
-10.5482
-10.5549
-10.7446
-10.5346
-11.1322
-11.6445
-11.5764
-11.1773
-11.3286
-11.5651
-11.9407
-11.3034
-10.7258
-10.1502
-9.79965
-10.2749
-10.4366
-9.74324
-9.97367
-10.7376
-10.4631
-9.8269
-9.69292
-10.583
-10.4045
-10.4855
-11.0654
-11.3101
-11.5143
-10.6609
-10.5951
-10.3071
-10.8246
-11.186
-11.3928
-11.4514
-11.1783
-10.7569
-11.249
-11.1653
-10.7556
-10.5346
-10.9073
-10.2423
-9.78436
-10.1027
-9.97355
-10.8095
-10.6937
-10.3564
-9.78274
-9.9644
-9.81952
-10.109
-10.3706
-9.89407
-10.2564
-9.8747
-8.5921
-8.8198
-8.36177
-7.83735
-7.91947
-8.10727
-7.64402
-7.8483
-7.86079
-7.97629
-8.48172
-8.20681
-7.82902
-8.0466
-8.57629
-7.9655
-7.12983
-7.62543
-7.74705
-7.54145
-7.42375
-7.29718
-6.95104
-7.45721
-7.67118
-6.80101
-6.63548
-6.34721
-6.07759
-5.99467
-6.17286
-6.62082
-7.2063
-7.35527
-7.0717
-7.24954
-6.76235
-6.57953
-6.9939
-5.67976
-6.08798
-6.48974
-6.38242
-6.33994
-6.35884
-6.4232
-6.37815
-6.30747
-6.10798
-5.35858
-5.77639
-6.71267
-7.35299
-7.39144
-6.71632
-6.7289
-6.7955
-6.26512
-5.33876
-5.21116
-6.02763
-5.92167
-5.61065
-5.57597
-6.46592
-6.55508
-7.04725
-7.25293
-6.84489
-6.80831
-6.51391
-6.80729
-6.84888
-6.91349
-6.60443
-4.69473
-4.36935
-4.89855
-5.27324
-5.00903
-5.12889
-6.17543
-5.26355
-6.02129
-6.14787
-5.7913
-5.42577
-5.38791
-5.40482
-5.33707
-5.15557
-5.25493
-5.46354
-5.6329
-5.55461
-6.05779
-6.15314
-6.28903
-6.30123
-6.25519
-4.89127
-4.90704
-5.4241
-5.21197
-5.22189
-6.5551
-5.49926
-5.43229
-6.1533
-6.33621
-6.81303
-6.52714
-6.69172
-6.62309
-6.74795
-6.95794
-7.64689
-7.32635
-6.73866
-6.80528
-6.58818
-7.18716
-7.79745
-7.41845
-7.9723
-8.14846
-7.84651
-8.14659
-7.8165
-8.41321
-8.54017
-9.20904
-9.81691
-9.73834
-9.57463
-8.51065
-8.45142
-8.39126
-8.16138
-8.64471
-8.76955
-8.76045
-7.83107
-7.89403
-8.02858
-7.36308
-7.38004
-8.39078
-8.03114
-7.68166
-8.26684
-8.61959
-8.53951
-7.97987
-7.5603
-7.36528
-7.3374
-7.8963
-8.25647
-7.61082
-7.71408
-7.3858
-7.4936
-7.69417
-8.22435
-7.73788
-8.16742
-8.05761
-8.52953
-8.92379
-9.63897
-9.4767
-8.8403
-9.18499
-8.05117
-7.35752
-7.34522
-7.58325
-7.98861
-8.45609
-8.79576
-7.71759
-7.81747
-7.40492
-7.55341
-7.71364
-7.87871
-7.89349
-7.82047
-7.41258
-7.4616
-7.87208
-8.29784
-8.59921
-8.70088
-8.25605
-8.2711
-9.10529
-9.36851
-8.45524
-7.56716
-7.81964
-8.3675
-8.59166
-9.41665
-9.50387
-9.38091
-8.62883
-8.86082
-8.10816
-8.84383
-8.62405
-8.33196
-9.16825
-8.3179
-7.81569
-7.51099
-7.17289
-7.53731
-8.14593
-8.25448
-8.26529
-7.9363
-8.20383
-8.10645
-7.71149
-8.12074
-8.60875
-8.28121
-7.52591
-8.39875
-8.98113
-8.12271
-7.39944
-7.61141
-8.43021
-8.91522
-9.24244
-9.60777
-9.53753
-7.86754
-7.66216
-7.2406
-8.3744
-8.28003
-8.45823
-8.9928
-9.1556
-8.58323
-8.1912
-7.04369
-7.12247
-7.08876
-7.46281
-7.64531
-8.10503
-8.50436
-8.70061
-8.06147
-8.28181
-8.56931
-9.7036
-9.51025
-10.1123
-10.7388
-9.95464
-9.37799
-9.20366
-9.08114
-8.62233
-8.36611
-9.02898
-9.50826
-8.7142
-8.83584
-9.09709
-8.69
-9.62229
-9.34968
-8.97312
-10.5277
-11.0754
-10.4121
-10.2833
-10.701
-9.96798
-10.4294
-10.258
-10.3995
-10.4506
-10.3493
-10.3486
-9.34786
-9.59394
-9.78336
-10.1107
-9.40825
-9.22442
-9.873
-10.044
-10.2779
-9.95637
-10.5681
-10.0715
-9.92403
-10.1968
-10.8827
-10.6044
-11.0454
-11.0592
-10.7236
-10.2086
-10.3186
-9.50525
-10.3004
-9.85613
-9.42545
-8.49217
-9.4444
-9.26151
-8.98863
-9.41861
-9.30365
-9.49985
-9.6686
-10.4702
-10.4666
-10.2048
-10.748
-11.6029
-11.9548
-11.9369
-11.0316
-10.2848
-10.2944
-9.92177
-9.59227
-9.32569
-9.0119
-8.65447
-8.68684
-8.71211
-9.30429
-10.0744
-10.2957
-9.7971
-10.1267
-10.2811
-10.7309
-11.2643
-12.0893
-12.9889
-12.8999
-12.9588
-12.2102
-11.5064
-11.1873
-10.2767
-10.4051
-10.1708
-10.8712
-10.8757
-10.5263
-10.2685
-10.0959
-10.0125
-10.0619
-10.1096
-10.8347
-10.9378
-11.098
-10.8093
-11.7188
-12.546
-11.852
-12.7584
-12.2124
-11.3032
-11.6703
-11.3458
-11.3866
-11.3081
-11.9199
-11.9255
-12.5154
-12.5459
-12.253
-11.5687
-10.3441
-10.6904
-12.3239
-11.8392
-11.8033
-11.8095
-12.2535
-12.5711
-12.1941
-12.2907
-12.088
-11.1092
-11.2217
-12.1671
-11.6829
-11.0815
-11.5684
-11.6429
-11.3631
-11.48
-11.6776
-11.9356
-11.3838
-11.5406
-11.9333
-11.9017
-11.8165
-12.096
-13.3465
-12.6526
-12.5788
-12.4011
-12.5469
-11.6165
-11.826
-11.1092
-10.052
-10.3839
-10.9621
-11.1367
-11.276
-11.1276
-11.3352
-11.6885
-10.9015
-11.1904
-12.3503
-12.3945
-13.0658
-12.9726
-13.2927
-13.6108
-13.4645
-12.5483
-13.211
-12.5571
-12.6229
-12.0846
-11.6821
-12.666
-12.9076
-12.5046
-12.6133
-11.6152
-10.8686
-10.8277
-11.5336
-11.7074
-12.3641
-12.8437
-13.2461
-13.2225
-13.6502
-13.6593
-13.8326
-14.0956
-14.2067
-13.5638
-12.9088
-13.7072
-13.2181
-12.2425
-12.7628
-12.7954
-13.301
-12.1437
-12.4173
-12.2255
-11.849
-12.3708
-13.0823
-13.3733
-13.0156
-13.5151
-14.2519
-14.3384
-14.076
-13.9516
-13.6774
-14.3903
-13.2081
-14.1112
-14.5601
-14.5465
-13.9839
-13.6981
-13.7874
-14.0282
-13.353
-13.671
-14.1486
-13.9342
-14.4173
-14.3747
-14.3591
-13.9545
-14.1164
-13.0007
-13.0058
-13.2317
-14.0684
-14.2814
-13.7007
-13.5207
-14.1254
-13.8319
-14.0704
-13.5633
-13.5253
-13.6777
-12.7289
-12.4827
-11.9201
-12.3713
-12.7442
-12.8886
-13.3045
-14.1191
-13.5583
-13.2417
-13.6019
-12.9364
-13.2813
-13.6021
-14.8615
-14.613
-13.6655
-12.7632
-12.7904
-13.0437
-12.6145
-13.0818
-13.882
-14.534
-14.6698
-14.3755
-14.1219
-14.2482
-13.8665
-14.4599
-13.718
-13.8979
-14.614
-14.8088
-15.196
-15.5813
-15.1608
-15.1791
-15.5176
-14.9831
-13.3807
-13.3811
-13.1517
-12.6313
-13.1969
-13.3704
-14.0151
-14.8186
-15.5317
-15.0339
-15.0135
-15.2351
-15.2182
-14.7341
-15.0097
-14.7339
-14.9831
-15.0449
-15.4826
-14.9875
-15.3203
-14.7632
-14.7768
-15.4879
-14.4599
-13.7102
-13.9904
-13.2118
-13.6859
-13.9473
-14.1516
-13.6866
-13.7076
-14.191
-14.4393
-14.7491
-14.6083
-14.4897
-14.9575
-15.4707
-15.5502
-14.9631
-15.2531
-15.2378
-14.7427
-14.6722
-14.9795
-14.7058
-14.6883
-15.3445
-15.0187
-14.8068
-15.2727
-15.6252
-15.1265
-15.3855
-14.717
-14.6445
-14.5121
-15.1297
-15.6722
-16.3843
-16.5905
-15.7317
-14.6785
-15.0449
-14.8627
-15.5377
-15.8398
-15.6832
-15.872
-15.8699
-15.8322
-15.0374
-15.5299
-16.0963
-16.0479
-16.3882
-15.5236
-15.1362
-14.2287
-14.7114
-14.888
-15.1258
-15.4535
-15.5046
-15.3371
-15.4407
-15.4088
-14.956
-15.3818
-15.2727
-15.9118
-15.4774
-15.8436
-15.2287
-14.5561
-14.8141
-14.123
-13.8957
-14.4054
-15.0321
-15.618
-15.2782
-15.4689
-15.7561
-15.2952
-15.425
-15.1142
-15.1903
-14.5683
-14.4488
-14.7108
-14.9082
-15.1926
-14.9014
-15.815
-16.132
-16.0026
-15.8989
-15.4111
-15.227
-15.5716
-16.0665
-16.3264
-16.4031
-16.6832
-16.1567
-15.575
-14.6897
-14.8252
-15.3842
-14.905
-14.3534
-14.6034
-15.6816
-15.6346
-14.523
-12.9891
-13.7145
-13.6127
-13.4832
-14.444
-14.1841
-14.638
-15.6892
-15.3761
-16.0158
-15.9344
-15.1864
-15.8361
-15.5284
-14.1281
-14.2031
-14.045
-14.1972
-14.4861
-14.8681
-14.4466
-14.4012
-14.2005
-14.1297
-14.3347
-13.806
-14.5164
-14.493
-14.7711
-15.5444
-14.8461
-14.621
-14.0716
-14.5054
-14.23
-14.6722
-14.7917
-14.4643
-14.3373
-14.8265
-15.993
-15.5334
-15.2506
-14.3062
-14.8233
-14.4136
-14.5097
-14.5308
-14.8403
-14.5846
-14.9453
-14.5568
-14.1571
-14.1373
-14.2451
-14.5529
-14.4359
-14.3455
-14.3027
-14.0857
-14.5223
-14.7628
-14.8028
-14.7945
-15.243
-15.1788
-14.5966
-14.432
-14.6497
-14.5411
-14.7989
-14.2093
-14.8164
-14.3006
-14.9654
-14.6426
-14.5884
-15.1632
-14.4934
-13.584
-13.9079
-15.1906
-15.3171
-15.267
-15.2845
-15.5122
-15.1048
-14.4602
-14.1969
-14.5983
-15.5681
-15.7071
-15.3639
-15.685
-15.4591
-15.3291
-15.3412
-15.7771
-15.304
-15.3232
-15.5595
-16.29
-16.0419
-15.9849
-16.9842
-16.6848
-15.6425
-14.7903
-14.1967
-15.3487
-15.0085
-15.3696
-15.4149
-15.7901
-15.5099
-15.0755
-15.5852
-15.7551
-15.3724
-15.8901
-15.1669
-15.3582
-15.1476
-14.8182
-15.084
-14.6792
-14.114
-14.4114
-14.4701
-14.4525
-15.0125
-15.1899
-14.8586
-15.3721
-15.8098
-15.5586
-15.8412
-15.7836
-15.3349
-14.8367
-14.9387
-15.3773
-15.1469
-14.4083
-14.5953
-15.518
-16.1322
-15.6825
-16.0873
-15.6382
-15.3089
-14.9814
-15.8425
-16.2434
-15.9654
-15.6308
-14.8119
-14.6474
-14.5884
-14.7671
-14.5075
-14.0879
-14.1042
-14.5993
-14.5552
-14.6302
-14.7383
-14.9369
-14.732
-15.4489
-15.4367
-14.3275
-14.3533
-14.0384
-14.2034
-14.6334
-14.677
-14.8769
-14.5329
-14.4587
-15.0496
-15.2354
-15.0785
-14.9075
-15.1477
-14.9756
-15.1933
-14.6723
-15.4888
-16.1312
-16.6522
-16.1502
-15.4393
-15.2478
-15.2886
-15.3272
-14.9062
-14.5855
-14.8525
-14.6489
-15.2632
-16.0774
-16.0817
-15.8657
-15.5303
-15.5465
-15.6647
-15.9143
-15.3923
-15.4212
-14.877
-14.486
-14.8604
-14.6176
-14.1808
-14.8839
-15.4347
-14.941
-14.9039
-14.854
-14.3132
-14.2215
-14.4632
-14.0889
-14.3741
-14.5788
-14.6807
-15.1558
-14.6313
-14.8506
-15.5435
-15.7105
-16.0013
-15.8132
-16.3635
-16.2483
-14.4987
-15.1774
-15.2169
-15.2748
-15.2219
-15.4358
-14.6408
-14.4894
-15.1554
-15.5279
-15.8172
-15.2821
-14.9833
-14.9111
-15.1042
-15.6467
-15.8351
-15.899
-15.6612
-14.8944
-14.3949
-15.0691
-15.4127
-14.4634
-14.7865
-15.2076
-15.3545
-15.5152
-15.2853
-14.9961
-15.5933
-15.3208
-15.872
-15.2715
-15.2549
-15.6999
-15.498
-15.1754
-15.0105
-15.2168
-15.3714
-14.5556
-14.4655
-14.5777
-15.4954
-14.8489
-14.5358
-14.677
-15.1782
-15.8055
-15.5694
-15.3403
-15.7349
-15.8625
-15.7489
-15.8357
-15.7172
-15.6691
-14.1947
-14.5953
-14.8694
-14.8878
-14.3934
-14.992
-14.8946
-14.5264
-14.7883
-15.1946
-15.5165
-14.8227
-15.0538
-15.3361
-15.6434
-16.1223
-15.9862
-15.3105
-15.3494
-15.439
-15.332
-15.2101
-15.822
-15.866
-16.2046
-16.2259
-16.022
-15.1326
-14.5404
-15.1258
-15.0826
-15.2527
-15.378
-14.5774
-14.6637
-15.0535
-15.5889
-15.5942
-15.7655
-15.719
-14.9096
-15.4913
-15.6742
-15.8911
-15.9766
-15.5759
-15.5326
-15.9907
-15.8614
-16.1053
-16.0133
-15.4746
-15.9244
-15.4328
-16.2548
-16.6383
-16.007
-15.891
-16.3943
-15.6776
-14.6662
-15.6123
-16.7555
-16.6039
-17.2583
-16.797
-16.3504
-16.3951
-16.6467
-16.2695
-16.0407
-16.476
-15.4342
-15.6306
-16.3426
-16.3593
-16.0668
-16.2398
-15.554
-15.7104
-15.1756
-15.2663
-15.9703
-15.8574
-15.6517
-15.3197
-15.6509
-15.2766
-15.2201
-16.3559
-16.3052
-16.5521
-17.6886
-16.9991
-16.7198
-16.9056
-17.1697
-17.4192
-17.2695
-16.725
-16.3439
-16.2245
-16.067
-15.1538
-14.5109
-14.8867
-15.4078
-15.3901
-16.2852
-16.3998
-16.6157
-16.5953
-15.2631
-15.3098
-15.9535
-15.7827
-16.4484
-16.0479
-16.1936
-15.8951
-16.1546
-14.9961
-15.4491
-16.038
-16.5187
-16.0727
-15.5892
-15.7349
-16.7122
-16.5977
-16.6111
-16.9318
-17.4478
-16.1365
-15.7666
-16.0844
-16.2945
-15.9438
-16.1301
-16.1584
-16.7157
-16.5495
-16.6372
-16.5501
-16.323
-16.8486
-17.7395
-17.5944
-17.6084
-17.4802
-17.8458
-17.6535
-17.7953
-17.663
-17.0383
-17.4691
-17.2285
-17.26
-17.1615
-17.6625
-17.6919
-18.1508
-17.9654
-18.096
-18.2675
-17.4463
-17.2002
-17.3516
-17.2204
-17.0286
-17.8341
-17.5062
-16.4817
-17.1136
-17.3557
-17.3717
-17.8048
-16.9649
-16.5358
-16.9827
-17.9326
-17.9661
-18.8147
-18.7796
-18.5808
-18.4386
-17.9615
-17.9624
-17.7882
-16.8416
-16.6907
-17.6037
-17.3354
-16.9914
-16.3697
-16.0917
-15.8431
-16.7681
-16.3775
-16.3506
-16.5896
-16.5685
-17.0417
-17.3556
-18.0562
-17.772
-17.6196
-17.2827
-17.2141
-17.3476
-16.5724
-16.4633
-16.5338
-17.1903
-16.8721
-16.7349
-16.6781
-16.6727
-16.0937
-16.1469
-16.0609
-16.9419
-16.9289
-17.8374
-17.4386
-16.59
-16.8146
-16.9688
-15.9207
-16.5993
-16.0121
-16.4633
-16.5762
-16.6812
-16.7746
-17.0373
-17.1829
-17.2605
-17.478
-17.4172
-16.4638
-16.5257
-15.6443
-17.153
-16.6306
-17.0914
-16.6564
-17.6097
-17.5205
-17.1942
-16.6545
-16.8997
-16.1946
-17.084
-16.1649
-16.2847
-16.5133
-16.4931
-16.8325
-17.2531
-16.8663
-17.7458
-17.4165
-17.3448
-17.617
-18.7637
-17.6497
-17.6038
-17.1346
-17.2618
-16.8691
-17.4686
-16.8219
-17.4002
-16.5268
-16.5929
-16.6764
-17.4031
-17.046
-17.282
-17.1892
-17.3537
-16.145
-16.598
-16.5501
-16.6379
-15.7492
-16.4732
-15.6419
-16.5529
-16.4922
-17.0888
-16.2201
-16.1005
-15.7191
-16.6637
-17.6241
-17.5695
-17.185
-17.2222
-17.0241
-16.9659
-17.5059
-17.7917
-16.6595
-16.6239
-16.5882
-16.9578
-17.1417
-17.8002
-17.2595
-16.95
-17.867
-17.6315
-18.4048
-17.9282
-17.3855
-16.2113
-15.9013
-15.8473
-15.4736
-15.5934
-15.8749
-15.7579
-15.5475
-16.0058
-15.1277
-16.535
-16.4025
-16.1962
-16.6263
-16.6792
-16.4186
-16.1836
-15.8749
-16.1772
-15.6505
-15.4932
-15.7506
-15.3399
-15.5855
-15.9165
-15.8889
-16.2781
-15.7106
-15.3581
-14.5436
-15.001
-15.2323
-16.8397
-15.3407
-15.3684
-14.9143
-14.9163
-14.9776
-15.459
-14.5182
-15.0816
-15.4396
-16.1291
-15.672
-16.2437
-16.3282
-16.5961
-16.097
-16.2831
-15.8209
-15.8009
-16.9094
-17.1784
-17.2212
-17.6248
-17.7021
-17.7249
-18.3717
-18.8209
-18.4638
-18.3361
-17.6296
-17.742
-17.2139
-17.9794
-17.6021
-17.0833
-17.4943
-17.898
-17.5133
-17.9213
-17.9979
-18.824
-19.2216
-18.737
-18.4653
-18.7594
-17.6123
-18.0263
-17.9605
-18.285
-18.2439
-18.2359
-17.3435
-17.7851
-17.5279
-18.6778
-19.4244
-19.2864
-19.8677
-19.2647
-18.5399
-18.9905
-18.8308
-18.9422
-18.6377
-18.6057
-18.0451
-18.4713
-19.1875
-19.1409
-19.7804
-19.6455
-20.3063
-19.3456
-19.2537
-18.7407
-18.7214
-19.245
-19.0207
-18.6705
-18.8486
-18.5157
-17.6774
-17.4841
-17.3649
-17.2318
-17.3376
-17.6144
-17.8032
-17.9047
-18.3981
-18.0581
-18.4337
-17.931
-17.3516
-16.9421
-17.3321
-17.0979
-17.1138
-17.6695
-17.55
-17.2818
-17.6245
-17.3973
-17.2022
-17.7394
-17.5927
-17.781
-16.5328
-16.9496
-17.3859
-16.9945
-17.1362
-17.5028
-17.3092
-17.5982
-17.788
-18.0021
-17.6824
-17.6059
-17.799
-17.8708
-17.7683
-17.7677
-19.2516
-18.4177
-18.364
-17.6998
-17.2308
-17.9196
-18.058
-16.9953
-17.7023
-18.0788
-18.1363
-18.0587
-17.734
-17.8185
-17.9795
-17.7571
-17.8766
-18.3133
-18.3401
-18.8404
-19.6188
-18.8287
-18.226
-18.832
-18.3147
-18.0208
-19.409
-19.242
-19.141
-19.5399
-19.3034
-19.263
-19.0099
-18.7722
-18.3818
-18.0868
-17.7821
-17.6995
-18.3261
-18.7626
-19.0451
-18.3575
-18.7634
-18.3531
-18.1293
-18.2823
-17.5565
-16.6314
-17.3516
-17.0674
-17.2312
-17.5221
-17.456
-16.7348
-16.8318
-17.7618
-18.0374
-17.5187
-17.8742
-17.7331
-17.2056
-17.5883
-16.5209
-16.9458
-16.9149
-16.3055
-16.8384
-17.5627
-16.6455
-16.1823
-16.4689
-15.8212
-16.7518
-16.9771
-16.9173
-16.6239
-16.4991
-15.3258
-16.9401
-16.7118
-17.3954
-17.6769
-16.861
-17.0427
-17.2622
-16.8083
-16.7709
-16.2283
-16.5971
-16.8877
-17.3859
-16.7039
-17.3458
-18.3359
-18.0786
-18.7219
-18.2389
-17.4234
-18.0772
-17.6322
-17.8447
-16.9889
-16.9691
-17.288
-17.7043
-17.7834
-17.8382
-17.9913
-18.4878
-18.0548
-18.7003
-19.1022
-19.015
-19.6077
-19.3764
-18.5913
-19.1119
-19.5233
-19.6692
-18.9131
-18.8998
-18.0146
-18.2708
-18.6146
-19.0654
-18.7013
-19.0583
-18.5633
-18.1541
-18.5099
-18.066
-18.0997
-18.0285
-17.8127
-18.0398
-18.3747
-18.5244
-17.98
-18.087
-18.1736
-18.8021
-17.8618
-17.8489
-18.3688
-18.4165
-18.5122
-18.1143
-17.9618
-18.4741
-18.2239
-18.6215
-18.2706
-18.4354
-18.7826
-18.2068
-18.3428
-19.0004
-19.4937
-19.4553
-18.0841
-17.3649
-17.5791
-18.1532
-17.4803
-17.2655
-17.8547
-17.3352
-17.1381
-17.1646
-17.2072
-17.8181
-17.0696
-17.478
-17.2238
-17.9633
-17.2398
-18.3327
-18.9086
-18.4771
-18.8998
-19.6455
-19.6271
-19.6945
-19.5924
-19.2934
-18.0675
-18.0745
-18.2835
-18.3756
-18.2566
-18.8417
-18.9085
-19.2654
-17.4323
-18.866
-18.7345
-19.4262
-19.4499
-18.4485
-18.5679
-18.9744
-18.4691
-18.8796
-19.5352
-19.4013
-18.9975
-19.0958
-18.8037
-19.0968
-19.2152
-19.634
-19.8299
-20.2095
-20.5359
-20.6945
-19.9981
-19.8185
-19.2012
-19.863
-19.6053
-18.7783
-18.4444
-18.8656
-19.4978
-19.2566
-19.4641
-20.0442
-19.0944
-18.9621
-19.22
-19.7402
-20.0502
-19.9161
-20.1404
-20.3025
-20.2063
-20.3721
-19.857
-19.6094
-18.9069
-19.0105
-19.369
-19.0381
-19.2199
-19.3361
-19.1554
-19.2881
-19.3023
-18.9617
-19.027
-19.5238
-19.4974
-19.5252
-20.4176
-20.6794
-20.6885
-20.3876
-20.0285
-20.8158
-20.5161
-20.3431
-20.6671
-19.8696
-19.8755
-20.4122
-20.0487
-20.2154
-20.0216
-20.2193
-19.7211
-18.8124
-18.7342
-19.2401
-19.6401
-19.7823
-20.4568
-20.0371
-19.9499
-19.7807
-19.8843
-18.6614
-18.9493
-19.2935
-19.48
-19.0598
-19.0088
-19.0654
-19.7135
-19.4739
-19.2301
-19.6605
-19.9768
-20.2386
-19.5628
-19.5028
-19.5603
-19.7775
-20.0681
-20.1919
-19.6734
-19.3733
-18.649
-18.8722
-19.6141
-19.3865
-19.4527
-19.0685
-18.7174
-19.6258
-20.0977
-19.9369
-19.2611
-19.6303
-19.4304
-19.8087
-19.8597
-19.9807
-20.4312
-20.682
-20.3742
-19.7348
-19.6693
-19.0532
-19.4799
-19.388
-19.7508
-19.9915
-19.7249
-19.3675
-19.4995
-19.9042
-19.9352
-20.1948
-20.2749
-19.828
-20.1037
-19.9517
-20.2991
-19.7079
-19.9451
-20.7245
-20.5431
-20.6905
-20.6944
-19.8388
-20.1886
-19.1084
-19.2562
-19.3465
-19.3494
-19.5349
-18.9477
-18.9928
-18.7073
-18.387
-18.6491
-19.7906
-20.0017
-20.3306
-20.001
-20.191
-20.391
-20.8221
-19.818
-19.774
-19.2522
-18.798
-19.3841
-19.4112
-19.511
-19.48
-19.6699
-19.6231
-20.5882
-19.4818
-19.1018
-18.3086
-18.3794
-18.4835
-18.1451
-18.2312
-18.2084
-18.5179
-19.1322
-18.855
-19.0162
-18.8885
-18.3583
-18.0912
-18.3588
-17.9771
-18.3525
-18.8067
-18.7165
-18.7537
-18.7509
-19.386
-19.5812
-19.1065
-18.6629
-18.6732
-18.1044
-18.4519
-18.504
-18.7386
-18.9926
-18.8989
-18.3144
-17.9665
-18.5044
-19.0911
-18.7952
-19.123
-19.6156
-19.5307
-19.5694
-19.8706
-19.9335
-18.6519
-18.6872
-19.4204
-18.4563
-19.2183
-18.3327
-18.4577
-19.1475
-18.9455
-19.1474
-19.5029
-19.9982
-19.3015
-19.1593
-19.6542
-20.0681
-19.7833
-20.1281
-20.2257
-20.1016
-20.1536
-19.3909
-19.1145
-19.6246
-19.6811
-19.8995
-20.6544
-20.96
-20.9704
-20.8378
-21.1805
-20.253
-19.9416
-19.1742
-18.7424
-18.8384
-18.9478
-18.8695
-18.5172
-19.103
-19.8279
-19.4519
-18.8118
-18.6503
-18.5528
-18.524
-18.6935
-18.5196
-18.7037
-18.968
-19.1608
-18.9422
-18.9249
-18.7839
-18.9662
-18.7166
-18.5291
-18.6525
-18.9192
-18.6188
-19.0975
-19.0755
-19.3369
-19.1447
-18.8914
-18.4293
-18.2462
-18.3734
-18.4843
-18.7279
-18.1973
-17.8494
-17.77
-17.5959
-18.4316
-18.3254
-18.1889
-17.8991
-17.1943
-17.1986
-17.6977
-18.009
-18.0963
-18.332
-18.5615
-18.3581
-18.1922
-17.555
-17.9176
-17.9898
-18.2394
-18.7653
-18.3966
-18.4716
-17.1093
-16.9108
-16.7575
-17.2738
-17.852
-18.4103
-18.2733
-17.8334
-18.212
-18.9126
-19.1235
-18.7018
-18.7496
-18.6772
-18.9748
-18.3849
-18.3856
-18.5872
-19.3228
-19.4902
-19.7073
-20.4413
-20.8661
-20.661
-20.411
-20.3149
-19.7895
-19.3438
-19.7433
-19.8899
-19.5431
-20.2341
-19.3742
-19.4735
-19.6777
-19.8187
-18.8177
-19.0181
-20.0444
-20.482
-20.1128
-20.0605
-20.4378
-20.4205
-20.7016
-21.5244
-21.4423
-20.6087
-19.7469
-20.2969
-20.9883
-20.3508
-20.4021
-20.7566
-21.2755
-20.8672
-20.9481
-22.2325
-22.2267
-21.7871
-21.7682
-22.4773
-22.2745
-21.9349
-21.7371
-21.1541
-20.723
-21.0914
-21.0195
-19.8568
-20.1627
-20.354
-20.3912
-20.9351
-20.5222
-20.6432
-20.5442
-20.9108
-20.9634
-20.5135
-20.2931
-20.1219
-20.1222
-19.6691
-19.366
-19.5575
-20.0954
-19.5528
-19.0275
-19.3305
-18.5631
-17.2257
-17.3958
-17.659
-17.4902
-16.8707
-17.6633
-17.3476
-16.9402
-17.0005
-16.8718
-17.3281
-17.9995
-17.8925
-17.2855
-16.7436
-16.8776
-16.842
-16.0324
-15.6538
-15.1324
-15.0911
-14.7346
-14.1654
-14.5108
-13.571
-13.3739
-13.1056
-13.6882
-13.1758
-13.3244
-13.2892
-13.251
-13.6493
-13.2076
-13.0962
-13.3314
-13.4034
-12.9351
-12.8979
-13.3949
-13.3867
-13.6073
-13.5835
-13.8432
-13.9796
-13.9529
-14.4158
-15.0985
-14.9512
-14.5036
-14.3297
-14.0292
-14.6746
-14.3653
-14.0204
-13.9712
-14.5692
-14.5988
-14.5704
-14.9212
-14.8689
-14.3707
-13.1161
-13.0484
-12.4489
-12.1766
-12.4907
-12.6602
-12.593
-12.0961
-11.8563
-11.5116
-10.5569
-10.4769
-10.2925
-9.27581
-9.35151
-8.73645
-8.00355
-7.19118
-7.29517
-6.02387
-5.04599
-4.53668
-4.02818
-3.91665
-4.18211
-2.96199
-3.24507
-3.49464
-2.65325
-1.95368
-2.12847
-1.65961
-1.57077
-0.727532
-0.152685
-0.141082
-0.322821
-0.787052
-0.720062
-0.162888
0.393546
0.533697
0.320526
0.801379
1.72462
2.69758
1.70318
0.533187
0.812995
0.669249
1.43604
2.41983
2.08296
2.47974
1.81819
1.81169
1.0707
1.76285
1.50969
1.17808
0.714154
0.676249
1.33628
1.15988
1.16426
1.70283
2.45707
1.46393
1.07957
1.08125
0.117573
0.11307
0.368668
0.487118
0.289906
0.541104
1.15667
1.86894
1.38643
1.31688
1.04415
1.12098
0.966515
1.05716
1.32162
1.02084
0.712569
0.933257
0.838481
1.50278
1.56542
1.05766
1.00752
0.79493
1.25471
1.34231
0.732384
0.677462
0.662532
1.07232
0.760066
0.706795
1.19555
0.829625
0.771209
1.29921
0.894407
1.40085
2.00472
2.33684
0.852985
0.251174
-0.0478393
-0.711797
-0.497736
0.579224
1.11304
1.34868
1.12981
0.93176
1.1582
0.987971
1.1646
0.570037
0.40537
0.963671
1.02997
1.38039
0.797823
0.728958
0.342811
0.395804
0.575818
0.595531
1.67518
1.93856
1.54027
0.911633
1.05717
0.929696
0.576662
1.48307
1.44822
0.773082
0.613618
0.620126
0.440614
0.265536
0.552465
1.08264
0.96384
0.609369
1.44028
1.59182
1.09552
0.483455
-0.120269
0.488531
0.725681
0.95362
0.777146
0.813288
2.0168
1.09724
0.987348
1.20812
1.2654
1.01417
0.832267
0.963065
1.55698
1.05281
1.28808
1.83793
1.38218
1.43529
1.82737
1.55015
1.57596
1.44079
0.721063
1.48131
1.00985
0.477294
0.51145
1.18125
1.53898
1.32657
0.931534
0.833698
0.509138
0.144236
1.37688
1.36572
1.34078
1.19782
1.83971
1.31622
1.09711
0.918579
0.522752
0.571866
-0.326455
-0.149903
-0.32576
0.343184
0.387053
0.412688
0.110783
0.312247
0.246506
0.249431
0.174393
0.449064
0.925007
0.854649
1.00813
1.293
1.23773
1.50965
0.617774
0.662745
0.346733
0.628897
0.729932
0.968485
1.33343
1.40526
0.797429
1.60051
1.423
1.47462
1.09376
0.478515
0.940334
0.668901
1.1723
1.13291
0.65263
1.30144
0.550316
0.68818
1.08888
1.28672
1.97938
1.47441
1.23561
0.776432
1.34779
0.116029
0.599066
0.90946
0.520625
1.30958
0.609474
1.24677
1.46114
0.664437
1.22452
1.08512
0.333777
1.27389
1.23661
1.41045
1.49713
0.894178
2.06583
2.44402
1.9543
2.01041
2.2514
1.51097
0.665269
0.453626
-0.269608
-0.598588
-1.08077
-0.936145
0.280945
1.17276
1.64053
1.17526
0.887115
1.17838
0.25038
0.291727
-0.0836661
0.146259
0.575963
0.439927
1.64819
0.679511
1.13767
1.6898
2.55701
2.51065
1.49748
1.38776
1.51547
1.6742
1.16947
0.469956
1.2099
1.35937
1.58993
0.495246
0.529371
0.662234
1.65451
1.41315
1.37501
0.937524
1.27605
0.703057
0.760438
0.772074
0.379292
0.853526
0.901958
1.40819
1.2859
1.53116
1.78895
1.79913
1.60051
0.832923
1.0815
1.20287
0.753511
0.271967
0.556827
1.16695
0.994691
0.489919
0.597134
0.595599
1.01003
1.06727
0.388965
0.608312
0.552032
1.41913
1.57955
1.22813
1.0665
0.848908
0.70389
1.69417
2.16029
2.33417
1.50641
1.88184
1.92291
1.34514
1.38426
1.56584
0.729338
1.20841
0.402344
0.524317
0.494512
0.901192
1.31383
1.91181
2.11942
1.96496
1.28121
1.06472
1.18308
0.763774
0.544969
0.607206
0.119617
0.0920062
-0.0364163
0.0266358
0.857223
1.33116
2.11022
2.40698
2.53089
1.87545
1.55904
1.78549
1.40281
1.97796
1.43722
1.58138
1.46789
1.059
0.432572
0.624977
0.705645
0.690811
0.636372
0.134076
0.132485
0.378461
0.792946
1.07314
1.00024
1.10828
1.52512
2.13143
1.44929
1.10558
1.25167
0.871767
1.68096
1.42519
1.29802
1.14051
1.0348
0.909517
1.55814
1.74837
1.85855
2.13568
1.11971
1.37862
1.19887
0.544163
0.144585
0.244524
1.05312
0.868327
0.881488
0.929058
0.903984
1.72989
1.82882
2.00623
1.48664
1.16479
0.885453
0.761087
0.217031
0.871766
1.04713
0.44475
0.737735
1.601
1.69587
1.2853
0.916689
1.11035
1.44952
1.30614
1.84409
1.54566
1.68397
1.3921
2.29506
1.67948
1.61963
0.908477
0.365034
0.806585
0.726536
1.01746
0.818873
0.850987
0.880088
1.16533
1.13102
0.750723
1.03812
1.0002
1.63582
1.59362
2.16823
2.17587
1.85891
1.96178
2.34665
2.25159
1.93867
1.93732
1.33013
0.920346
1.14841
0.59872
1.21526
1.48946
1.67117
1.25877
0.939707
1.12392
0.270762
0.729693
0.306592
0.569018
0.533685
0.282655
1.53007
1.6462
1.53377
0.906487
1.03821
0.826243
1.34547
1.2142
0.72426
1.558
1.17436
1.24179
1.54531
1.55201
1.5536
1.31351
1.15672
0.647809
0.438288
0.812277
1.27342
1.11427
2.08697
2.01367
1.31457
0.673934
0.946017
0.49382
0.908435
0.934056
1.36139
1.33898
1.59148
1.53716
1.34234
2.50586
2.35684
1.68667
0.795656
-0.159202
0.198186
1.05587
0.5072
0.789777
1.09456
1.71895
1.49639
1.30005
0.919987
0.26792
0.544537
0.467033
0.7401
0.553946
1.34503
1.68011
1.77787
1.67296
1.8151
2.30048
1.58569
0.321613
1.269
-0.0648443
0.222847
0.360009
0.448518
1.08521
0.613358
0.766524
1.45428
1.47596
0.627544
1.43705
1.69671
1.68077
1.37815
1.85691
2.20051
1.62632
1.88301
1.78323
1.55891
1.60998
1.27269
1.35897
2.28936
2.20512
2.08112
2.34938
1.71133
0.829778
0.685023
0.749332
1.90118
1.58097
1.98016
1.27565
1.20659
1.21032
1.07804
1.19764
1.7629
1.59921
0.8042
1.64121
1.61313
1.05867
0.973705
1.86742
1.42871
1.24833
0.806693
1.15322
0.946235
0.603196
-0.378891
0.836882
0.841309
1.42674
1.39921
0.859507
0.863948
0.675862
0.641887
0.82276
0.818151
0.951166
1.46596
1.81279
1.39308
1.46854
0.460642
0.551362
0.392025
0.886909
1.28068
1.00845
0.824161
0.696427
1.62646
1.64467
1.61116
1.40695
1.3366
1.0462
0.568526
1.08919
1.40648
1.98477
1.96932
2.47858
1.73175
0.776627
0.72234
1.02483
0.403412
-0.0362022
0.832333
0.467176
0.752261
1.68585
1.56663
1.5847
1.27696
0.90783
1.48788
1.20126
1.08643
0.911319
0.657496
0.99961
1.03979
1.0544
1.69732
1.37238
1.63312
1.83408
1.22574
1.48194
1.91892
1.2532
1.73435
1.57242
0.536665
0.0388501
-0.625883
0.275716
1.4128
1.18832
1.49341
1.35973
2.1224
2.17947
1.66337
0.780455
0.537326
-0.376126
-1.66553
-1.86891
-3.09392
-3.42058
-4.26508
-4.81099
-6.04471
-8.74507
-9.31767
-10.477
-10.9627
-12.0677
-13.2768
-14.5436
-16.3252
-17.8761
-19.519
-22.0842
-24.4925
-25.1857
-26.6173
-27.6317
-28.5287
-29.5097
-30.3495
-30.861
-32.1037
-33.3791
-32.9176
-33.7393
-33.7766
-35.3388
-35.6544
-36.4829
-36.5674
-37.1119
-36.6106
-37.2317
-37.1195
-37.346
-36.5809
-36.7792
-37.0414
-37.1085
-37.4445
-37.5472
-36.5302
-35.1099
-34.0217
-33.6362
-33.0226
-32.3457
-31.9787
-31.5279
-30.5513
-30.435
-30.4968
-29.8413
-29.0552
-28.6884
-27.3734
-27.3438
-26.0408
-25.3156
-24.5279
-23.7358
-23.4925
-22.4598
-21.3935
-20.2817
-18.8549
-17.4612
-15.6948
-13.5442
-12.7276
-11.9131
-11.7561
-10.8568
-9.15476
-7.99381
-6.99704
-5.53546
-4.9373
-5.40976
-5.59797
-5.90321
-6.08641
-5.9433
-5.9032
-5.75822
-5.71328
-5.63577
-5.91025
-6.28572
-7.34376
-7.88433
-10.1428
-11.9679
-12.8687
-14.4745
-15.6802
-15.9638
-16.726
-16.9054
-16.6272
-17.3162
-17.6191
-18.6572
-20.2384
-21.7105
-22.8796
-23.4568
-24.401
-24.8963
-25.5686
-25.6077
-26.3707
-27.8636
-28.4128
-29.4912
-29.5039
-29.4977
-29.8361
-28.5502
-27.7183
-27.6436
-27.2032
-26.9608
-27.5028
-27.6831
-28.0741
-27.5269
-26.8287
-26.0546
-26.674
-26.2455
-26.1942
-26.3075
-25.4668
-24.5897
-24.1502
-23.8932
-22.7929
-21.9767
-20.932
-20.2566
-20.5622
-20.2611
-19.9064
-19.2276
-18.8644
-18.5976
-17.5036
-16.4982
-15.8174
-16.2323
-15.9012
-15.324
-15.6378
-15.7319
-15.4469
-15.4378
-15.4275
-15.2703
-15.9939
-15.9178
-15.4133
-16.0492
-16.5658
-17.2506
-17.1078
-17.3288
-18.3834
-19.2023
-19.5665
-20.7526
-21.2402
-22.0976
-22.4181
-23.1734
-23.6828
-23.9552
-24.491
-25.1594
-26.4826
-26.0184
-26.5749
-26.5464
-27.3723
-27.462
-28.1366
-28.2966
-28.2967
-28.7231
-29.5809
-30.3347
-30.3556
-30.9282
-31.1493
-31.375
-30.6764
-31.9751
-32.7301
-32.5996
-32.7347
-32.6712
-32.7028
-33.6005
-32.7477
-32.398
-32.4338
-32.4455
-32.8282
-33.1837
-33.1466
-32.7473
-33.2057
-32.362
-31.6358
-30.7645
-30.8271
-28.948
-29.3304
-29.6095
-30.0695
-30.2153
-30.1725
-29.9069
-29.0142
-28.1692
-28.3781
-28.2831
-28.5292
-28.1821
-28.2138
-28.2231
-28.1782
-27.6331
-26.9688
-26.9253
-26.9216
-26.65
-26.3679
-26.745
-27.2549
-27.0131
-26.7852
-27.3923
-27.0511
-26.5446
-27.6123
-27.8157
-27.5815
-27.1828
-27.9749
-28.2692
-27.9422
-28.6416
-28.7928
-29.1199
-28.8655
-29.1064
-29.4286
-29.06
-29.4876
-30.9445
-32.0135
-32.4122
-32.724
-32.7968
-31.9515
-31.9883
-31.4687
-31.9337
-31.3962
-30.7435
-30.6979
-31.8889
-32.2304
-32.8428
-33.2005
-34.3802
-34.3212
-34.2442
-34.2155
-33.6955
-34.1008
-34.2712
-34.0059
-34.3085
-34.0356
-33.6502
-33.8632
-33.2168
-32.8799
-32.6179
-32.0269
-33.034
-33.3554
-33.7421
-34.0432
-33.785
-33.6929
-33.4237
-32.8751
-33.2945
-33.5045
-32.9067
-32.7813
-33.1085
-33.4071
-33.3552
-32.9123
-32.843
-31.7807
-31.1677
-31.8604
-31.7312
-30.7809
-30.0015
-29.2634
-29.6952
-29.7888
-29.6689
-29.9247
-30.299
-29.9814
-29.7145
-29.5337
-29.6381
-28.7028
-29.2921
-28.7933
-29.1611
-29.1587
-29.3518
-29.8201
-28.9165
-29.2558
-29.4986
-29.5986
-30.027
-30.2661
-30.4962
-30.2049
-30.6376
-29.9698
-30.3277
-29.883
-30.2865
-30.5466
-30.4321
-30.8556
-30.5196
-30.8384
-31.1024
-31.2798
-31.545
-31.6261
-31.4324
-33.3298
-33.2687
-33.325
-33.5339
-34.6305
-34.8463
-34.0826
-34.3336
-35.1195
-34.867
-34.563
-33.8282
-33.9116
-33.9663
-34.1211
-35.0298
-34.9622
-34.4536
-33.9415
-34.1938
-32.6583
-32.7718
-33.8867
-34.0266
-34.2469
-34.2512
-34.2093
-34.5016
-35.0123
-36.1352
-35.7765
-35.3092
-35.7313
-35.6616
-35.8578
-35.7056
-36.322
-37.9301
-38.0995
-39.5277
-39.4927
-40.021
-41.102
-41.2832
-42.2085
-42.1421
-41.9671
-42.9078
-42.7021
-42.8415
-42.9321
-44.5395
-44.9309
-44.6267
-45.5638
-46.0456
-46.499
-46.7616
-46.6301
-46.7303
-47.0185
-47.8903
-49.2947
-48.9527
-48.8316
-49.4705
-49.6561
-49.9611
-50.7856
-50.8327
-51.0605
-51.0653
-51.3495
-50.5238
-50.3803
-49.7706
-49.6495
-49.8665
-50.6265
-50.8827
-51.5457
-51.8801
-52.2737
-51.4459
-51.118
-50.8571
-51.7612
-51.3244
-51.5817
-52.2714
-52.6012
-51.0134
-51.3301
-52.1353
-51.891
-51.1395
-50.624
-49.7439
-50.1735
-49.9145
-50.4445
-50.2628
-50.4541
-50.2847
-50.0901
-50.384
-51.0255
-51.6061
-51.4969
-51.7806
-52.6787
-52.9443
-53.6829
-53.6589
-53.77
-52.5499
-51.9108
-51.224
-50.2321
-49.2396
-49.3308
-49.1117
-49.5061
-49.6769
-50.0849
-50.9416
-51.4428
-51.5935
-51.0418
-50.5419
-49.8927
-49.3699
-49.5849
-49.1985
-48.5514
-47.7441
-47.4715
-47.1362
-47.4673
-48.0455
-47.8853
-48.5336
-48.7065
-48.9805
-49.7152
-49.4138
-48.9754
-48.8848
-47.9336
-46.3798
-45.8858
-46.2147
-45.8285
-44.6047
-45.7363
-46.7337
-47.0667
-46.3036
-45.4791
-44.219
-42.0265
-41.2125
-40.7798
-39.8383
-39.9885
-40.2321
-39.3561
-38.9457
-37.646
-37.356
-36.3885
-35.7728
-35.2853
-33.989
-32.9135
-32.6761
-32.757
-31.5649
-30.4707
-30.0121
-29.6692
-29.1664
-28.6335
-28.3085
-27.9323
-27.3425
-26.6285
-25.6574
-24.4862
-22.583
-20.8475
-18.5773
-16.9304
-15.1297
-14.4051
-13.3702
-13.4516
-12.4612
-12.2355
-12.2146
-10.9334
-9.92352
-8.7157
-8.59926
-8.02633
-5.62762
-5.57451
-4.86933
-4.30798
-3.76909
-2.60103
-1.57901
-0.215851
0.0219944
0.638003
1.23121
1.56715
1.98372
2.6565
3.24643
4.23175
5.8005
7.66846
10.2454
11.5881
13.4631
13.7954
13.7163
13.0705
13.5315
14.4602
15.6394
15.9676
16.3984
15.8966
16.7676
17.6637
18.2889
18.8699
19.7663
20.9971
21.5901
22.0847
22.651
24.566
25.3906
26.6127
27.4405
28.6516
29.9279
31.0935
32.5041
33.0888
33.41
33.5805
34.8154
34.7412
35.7182
36.6273
37.9223
39.0414
39.4713
40.5524
41.8122
42.3981
44.2379
45.7366
47.3147
48.8226
50.0313
49.9162
50.0331
50.9766
51.422
51.6974
52.8662
54.6547
55.7904
56.5424
56.3992
57.6098
58.9565
59.6873
60.83
61.6594
62.3139
65.1064
67.3997
69.503
70.4594
72.1342
73.325
74.8374
75.5127
76.4786
77.9005
78.629
80.4832
81.5542
83.608
85.7365
86.4057
87.8113
88.5243
88.8346
89.4805
90.7199
90.9728
91.797
92.0191
93.2811
93.7833
94.7537
95.1679
94.1524
94.1323
93.8256
93.1344
93.0453
93.1626
93.6135
93.5848
92.9924
93.1115
93.3087
92.1712
90.7423
88.9781
88.4338
87.5528
87.4836
85.6765
84.6334
83.7707
82.3009
80.7353
80.2647
79.4797
78.5672
77.228
76.4772
75.696
73.7686
73.1493
72.3395
72.291
72.2786
72.1763
72.2858
72.3381
72.7842
73.1421
72.5193
72.8219
74.337
74.8793
75.8188
75.5538
75.9389
76.1964
76.3249
76.9851
77.8444
78.8419
80.2041
81.4677
82.5491
82.8551
83.8827
83.8779
83.796
83.8959
84.3536
84.7866
84.7141
84.1543
84.1719
83.7685
84.446
84.6662
85.3804
85.5602
85.4365
85.6973
85.8171
85.3765
84.2573
83.3167
82.7968
81.3372
80.0713
79.7033
79.6319
79.2785
78.3567
77.6417
77.427
75.9674
76.3026
75.4491
74.1048
73.1189
73.3592
73.0058
72.4911
72.4082
72.8793
72.4047
72.0598
70.5017
70.8724
70.83
70.9263
71.8387
72.3947
73.228
73.9456
75.1871
76.3597
76.7851
77.8974
78.8988
79.3504
79.9606
79.9158
81.0713
81.3467
81.8377
81.3994
81.2484
81.8673
82.3053
82.9297
82.7186
82.1605
82.0313
81.8144
80.6382
80.301
80.6835
80.988
81.0861
81.4483
81.6095
82.045
81.2142
79.4455
79.2408
79.4631
78.9735
79.5652
79.6836
79.6247
79.2311
78.8499
78.1576
77.2102
76.0947
76.3495
76.9336
77.372
77.4338
76.5241
75.6689
75.096
74.2886
74.4273
75.4852
75.528
75.74
75.3458
75.3762
74.8734
74.7631
75.343
76.3122
76.2544
76.874
78.5065
79.819
80.5645
80.7653
80.6648
79.5249
81.0972
82.149
82.2643
82.0505
82.6577
84.0212
84.2407
85.4282
85.8547
85.497
85.9927
85.7091
85.8076
85.7449
85.418
85.7354
87.5356
87.4557
86.1797
86.7169
86.2878
85.5479
85.5166
85.5406
84.9659
84.5346
84.008
84.9087
84.8134
83.5202
83.1697
83.4448
82.8634
81.6428
81.5578
81.394
81.176
81.6977
82.1319
82.2778
82.8195
81.7391
80.9594
80.4517
80.0316
79.3019
78.8249
78.1917
78.2651
79.3556
79.9424
81.0389
81.2415
81.451
81.8527
81.508
81.4782
81.2344
80.823
81.5045
82.153
82.6643
83.1535
83.9616
85.2932
84.1454
83.762
83.1074
83.1145
82.6266
82.9627
82.7407
82.129
82.4562
82.5817
82.1441
82.3264
82.002
81.1983
80.4549
80.4413
79.6036
78.9713
78.9066
79.7918
80.4033
79.4046
79.82
79.2256
79.865
78.6864
79.0588
78.4091
77.4933
77.333
77.1338
77.0087
76.9518
76.8999
76.8119
77.512
78.0162
78.6116
78.6529
79.3328
78.9319
79.1172
79.5541
79.6721
80.3829
80.0125
80.1859
80.7337
80.247
81.3371
81.8402
81.9842
82.6116
82.8603
83.1998
82.6092
83.3284
82.3505
82.004
82.3985
82.6786
83.2785
82.8551
83.6108
84.1884
84.1006
84.0193
84.2925
83.9841
82.9224
83.3266
83.2515
83.6628
83.9329
82.3906
82.2191
81.0043
81.2087
81.3155
80.8688
81.3093
81.9734
83.1752
83.843
84.3609
84.1295
83.084
82.7678
82.7664
82.2254
81.7269
82.0572
82.4453
82.4938
82.2188
81.4758
81.1389
80.7881
80.6027
80.4037
80.717
81.3318
82.2539
82.503
81.9757
82.2671
82.9942
82.976
83.0625
82.8034
82.218
81.5104
81.9463
82.4203
82.1907
82.6912
82.4953
82.321
82.093
82.1215
81.8045
81.725
81.8626
81.2753
80.1997
79.8102
79.4751
79.4537
79.8477
80.1791
80.2902
80.294
79.8599
79.2777
80.5698
80.7108
80.7556
81.1112
81.223
81.0292
80.769
81.2345
80.6346
80.5538
81.7518
80.7459
80.2558
78.8146
78.7216
79.8094
80.2076
79.635
79.651
80.5364
81.7578
82.143
81.564
80.9025
81.2747
80.2964
79.7143
79.8013
79.358
79.3736
79.8697
79.3821
79.3452
79.0542
78.7172
78.5835
79.1364
79.2354
79.8402
79.6503
80.0502
81.1075
81.9348
83.0176
84.3597
85.7925
85.7281
86.2712
86.3624
86.2683
85.3294
84.6796
84.468
84.7498
84.923
85.7121
85.4783
84.7953
84.675
83.9584
83.5545
82.93
82.7381
82.7809
81.7592
81.9903
82.0656
83.8607
84.2584
83.9559
84.3976
84.9291
84.9475
84.1498
83.8097
84.4549
85.5396
85.1428
85.3791
85.165
85.5577
85.6491
84.8186
85.5919
85.6896
85.3855
86.8126
87.1756
86.6144
86.8993
87.3735
87.0738
86.7688
86.7978
86.6359
87.8095
88.277
87.8848
87.5955
88.3319
87.463
87.0708
87.2902
87.2136
87.5758
87.9405
88.4309
89.1647
89.0608
89.3918
89.3125
89.9513
89.3555
89.7758
89.5843
89.0593
88.8569
88.7974
89.0621
89.2943
87.916
88.0692
88.5541
87.9361
87.4096
86.2979
85.0166
84.627
84.3786
83.4041
82.9188
82.9885
83.377
83.5208
82.6642
82.3098
82.6456
82.6118
82.3613
82.6592
83.366
82.8779
82.1123
82.1004
82.3774
82.4421
81.8024
81.2968
81.1196
81.29
81.0114
80.7667
80.3739
79.7381
79.7308
79.4494
79.1074
79.3553
79.611
77.916
79.2412
79.8769
80.1208
80.4014
79.7463
78.7183
78.474
79.0902
78.9385
78.3684
78.8278
79.898
80.1098
80.6942
82.2124
80.6137
80.3675
79.4029
79.7278
81.0183
80.9085
80.7757
81.4183
81.4233
80.8762
80.6922
80.4233
80.4513
79.658
78.9572
78.6982
77.6368
79.2447
80.2884
78.6736
78.9151
79.1862
79.7511
81.0756
81.7356
82.0622
81.7382
81.7559
81.9371
81.5486
80.6734
80.6919
81.8928
81.7955
81.8655
81.3585
81.5189
81.4487
81.9621
83.0925
83.1536
84.9501
85.0224
84.528
84.632
82.6647
82.6085
82.9222
84.5017
84.4821
83.9034
85.2292
85.4737
84.8432
85.3856
84.4966
83.624
84.3001
84.1721
84.4803
85.081
86.0322
85.7909
87.9327
88.2049
89.0843
89.4511
90.4974
91.2778
91.3959
92.4178
93.1224
94.6428
95.1047
95.8731
95.4662
95.1525
95.3045
94.5726
94.582
96.0412
97.5622
97.4772
98.4544
97.9621
98.8806
99.5338
100.311
100.561
101.678
102.505
102.717
103.229
104.569
105.689
105.373
105.749
107.928
108.82
110.167
111.194
111.492
112.444
113.904
115.535
117.126
118.675
119.673
121.315
123.24
124.528
125.052
126.115
126.857
127.086
127.315
127.886
127.809
129.15
129.676
129.124
128.636
127.768
127.984
128.155
128.09
127.718
127.442
125.528
125.276
123.768
123.839
122.795
121.789
119.607
119.103
116.944
115.097
113.604
112.134
110.01
107.91
107.36
105.687
102.807
100.881
99.5718
97.9984
95.4046
93.7807
92.1728
90.4199
88.3845
88.1456
85.7599
84.0588
80.4945
78.5848
76.8138
74.5054
72.1065
69.9625
68.0299
66.687
65.7088
64.5876
63.2651
61.7843
59.8242
58.0968
56.2271
55.2344
55.1166
54.9388
55.1519
54.4595
54.619
54.0485
54.4596
53.346
53.7253
54.3385
53.8592
54.3501
54.8006
55.6765
57.0575
58.1661
59.3297
60.2959
60.2179
61.6687
63.4285
64.5297
66.1727
67.2999
69.036
70.0092
70.1724
71.9297
73.2177
75.1899
77.88
80.371
81.4459
82.9654
83.5581
84.4775
86.77
88.6607
91.0429
93.378
94.8941
96.932
99.2966
101.258
101.365
102.224
104.252
105.979
106.881
108.65
110.133
111.668
112.079
112.735
113.813
114.801
114.99
115.208
114.948
115.714
116.092
116.666
116.871
117.173
118.332
117.777
117.255
116.96
116.861
116.86
116.346
115.485
115.321
115.26
115.247
114.501
112.962
111.616
110.688
110.026
108.808
107.274
105.798
105.057
104.7
103
101.196
100.841
99.5391
99.0891
98.5718
97.5168
96.6368
94.5111
95.0445
94.0601
92.8243
92.0487
91.7689
90.9652
91.063
90.7452
90.5819
90.1485
90.4337
90.7783
90.9784
90.4903
90.0948
89.4111
89.2524
89.5801
90.0691
90.5364
91.1883
91.3226
90.707
91.4828
92.1867
91.6034
91.4487
91.7267
91.8973
92.3586
93.2288
94.3865
95.568
96.7553
98.4815
99.8238
101.208
101.639
102.579
103.702
103.593
104.796
105.729
107.085
107.497
108.88
110.1
111.368
112.191
112.225
112.402
113.058
113.195
113.564
113.335
114.127
116.222
116.442
115.922
115.597
116.009
117.258
117.977
119.095
118.454
118.528
117.367
116.689
115.228
114.655
113.969
113.444
112.651
111.339
110.52
111.029
110.636
109.977
108.513
107.764
106.502
105.986
103.986
102.828
102.377
101.385
99.095
97.0115
95.4237
94.7845
93.7119
91.0339
90.3831
89.2564
88.5623
87.6783
86.743
87.2757
86.8738
86.2884
85.8956
84.5755
83.1493
82.5292
82.0079
82.518
81.4715
80.9969
78.8801
78.6991
76.8548
76.1389
75.5
75.543
74.9954
75.7353
76.3495
77.1743
78.7326
79.4284
78.8909
78.1449
78.8418
80.1003
81.117
80.8652
80.509
81.7486
83.8558
86.3898
86.4599
87.5553
89.4813
89.7062
89.1094
88.6348
88.96
90.8342
92.6424
93.6145
95.6759
96.712
96.0468
96.5821
96.5293
96.2975
95.9854
95.407
95.5174
95.1471
96.4801
97.8994
99.1441
100.48
101.003
101.223
102.057
102.675
101.976
102.026
101.632
99.5893
97.7239
97.7081
97.2105
96.6369
94.8164
93.6219
92.6944
92.4403
91.2921
90.3259
89.2562
88.6057
88.2195
86.379
84.4367
83.9212
82.7535
81.786
79.4209
76.5005
74.114
71.8303
70.3209
67.2945
65.9209
64.3311
62.1437
61.407
60.5094
56.7093
54.2016
52.1111
50.1386
48.0963
46.2101
43.8781
42.469
40.3261
38.4786
36.4344
34.2654
31.8554
28.5002
25.6869
22.5771
21.6337
19.9694
18.4921
16.9761
16.3855
16.0747
14.4062
12.2443
10.8921
8.7477
7.52533
5.83594
4.34915
3.34736
3.08694
3.06787
4.41933
5.83159
6.67361
6.85576
7.34025
7.73023
8.45783
8.72539
8.54103
8.45725
7.67979
7.42285
7.18388
5.89832
4.71723
3.87362
3.53858
2.74622
2.46097
2.43891
3.54941
4.07293
4.86691
5.78714
8.05325
9.77639
9.6254
9.64004
9.56066
8.54258
7.96127
7.31156
6.04109
4.52963
3.89222
4.21337
4.19773
3.59304
3.67456
4.17187
4.2767
3.81444
2.90207
1.73008
0.926177
0.288598
-0.412958
-0.946852
-1.50911
-2.39226
-3.92522
-4.783
-6.09007
-6.6179
-6.94903
-6.94381
-6.73107
-7.24343
-7.20311
-6.22176
-5.98988
-7.41467
-7.25651
-7.29211
-7.23211
-6.69222
-6.94759
-5.51232
-4.27063
-5.14103
-4.99635
-4.33476
-4.29137
-4.62404
-5.21455
-5.43008
-5.00608
-5.08605
-5.34011
-5.77782
-5.7183
-5.51933
-5.4552
-4.52217
-4.37374
-4.43534
-3.85798
-3.49156
-2.85968
-3.10489
-2.37902
-1.79304
-2.14768
-1.24538
-0.624115
-0.541767
-0.576236
-0.768508
-0.932955
-0.126111
0.649413
0.475707
0.766317
0.888812
0.508315
0.684087
0.342681
0.67778
0.87842
1.00935
1.20056
0.266659
1.4512
1.47075
2.03319
1.38219
0.863782
0.301143
0.820037
0.460445
0.655606
2.14413
2.00537
1.15502
1.79635
1.11375
0.283474
-0.0471806
0.196552
-0.286104
-0.183947
0.398617
0.646018
0.454096
0.769473
0.218483
0.974177
0.452141
0.428202
-0.513034
0.0124461
-0.299921
-0.299058
-0.491725
-0.160849
0.441676
-0.365196
0.0804803
-1.00902
-0.772773
-0.613966
0.00101739
-0.564246
0.0489786
0.390028
0.594663
0.587891
0.339932
0.114293
-0.353316
0.270266
-0.0121344
0.0346018
0.0796231
0.189562
0.404684
0.525691
0.449702
0.45631
0.05998
-0.0224709
-0.359203
0.398757
0.295759
0.894908
0.0140735
-0.177005
0.0484948
-0.0121803
0.24106
0.508161
0.715471
-0.374175
0.113439
0.300871
0.719127
0.827209
0.420418
0.879324
0.172134
0.0557934
-0.0364835
-0.00874129
0.0322812
-0.042989
-0.269451
0.174118
0.0911848
0.216969
0.457897
0.782305
0.609444
1.19739
1.2372
0.550965
0.465324
1.29695
0.459273
-0.231192
0.117229
-0.464602
0.616854
0.396164
0.323773
-0.0151918
0.063651
1.25107
1.52032
1.16475
1.27563
1.37368
0.565248
1.05819
0.756901
0.400986
0.863899
0.354646
1.1584
0.815308
0.378618
0.912707
0.990951
1.40802
1.48519
0.556445
0.340914
0.242437
-0.851126
-0.253554
-0.566478
0.417431
1.35732
1.40394
1.4421
0.880126
1.63279
0.972549
1.2308
1.31318
0.596337
1.13856
1.07872
0.832308
1.29956
1.3288
1.16745
1.46759
1.20575
0.876726
0.316328
0.061808
1.33201
1.7253
1.78222
1.13594
1.45581
0.859458
1.27907
1.86757
2.39975
1.08777
1.60206
1.3104
1.02465
0.717131
0.0693415
0.076899
0.197619
0.398062
0.566889
1.06676
1.73352
0.593711
-0.310746
-0.240769
-0.0464234
-0.0631583
0.0720115
-0.0635279
0.208256
0.795656
0.889817
1.17031
2.30137
2.4324
1.83003
1.76083
2.3273
1.59033
0.483773
0.976947
1.59814
1.41076
1.30244
0.403465
0.696971
0.74632
2.00597
2.97868
2.47834
2.08688
1.94963
1.69349
1.73661
1.747
0.954423
0.77481
0.610136
0.835655
2.0701
1.74427
2.10626
1.26108
1.29559
0.814592
2.32542
1.88477
2.17391
0.971085
1.35926
1.13137
1.37952
1.11189
0.633012
1.16729
1.68212
1.45302
1.24682
1.16169
1.11362
1.85214
1.5981
1.49018
1.46002
1.33762
1.7677
1.15692
0.821809
1.61131
1.50057
1.36024
1.72174
2.23818
2.87003
2.12098
2.06957
1.36786
2.12116
2.18651
2.45362
2.34393
1.41865
1.11091
0.69417
1.15503
1.37677
1.39038
1.05904
1.81728
2.34729
2.15902
2.26045
2.36216
2.16362
1.78759
1.17707
1.21473
1.17732
0.515077
1.41637
1.72082
2.29348
1.449
1.40651
2.15665
1.8323
1.91817
1.70834
1.52128
1.39843
1.95905
1.66363
0.887366
1.91427
1.78405
1.10588
1.30735
1.02207
1.39072
1.54816
1.54137
1.38243
1.53374
1.15694
0.789385
0.773798
0.949736
1.55322
1.14146
1.1431
0.924639
1.11508
1.01546
1.46209
1.53401
1.77255
2.29227
1.70124
1.01928
1.69532
1.43369
1.54832
1.48607
2.17797
2.02033
1.7029
1.86778
2.11952
1.94118
2.25634
1.84435
1.81398
2.17657
2.64548
2.97936
2.2553
2.0281
2.19036
2.94064
2.14657
1.91681
2.19067
1.69666
2.00155
1.31692
1.78946
1.72645
1.32522
1.43375
1.74844
2.1608
1.83767
2.15032
2.20407
2.33532
1.63573
2.06711
1.98523
1.3844
1.48324
1.415
1.23448
1.28639
1.35622
0.893684
0.408325
0.434771
0.715252
1.26768
2.15516
2.00027
1.79615
1.74824
1.70615
1.31476
1.28844
1.74164
1.17856
1.50613
1.98174
1.69957
1.87429
2.09116
1.19832
1.43124
1.59717
2.36109
2.64888
2.07635
2.27528
2.30282
1.27264
2.04801
2.25658
2.07763
2.37785
2.14151
1.2067
1.54034
2.34465
1.98003
2.14132
1.94981
1.06808
1.0825
1.00843
1.81692
1.04546
1.24329
1.75966
1.99153
1.62295
1.04277
1.03148
1.48766
1.36376
1.68105
1.63333
1.82056
1.44639
1.87645
2.2673
1.40699
1.07205
1.2259
1.42665
0.947018
0.623191
0.831133
1.4038
1.8228
2.14811
2.19808
2.00768
1.82878
1.81232
0.538268
0.0291904
1.84767
1.45391
2.01693
2.39271
1.95058
2.08658
1.85013
1.42754
2.09038
1.84857
1.48635
1.01137
0.883938
1.11781
2.03772
2.39009
2.11249
1.60114
1.78566
2.0525
2.0787
1.46609
1.46985
1.40252
2.10489
2.43548
1.94286
0.886638
1.79627
1.96732
1.55737
1.64817
1.38108
1.62172
1.59352
2.40289
2.47084
1.55363
1.69901
1.72675
1.78262
1.28155
0.913943
1.01263
1.27757
1.24524
2.41161
2.4712
2.11603
2.30214
1.81469
1.38237
1.54582
1.01137
0.575737
1.10866
1.69029
1.66816
2.44903
1.82086
1.48264
1.33053
1.83512
1.76419
2.04863
2.85381
2.34171
1.65172
1.78051
2.28704
1.44438
1.92124
1.68328
1.40835
1.32224
1.73783
1.52522
1.64782
1.50039
1.7166
1.97334
1.89384
1.53439
1.73578
3.00627
3.07023
2.42436
1.60221
1.38755
1.75816
2.4566
2.14708
2.05467
1.64032
1.2821
1.43921
2.00132
1.69093
1.71398
1.70111
1.166
1.64431
2.43161
2.50999
2.22611
1.79173
1.84134
2.04895
1.89542
0.922863
0.90757
1.03573
1.40441
2.41167
2.14399
2.22855
1.73445
2.07436
1.26007
1.70748
1.48738
2.06757
1.74064
2.23564
2.39936
2.37202
2.78556
2.07624
1.23907
1.3636
2.39882
1.85298
1.52016
1.69832
1.21885
1.12608
1.83294
1.87872
1.88242
2.1467
2.01071
1.93257
1.67954
1.31296
1.96651
2.17235
1.43725
1.41904
1.5436
1.7387
1.81357
1.88374
2.3223
2.92075
2.58119
2.555
2.03147
1.81811
0.555478
0.600475
0.47116
0.549021
1.41769
2.42988
2.91265
2.54175
2.86754
2.51976
1.97943
2.07714
2.04543
1.46912
1.84754
1.87687
2.13041
2.81981
3.15539
2.49946
1.57671
1.88425
1.57401
1.86106
1.55936
1.8454
2.12408
2.57945
2.41361
2.53646
1.99088
2.38885
2.03332
1.87439
1.39444
1.44058
1.1271
2.21153
2.02584
1.89875
2.67127
2.42738
2.22515
2.33413
1.9627
1.96314
1.90844
1.90116
2.34495
2.18566
1.59605
1.77967
1.66855
1.67538
1.95439
1.41239
1.45042
1.32163
1.35386
2.13811
1.90466
2.08382
1.91661
2.43876
2.22753
1.97092
2.53143
2.10146
1.4106
1.83589
1.42864
2.00109
1.78801
2.6931
2.85807
2.01747
2.07656
1.5878
1.70232
1.62059
2.74058
2.17851
2.98477
1.78492
2.49073
2.04533
3.10694
2.31865
2.61893
1.99294
2.81028
1.32348
1.94186
0.897728
2.62693
1.73203
1.46585
0.743242
1.19531
1.47195
0.736017
1.18819
1.37481
1.70257
1.60215
2.17203
1.95903
2.39516
2.13348
2.10272
1.63446
1.25364
1.89942
1.48333
2.3442
2.34241
2.02488
1.82955
1.60702
1.79742
1.25497
1.47487
1.10732
1.31682
1.48304
2.73674
2.77961
2.42622
3.29521
3.10394
3.19158
2.69912
2.3238
1.94592
2.15907
2.16682
2.13217
2.25965
2.51022
1.85421
0.913547
0.937645
1.11234
1.57492
1.72088
1.76075
1.79746
1.86151
2.36339
2.40978
1.26948
1.57077
1.17545
1.82665
1.71278
1.65289
1.86553
2.25215
2.88858
1.8382
1.80207
1.89962
1.86065
2.09855
1.91167
1.49554
2.04094
1.90766
2.27826
2.4904
1.69957
1.73146
1.59154
2.13519
1.66688
2.10602
1.93115
1.34575
2.52733
2.67666
2.89191
2.55646
1.81902
2.10026
2.85087
2.45345
2.46558
2.36981
2.08419
3.03699
3.1779
3.71691
2.90313
2.58452
2.49514
1.97161
1.84968
2.15693
2.93895
2.25501
2.34073
2.49525
2.2464
2.6898
2.06064
0.908099
1.18658
1.68804
1.67335
0.971028
1.16304
1.85863
1.80055
1.9297
2.03529
2.038
1.86321
2.16039
2.21734
1.38037
1.40553
1.5773
1.44425
1.66123
2.09451
2.33007
2.11155
1.71591
1.76339
1.87337
2.08385
3.1543
2.67871
2.28786
1.68044
1.85928
1.88939
0.907765
0.921211
1.23537
2.20609
1.84722
1.64916
2.41136
2.77788
2.37534
1.57694
0.95059
1.23607
1.40305
1.24571
1.03056
1.44879
1.96887
2.16591
1.33829
2.22082
1.57115
2.37589
2.00216
1.91261
1.45636
1.63288
0.696647
0.22077
0.391854
1.50404
2.18182
2.04635
1.86959
1.48355
1.56103
1.46184
0.879356
0.861622
1.55773
1.55293
2.51983
3.2736
2.47387
2.40827
2.63272
2.34378
2.27704
2.29474
2.48467
2.28849
2.43525
1.92629
1.72763
2.11849
2.47733
2.54423
2.32763
2.39644
2.46931
1.58159
1.75169
2.36743
2.06394
1.49778
1.91276
1.28313
0.878756
0.495355
1.31818
1.42735
1.49888
1.68714
2.02964
2.68561
3.05112
2.59709
2.00736
1.61208
1.12876
2.28997
2.50348
2.79791
2.63297
2.4503
2.55631
1.93751
2.48753
2.16076
2.21195
2.32193
1.99404
2.36542
2.7587
2.85577
1.80543
1.42125
1.39063
1.49088
1.67479
1.56379
1.27687
1.12295
1.06392
2.30468
2.11245
1.45919
2.31293
2.52822
2.19641
1.53201
0.966175
1.59517
1.43765
1.06266
1.66167
1.27847
1.55873
0.79033
1.31286
1.55373
2.29881
2.99608
2.67464
1.64505
1.62413
1.48673
1.9617
2.46769
2.23403
1.82621
2.06965
1.25087
1.92091
1.39826
2.69171
3.05734
3.1313
2.13619
2.47471
2.91381
2.46342
2.56568
2.67848
2.08579
2.06437
2.26295
2.49741
2.85337
3.05121
2.90136
3.32023
3.32717
3.53046
3.49313
3.65032
3.98476
3.81233
4.27143
3.77129
4.61656
5.02043
4.8274
4.14262
4.22865
3.98336
3.8427
2.63612
2.65909
3.33363
4.33878
4.27412
3.48252
3.38161
2.71764
2.77424
2.45313
3.57825
3.55003
3.6937
5.09224
4.84458
4.44594
4.63618
4.80053
5.2881
5.405
6.2664
5.95565
6.04024
5.19038
5.64174
5.84618
5.97106
6.60379
7.17162
6.76993
6.43991
5.90974
6.79242
6.70244
6.71579
5.47521
5.83707
6.37848
5.78822
6.11462
6.50691
6.07519
6.36253
6.62764
7.93034
8.34071
8.45761
8.46865
8.83521
8.89815
8.53801
8.09757
7.63846
7.958
7.76634
8.03537
8.5329
8.8726
8.18413
8.96351
8.26067
7.60088
7.75482
7.79992
8.59837
9.42484
8.9562
8.28077
8.76163
9.29366
8.95194
8.93731
8.84292
8.46983
7.5091
6.99882
7.89752
9.16289
9.30758
8.86534
9.06201
9.19336
9.53552
9.55854
9.38605
9.28357
9.53818
10.1607
9.15671
8.82064
9.48845
9.48243
8.66697
8.20672
8.64415
8.69003
8.052
8.25407
8.62261
9.35331
10.2069
9.90325
9.0686
8.97179
8.74433
8.39198
7.94553
7.43789
7.63875
8.46993
7.45048
7.27461
8.25589
7.95522
7.76984
8.32804
8.74368
9.65446
10.3387
9.83207
9.85039
9.91113
9.6051
10.5702
9.87675
9.36786
9.80099
9.51365
8.62942
7.99032
8.69124
9.08703
8.80856
7.4104
7.73442
7.76249
8.01173
8.43285
8.69106
9.80732
10.09
9.54533
9.24177
9.8952
9.92667
9.7019
10.4493
10.6856
10.7687
10.1811
9.88607
9.55763
9.41553
8.79907
7.53634
7.66346
8.44191
9.38854
8.52432
8.70308
9.10961
8.84164
8.98595
9.62969
9.62477
9.24241
9.70786
9.78824
9.54926
10.3176
10.952
10.6883
9.66168
9.35835
9.20665
10.1892
10.1303
10.0783
9.4311
9.41494
8.94381
8.82892
8.97491
9.87802
10.1888
9.76653
9.72894
9.82652
9.91694
10.5797
10.3069
10.1466
9.42932
9.72606
10.581
11.0463
10.1986
10.2199
10.1328
10.1687
9.84797
9.24592
9.0339
9.70516
10.4829
10.4413
10.3033
9.75871
10.5358
11.1337
10.8409
10.0476
10.2078
10.9435
10.6208
9.55891
9.67955
9.56263
9.49693
9.69876
10.1529
10.1659
9.87971
9.68065
10.408
10.709
10.8696
11.0649
10.521
11.5839
10.8681
9.49542
9.51315
6.02976
7.83325
9.87591
8.15886
6.44401
8.19012
6.89992
8.1582
7.92791
8.0423
8.63586
9.25831
8.85094
7.63414
8.4534
8.97561
8.55227
8.56323
8.30823
7.89657
7.15078
5.95583
5.60261
4.95453
3.52416
4.49528
5.00318
4.48244
3.85828
4.30897
4.00756
3.67231
3.82585
3.76664
2.83766
2.92997
2.74679
2.85368
1.97769
1.07302
0.387585
0.0925281
-0.481722
-0.851053
-1.67959
-1.65927
-1.78723
-1.61068
-1.86459
-1.27276
-0.528455
-0.406818
-0.223288
-0.617463
-0.252131
-0.684487
1.09548
1.98005
2.84568
3.34762
4.23542
3.9468
3.29814
3.23912
4.06218
4.74824
4.78457
5.12331
5.09316
5.16665
5.4509
6.321
6.56951
7.15832
7.61322
7.54327
7.80754
7.86981
8.01604
7.53145
7.4024
6.93423
6.21102
6.77312
6.97896
7.1076
6.8842
6.73311
6.31011
5.53054
5.98742
6.22165
6.82458
5.81194
5.07367
5.33
5.08842
5.21798
4.7285
4.7655
4.24145
4.52348
3.93917
3.66754
3.66861
4.41551
4.04876
3.04468
2.54127
2.1427
3.22341
3.01906
3.17894
3.39039
3.37868
3.21408
2.65866
2.83477
2.53438
2.57871
2.43174
2.4243
2.19363
1.66779
1.53501
2.24933
2.09159
1.63794
1.52916
1.09683
0.508312
-0.629336
-0.833301
-0.939419
-2.01188
-2.77938
-2.21137
-2.09081
-2.17229
-1.89333
-2.51937
-2.26496
-3.5943
-3.38275
-3.05617
-2.63416
-2.74263
-2.60296
-2.86758
-3.59697
-3.41474
-3.84728
-3.9281
-3.25713
-1.35972
-1.06462
0.140567
-0.0895874
0.129414
0.794937
0.582383
0.438983
0.487296
1.16326
1.32955
1.60988
1.75556
1.83825
1.42782
0.953937
0.74262
0.921077
1.27009
0.684184
0.648408
0.507568
0.370187
0.375198
0.522191
-0.995962
-1.51254
-1.5617
-1.06548
-1.84227
-2.28158
-3.82074
-3.033
-2.69652
-2.99338
-2.89434
-2.91089
-3.83644
-3.98199
-3.95829
-3.76888
-4.26235
-4.37794
-4.00216
-4.77923
-5.20637
-5.33437
-5.0661
-5.73778
-5.97818
-6.4118
-6.26103
-6.64566
-6.72453
-6.74996
-6.42433
-6.65091
-6.62161
-6.43079
-6.94691
-5.595
-4.80982
-4.90456
-5.10236
-4.65068
-4.80865
-3.76213
-4.3763
-5.10472
-5.76679
-5.45305
-5.56212
-5.39573
-5.57607
-5.25684
-5.1837
-4.39524
-3.91628
-3.95692
-3.37227
-3.68833
-4.00836
-4.677
-5.10014
-4.09533
-3.32953
-3.20441
-2.13934
-1.60133
-1.70052
-1.95016
-2.69348
-2.22972
-2.09445
-1.94538
-2.51337
-2.75832
-2.53697
-1.7898
-1.01167
-0.940013
-0.651525
-1.27563
-2.10764
-2.52117
-1.5317
-1.57215
-1.70318
-1.92644
-2.71182
-2.70925
-2.58973
-3.05782
-4.60406
-4.51242
-4.62697
-4.89021
-4.75056
-3.90662
-3.89814
-3.62628
-3.91131
-3.10908
-3.45819
-3.62666
-4.13098
-4.19289
-3.83939
-4.24196
-4.45574
-4.64587
-4.83079
-4.74765
-4.64672
-4.37037
-4.38269
-3.87706
-4.90068
-3.90241
-3.86237
-3.09505
-3.53435
-2.54167
-1.86541
-2.43676
-1.58032
-1.51619
-1.62034
-1.72905
-2.09567
-2.15888
-2.32758
-2.0555
-1.75106
-1.70741
-2.31016
-2.44596
-2.23862
-1.67703
-0.93297
-0.846213
-0.268462
-0.844137
-0.54948
0.0406129
0.624285
0.145303
-0.803043
-1.12065
-1.25634
-0.701098
-0.547763
-0.567653
-0.504342
-1.62353
-1.36846
-1.47816
-2.08233
-2.79613
-3.39425
-3.25995
-3.35374
-2.43675
-2.34098
-2.12491
-2.36937
-2.33645
-2.60303
-1.91972
-2.26773
-2.93842
-2.60088
-2.21176
-1.96285
-2.05056
-1.69207
-2.0088
-2.29861
-2.77931
-3.05819
-2.99903
-2.84339
-2.70257
-2.5924
-2.89637
-2.63019
-2.22559
-2.421
-2.61046
-2.59411
-1.74891
-2.09697
-1.87222
-1.92216
-1.45155
-1.3349
-1.90062
-2.57245
-2.91593
-3.26969
-2.97728
-2.96266
-2.35729
-2.62618
-1.54285
-1.42121
-0.697245
-1.48854
-2.61282
-2.22267
-2.45829
-2.38662
-2.00383
-1.77715
-2.52946
-2.48418
-1.74024
-1.69648
-1.77258
-2.19159
-1.84572
-2.0321
-2.46852
-2.13853
-2.34554
-1.77345
-1.2035
-0.904131
-1.53246
-0.993692
-1.23613
-1.67341
-1.61022
-2.07723
-2.45374
-2.59502
-2.46679
-2.6808
-2.46738
-1.89198
-2.37476
-2.72645
-3.01075
-3.33417
-3.51357
-3.82135
-4.18602
-4.98369
-4.81241
-5.03166
-3.49755
-2.89567
-4.22935
-4.13632
-3.35683
-3.32806
-3.83006
-4.05431
-3.99426
-5.00442
-4.59267
-4.18013
-3.63009
-3.80569
-3.26296
-2.96314
-2.86706
-2.96742
-2.67507
-2.22205
-2.70979
-2.139
-2.65509
-2.35319
-2.26433
-2.14051
-2.47308
-2.80159
-2.07922
-1.59277
-1.60711
-1.48161
-2.01095
-1.92824
-1.91095
-1.68919
-1.6244
-1.02119
-1.83175
-2.00256
-1.86517
-1.53285
-0.725319
-0.852727
-0.771908
-1.15945
-1.53371
-1.73619
-1.40859
-1.61183
-1.61109
-1.87476
-1.67792
-0.967468
-0.0875962
-0.304936
-0.470837
-0.262649
-0.472498
-0.90432
-1.17497
-0.398924
-0.839551
-0.306444
-0.961452
-1.26233
-1.16323
-1.24019
-1.5238
-2.43413
-2.25218
-2.75405
-2.45404
-2.10287
-2.2359
-1.64951
-2.19357
-2.44919
-2.87207
-2.49566
-2.55975
-2.18672
-2.02477
-2.60037
-2.65287
-1.6184
-0.48198
-0.821853
-1.18911
-0.434929
-0.733522
-1.03236
-0.842193
-1.27882
-1.49758
-0.950162
-1.50811
-1.15896
-1.92596
-1.49778
-2.64141
-3.31409
-2.69945
-2.31179
-2.45616
-2.39923
-2.28671
-2.17219
-2.72293
-1.56476
-1.7862
-2.56376
-3.10776
-3.52317
-3.22978
-3.52563
-3.85248
-3.72688
-3.38418
-3.51236
-2.87343
-3.23231
-3.72467
-3.58732
-3.72459
-3.86412
-3.72373
-4.41554
-4.49679
-3.53368
-3.48742
-3.90503
-3.90644
-3.78847
-4.52073
-4.63419
-3.96503
-3.92359
-3.95029
-3.27683
-2.70642
-2.33326
-3.6918
-4.18568
-4.73168
-6.13177
-4.98862
-4.75425
-4.28898
-4.26021
-3.62552
-4.11442
-3.54727
-3.60605
-3.41501
-3.44965
-3.52385
-4.11836
-3.19138
-2.61231
-2.37512
-2.36273
-2.19953
-1.94338
-2.15942
-3.00037
-3.29684
-3.6808
-2.83551
-3.43688
-3.92928
-4.07062
-4.36327
-4.78584
-3.95523
-3.76736
-5.00146
-4.8444
-4.61352
-4.85941
-4.91717
-5.22305
-4.69116
-4.42596
-4.66406
-5.30255
-5.4105
-5.06864
-6.06338
-6.17681
-5.89441
-5.10129
-5.36875
-5.39808
-5.11825
-5.43754
-5.43034
-6.51837
-6.89662
-7.31682
-6.97453
-7.68013
-8.35784
-8.18258
-7.48117
-7.77657
-6.69445
-6.08157
-6.17514
-6.28214
-5.86643
-5.43229
-5.85646
-6.12055
-5.41874
-5.22193
-4.63635
-5.34825
-5.61082
-5.38119
-5.63756
-5.58462
-6.4208
-6.08977
-5.8685
-5.57854
-5.75088
-4.99158
-4.2217
-3.9184
-3.19999
-3.5674
-3.53082
-2.70091
-2.33485
-1.84495
-1.2409
-0.320888
0.844494
1.07079
0.498644
0.798779
1.55893
1.81155
2.325
2.60823
2.30961
2.24975
2.71612
3.0073
3.18796
2.80749
2.41924
1.71089
1.1772
0.336628
0.597234
0.113414
0.795416
0.168202
0.145677
-0.807165
-1.26558
-1.94061
-2.70757
-3.14387
-2.72643
-1.6169
-1.12994
-1.78228
-2.24406
-2.9137
-2.68328
-2.98651
-2.90854
-4.09188
-3.825
-3.99767
-3.95868
-3.70512
-3.74592
-4.06965
-3.58753
-3.56481
-4.65438
-4.33326
-4.55955
-4.42421
-4.84688
-4.66349
-4.63751
-4.66158
-4.63217
-5.24103
-5.57643
-6.06594
-6.02123
-5.82578
-6.11517
-6.52443
-6.35439
-6.21691
-5.47342
-5.30452
-5.21568
-4.8351
-4.31787
-4.58179
-4.24072
-4.59129
-3.92262
-3.21543
-3.51679
-3.09619
-3.79484
-3.83155
-4.09551
-4.21484
-3.70706
-3.09612
-3.47932
-2.92928
-2.28125
-2.59753
-3.32369
-3.1624
-2.92511
-4.233
-4.35033
-4.96061
-5.35537
-4.81167
-5.08403
-4.77043
-5.2352
-4.4259
-4.35327
-4.48638
-4.23009
-4.21643
-4.00031
-2.93596
-1.93698
-1.66584
-1.48829
-0.792982
-1.20654
-1.21241
-1.60124
-1.31897
-2.28855
-1.93022
-1.93071
-1.64771
-1.09015
-0.208151
-0.166184
-0.308559
-0.434012
0.0597998
0.208506
0.303413
0.420392
1.35115
1.62323
2.13481
3.21442
3.86968
3.39596
3.70875
3.66198
3.70724
3.71133
3.9099
4.54845
4.67367
5.65545
6.36633
6.42866
6.59441
7.69076
8.03498
8.07042
7.9687
7.71004
7.74071
8.79818
9.10769
9.13499
9.26733
9.57333
9.28777
8.75258
8.93024
9.33519
9.9785
10.1758
9.8438
10.2107
11.3136
11.0602
10.9384
10.892
10.8319
10.4436
10.2495
10.2785
11.3146
10.5563
10.2709
9.86051
9.90609
10.3995
9.82597
9.79763
10.0561
10.2958
11.3449
11.7
11.4325
11.7535
12.1143
12.8741
13.0829
13.2279
12.682
12.937
13.7013
13.763
13.3492
13.9086
13.9231
14.0933
14.5965
15.1339
15.5639
15.063
14.988
15.2364
15.4802
15.1658
15.272
14.9874
15.1094
15.2713
15.2562
15.1657
15.0095
14.922
14.4671
14.0316
14.0452
14.5119
14.6422
14.4232
14.4376
14.2856
14.1107
13.6274
13.0285
12.8108
13.0063
13.462
13.2078
13.0306
14.1151
14.3807
14.6125
13.6372
13.1886
13.1891
14.1595
13.9058
13.4049
13.0485
12.8456
13.1662
13.2714
13.2506
12.5157
11.9306
11.7464
11.8871
11.4971
11.1743
10.9046
10.3993
10.5378
11.1441
10.9651
10.2141
10.1099
10.1604
9.32164
8.9993
8.985
8.87098
9.12949
10.0829
10.0051
9.12554
8.74362
9.21773
8.57331
8.557
8.54522
9.20355
9.52922
9.43588
9.00041
8.54999
7.92564
7.39554
7.25119
7.72944
8.77519
9.39731
9.30973
9.20321
9.14029
9.24014
8.67428
7.77247
6.69646
6.31398
5.7089
6.19436
6.62495
7.12868
7.29946
7.84823
7.63862
7.05524
6.55737
6.36188
6.42888
6.95811
7.10258
7.19595
7.78162
8.77958
8.10795
7.59401
8.13131
8.48836
8.61774
7.78347
7.41806
6.76521
7.89479
8.0383
7.92688
6.83527
6.77377
7.3456
6.02261
5.93199
5.59006
5.82106
5.59171
6.03374
6.38259
6.05139
5.78575
5.08134
5.36068
5.62897
5.44799
5.41611
5.27129
5.82584
6.02592
6.57338
7.32642
7.50062
6.94411
6.88978
6.94268
6.97602
6.7792
7.39203
8.02811
8.77831
7.31396
7.7818
8.28589
7.49656
6.65522
6.1448
5.66355
4.81528
4.25246
3.97009
4.30132
4.71355
3.759
3.28449
3.46488
3.85327
3.11453
2.45022
1.5098
1.33297
2.06224
2.6424
2.84351
1.68539
1.6947
1.91392
0.769135
-0.366321
-0.765953
-1.9262
-2.87116
-3.31845
-4.01235
-4.23059
-4.50694
-4.69026
-4.69031
-4.82924
-5.02311
-6.24274
-6.99238
-7.69127
-8.54537
-9.10581
-8.90961
-8.96227
-8.81629
-9.05191
-9.41067
-9.5414
-9.90722
-10.9862
-11.3637
-10.9093
-11.8165
-12.0842
-12.1987
-13.2935
-13.4435
-13.3611
-13.6286
-13.373
-12.8013
-13.221
-13.6956
-13.6652
-13.7404
-13.4375
-13.5746
-14.0434
-14.0471
-13.8731
-14.4459
-14.2403
-14.6191
-15.1415
-14.2492
-14.0047
-13.942
-13.6384
-13.5162
-13.072
-12.6901
-13.0171
-12.4195
-11.2672
-10.8728
-10.1666
-10.6884
-11.0662
-10.3759
-10.3795
-10.4421
-10.1747
-9.44188
-10.2035
-9.83006
-9.26283
-8.83957
-8.75767
-8.86969
-8.47658
-8.59521
-8.82713
-8.59499
-7.1745
-5.61297
-4.92777
-3.62189
-3.79958
-4.1886
-3.67163
-3.70975
-4.31738
-4.58472
-4.34215
-3.37929
-2.22173
-1.8705
-1.02044
0.364194
-0.296644
-0.310308
-0.901662
-0.334524
-0.193797
0.100333
0.522101
0.268425
0.731842
1.35834
1.25406
1.53116
2.19984
2.26104
2.70594
2.35936
1.81418
1.74215
1.68298
1.72204
2.75087
2.9654
1.90631
1.77981
1.10191
0.68053
0.438048
0.723435
0.540767
1.44902
1.37871
1.88854
1.58351
0.880789
0.71478
1.30915
1.42237
1.05659
0.459495
0.496681
1.57522
1.58248
1.18562
2.00467
0.929414
0.922502
0.653902
0.543638
0.232581
0.674642
1.61109
1.63716
1.61863
0.909783
1.15249
0.927798
0.686268
0.568847
0.625063
0.211802
0.639986
1.38699
1.49926
2.27038
1.66992
1.77743
2.308
2.21365
1.64372
1.69962
1.14503
1.18827
2.26317
2.12964
1.65692
1.49844
1.69569
2.36072
2.29742
2.03987
1.23449
0.936724
1.71561
2.27869
2.17834
2.75488
2.46414
2.26768
2.04101
1.0825
1.26835
1.32032
0.776382
0.458817
0.596801
2.1643
1.74808
1.87286
1.56301
0.8934
1.36427
0.709048
1.06524
0.807528
0.72844
1.49752
1.17183
1.57951
2.04254
1.72457
0.865957
0.50138
0.432832
0.099721
0.399288
0.711591
0.838623
2.06427
1.4882
1.06408
0.136942
0.589667
0.660715
0.678557
1.21086
1.5793
1.70493
1.94509
1.86245
1.56325
1.28165
0.941068
0.564315
0.686861
1.12247
0.729686
0.623721
1.13503
2.08799
2.00511
2.60603
2.39372
2.25356
2.54202
2.566
2.6657
2.95104
2.97823
2.4993
1.47662
1.96407
2.24289
2.52206
2.02586
1.25282
1.29241
1.51247
0.84977
1.89459
2.10608
1.75671
1.19462
1.3784
1.22666
1.55173
1.18841
1.34343
0.42498
1.08513
1.5002
1.62432
1.2283
1.54036
1.2818
0.557447
0.493754
-0.0389957
0.164289
0.278961
0.33317
1.16227
1.64417
2.07469
1.70732
0.956385
0.425605
0.438501
0.099476
0.621057
0.524095
0.865052
2.16829
2.21643
2.19438
1.75271
2.39863
2.06862
1.6725
1.3332
1.84886
1.55302
2.30199
2.32456
1.95216
2.19903
1.54779
1.93207
1.97895
1.76479
1.16393
1.37177
0.875317
0.762617
0.581269
1.22506
0.90441
1.02113
0.883826
1.25177
1.06071
0.691332
0.179013
0.305728
1.68965
1.10546
1.8413
2.11308
1.32076
1.35987
0.957026
0.298329
1.24631
1.03211
0.96504
1.57937
2.2138
1.39616
1.74177
1.84881
1.13528
0.676551
0.72789
0.173546
0.321905
-0.622874
-0.0647288
0.861302
1.62651
1.70692
2.15005
1.69267
1.49301
1.16555
0.733833
0.589332
0.372118
1.26893
1.54927
1.85647
1.6095
1.25941
1.45664
0.864418
-0.048389
0.841912
0.667918
2.31075
2.08921
1.9917
1.77917
1.72216
2.0878
1.26875
1.69254
1.48327
0.842462
1.38453
0.834699
0.963996
1.42587
1.66264
1.52955
1.33131
0.208808
-0.395681
-0.0989603
-0.0164504
0.597728
0.691634
1.61444
1.44205
1.76674
1.40943
1.20978
0.85917
1.69713
1.77051
2.21975
2.28111
3.08417
2.33653
1.77406
1.33666
0.870172
0.247988
-0.0388347
-0.202123
0.169257
-0.173396
0.210413
0.647932
2.16467
1.76942
1.95625
1.96188
1.69787
1.76813
1.48646
1.24982
1.34169
0.792685
1.91175
2.11033
1.62846
1.26236
1.88449
1.27346
1.28291
2.27975
2.05974
2.23824
2.02036
2.14275
1.31231
1.20553
1.4648
0.7774
1.05835
0.981381
1.25828
1.11603
1.85743
2.23816
1.23021
0.241167
0.498643
1.10639
1.50627
1.24
0.783336
0.981263
0.854676
1.44232
1.30915
1.53832
1.78245
1.40379
1.10958
1.01456
1.02726
1.186
0.588193
1.2736
1.29
1.54908
1.31361
0.945566
0.729192
1.33941
1.38924
1.65076
1.35477
1.12707
1.62681
2.36307
2.14755
1.36061
1.63004
0.9675
0.834154
0.830965
0.449619
0.376348
0.427754
0.984751
1.20624
1.93134
1.73
1.65581
1.04852
1.09943
0.600663
0.985573
0.385878
1.57487
2.34287
2.33373
2.13691
1.9129
1.36487
0.240023
-0.0315477
0.326501
0.744926
0.601403
1.38715
2.22415
2.45988
1.89802
1.36543
1.62627
1.70994
1.44871
0.842726
0.879646
1.04615
0.972245
0.178329
1.57152
2.13862
1.6641
1.77928
1.21584
0.842265
0.702669
0.78694
0.307388
0.914954
2.09017
2.69578
2.77878
2.34544
2.26412
2.10418
2.06194
1.1546
0.783632
1.23316
1.27953
1.12339
1.25051
1.95151
1.16306
0.927492
0.643159
0.950489
1.60548
0.965208
0.879498
1.86605
1.58483
1.499
1.11507
0.894511
0.916714
0.880201
0.205965
1.40894
1.51161
2.18109
1.72148
1.17426
1.93793
1.81816
1.56007
1.10114
0.782895
0.412828
1.01292
0.896884
1.63245
1.9783
2.11669
2.83239
2.04067
1.6392
1.79065
1.7992
1.72715
1.55798
1.00748
2.24203
2.0794
1.66484
1.16518
0.715038
0.60193
0.727914
0.676838
0.961545
1.14383
1.52178
0.830465
1.78369
2.20735
1.18721
1.14471
1.09545
1.31544
1.31634
1.29157
1.21961
1.00178
0.433031
1.42312
0.804131
1.73111
1.70957
1.23308
1.77608
1.97147
1.353
1.58293
1.36474
1.51163
2.84782
2.85226
1.85645
1.86521
0.858319
0.391992
0.545837
0.101426
0.55656
0.953076
1.64408
1.24503
1.24994
0.820228
0.516324
0.455824
0.788005
0.718215
0.935742
1.4418
2.3517
2.46654
2.02593
2.33143
2.02341
1.95228
1.26074
1.09152
0.659523
0.455291
0.895894
1.61774
1.63979
1.63179
2.01145
1.83772
1.76036
1.20766
1.36653
1.60082
1.07953
1.06319
1.94517
2.41435
2.61219
2.40708
1.09311
1.60348
0.964807
0.709477
0.799891
1.36536
1.72695
2.23809
1.32359
2.06639
1.58229
1.17038
0.999874
0.783115
0.637665
0.297106
1.3212
1.84439
1.75879
2.52786
2.16003
2.50536
2.00988
2.06618
1.45265
1.29622
1.43516
1.1378
1.52203
2.29998
2.40654
1.77382
1.91592
2.56508
1.73133
1.4846
1.7698
0.841534
0.408246
1.48361
1.35344
1.48031
1.68694
1.73614
1.95857
1.94039
1.73982
2.25291
2.19621
1.72548
1.14584
0.890183
0.956158
1.28
1.45848
1.9049
1.41829
1.57081
2.11914
2.5956
2.39673
2.46909
2.24675
1.89357
1.33172
1.26878
0.702268
0.889405
1.02931
1.0731
0.729914
1.03716
2.07003
2.19835
2.32825
2.23362
1.02943
0.694708
0.744127
1.49519
0.861916
1.15606
2.35023
2.39655
3.07959
3.54539
3.43022
2.96776
2.20621
1.59532
1.1759
0.857474
0.765369
1.56717
1.76803
1.80303
2.09104
4.08977
6.06803
9.75284
11.9903
14.9433
17.77
19.1341
20.4607
20.789
20.9275
21.5142
22.4439
22.8758
23.3685
23.3858
24.2797
25.2387
26.0405
26.7472
28.377
30.8862
27.5275
16.5695
10.7931
6.87056
4.98298
2.49883
0
0
0
0
0
0
0
0
0
0
0
0
0
0
0
0
0
0
0
0
0
0
0
0
0
0
0
0
0
0
0
0
0
0
0
0
0
0
0
0
0
0
0
0
0
0
0
0
0
0
0
0
0
0
0
0
0
0
0
0
0
0
0
0
0
0
0
0
0
0
0
0
0
0
0
0
0
0
0
0
0
0
0
0
0
0
0
0
0
0
0
0
0
0
0
0
0
0
0
0
0
0
0
0
0
0
0
0
0
0
0
0
0
0
0
0
0
0
0
0
0
0
0
0
0
0
0
0
0
0
0
0
0
0
0
0
0
0
0
0
0
0
0
0
0
0
0
0
0
0
0
0
0
0
0
0
0
0
0
0
0
0
0
0
0
0
0
0
0
0
0
0
0
0
0
0
0
0
0
0
0
0
0
0
0
0
0
0
0
0
0
0
0
0
0
0
0
0
0
0
0
0
0
0
0
0
0
0
0
0
0
0
0
0
0
0
0
0
0
0
0
0
0
0
0
0
0
0
0
0
0
0
0
0
0
0
0
0
0
0
0
0
0
0
0
0
0
0
0
0
0
0
0
0
0
0
0
0
0
0
0
0
0
0
0
0
0
0
0
0
0
0
0
0
0
0
0
0
0
0
0
0
0
0
0
0
0
0
0
0
0
0
0
0
0
0
0
0
0
0
0
0
0
0
0
0
0
0
0
0
0
0
0
0
0
0
0
0
0
0
0
0
0
0
0
0
0
0
0
0
0
0
0
0
0
0
0
0
0
0
0
0
0
0
0
0
0
0
0
0
0
0
0
0
0
0
0
0
0
0
0
0
0
0
0
0
0
0
0
0
0
0
0
0
0
0
0
0
0
0
0
0
0
0
0
0
0
0
0
0
0
0
0
0
0
0
0
0
0
0
0
0
0
0
0
0
0
0
0
0
0
0
0
0
0
0
0
0
0
0
0
0
0
0
0
0
0
0
0
0
0
0
0
0
0
0
0
0
0
0
0
0
0
0
0
0
0
0
0
0
0
0
0
0
0
0
0
0
0
0
0
0
0
0
0
0
0
0
0
0
0
0
0
0
0
0
0
0
0
0
0
0
0
0
0
0
0
0
0
0
0
0
0
0
0
0
0
0
0
0
0
0
0
0
0
0
0
0
0
0
0
0
0
0
0
0
0
0
0
0
0
0
0
0
0
0
0
0
0
0
0
0
0
0
0
0
0
0
0
0
0
0
0
0
0
0
0
0
0
0
0
0
0
0
0
0
0
0
0
0
0
0
0
0
0
0
0
0
0
0
0
0
0
0
0
0
0
0
0
0
0
0
0
0
0
0
0
0
0
0
0
0
0
0
0
0
0
0
0
0
0
0
0
0
0
0
0
0
0
0
0
0
0
0
0
0
0
0
0
0
0
0
0
0
0
0
0
0
0
0
0
0
0
0
0
0
0
0
0
0
0
0
0
0
0
0
0
0
0
0
0
0
0
0
0
0
0
0
0
0
0
0
0
0
0
0
0
0
0
0
0
0
0
0
0
0
0
0
0
0
0
0
0
0
0
0
0
0
0
0
0
0
0
0
0
0
0
0
0
0
0
0
0
0
0
0
0
0
0
0
0
0
0
0
0
0
0
0
0
0
0
0
0
0
0
0
0
0
0
0
0
0
0
0
0
0
0
0
0
0
0
0
0
0
0
0
0
0
0
0
0
0
0
0
0
0
0
0
0
0
0
0
0
0
0
0
0
0
0
0
0
0
0
0
0
0
0
0
0
0
0
0
0
0
0
0
0
0
0
0
0
0
0
0
0
0
0
0
0
0
0
0
0
0
0
0
0
0
0
0
0
0
0
0
0
0
0
0
0
0
0
0
0
0
0
0
0
0
0
0
0
0
0
0
0
0
0
0
0
0
0
0
0
0
0
0
0
0
0
0
0
0
0
0
0
0
0
0
0
0
0
0
0
0
0
0
0
0
0
0
0
0
0
0
0
0
0
0
0
0
0
0
0
0
0
0
0
0
0
0
0
0
0
0
0
0
0
0
0
0
0
0
0
0
0
0
0
0
0
0
0
0
0
0
0
0
0
0
0
0
0
0
0
0
0
0
0
0
0
0
0
0
0
0
0
0
0
0
0
0
0
0
0
0
0
0
0
0
0
0
0
0
0
0
0
0
0
0
0
0
0
0
0
0
0
0
0
0
0
0
0
0
0
0
0
0
0
0
0
0
0
0
0
0
0
0
0
0
0
0
0
0
0
0
0
0
0
0
0
0
0
0
0
0
0
0
0
0
0
0
0
0
0
0
0
0
0
0
0
0
0
0
0
0
0
0
0
0
0
0
0
0
0
0
0
0
0
0
0
0
0
0
0
0
0
0
0
0
0
0
0
0
0
0
0
0
0
0
0
0
0
0
0
0
0
0
0
0
0
0
0
0
0
0
0
0
0
0
0
0
0
0
0
0
0
0
0
0
0
0
0
0
0
0
0
0
0
0
0
0
0
0
0
0
0
0
0
0
0
0
0
0
0
0
0
0
0
0
0
0
0
0
0
0
0
0
0
0
0
0
0
0
0
0
0
0
0
0
0
0
0
0
0
0
0
0
0
0
0
0
0
0
0
0
0
0
0
0
0
0
0
0
0
0
0
0
0
0
0
0
0
0
0
0
0
0
0
0
0
0
0
0
0
0
0
0
0
0
0
0
0
0
0
0
0
0
0
0
0
0
0
0
0
0
0
0
0
0
0
0
0
0
0
0
0
0
0
0
0
0
0
0
0
0
0
0
0
0
0
0
0
0
0
0
0
0
0
0
0
0
0
0
0
0
0
0
0
0
0
0
0
0
0
0
0
0
0
0
0
0
0
0
0
0
0
0
0
0
0
0
0
0
0
0
0
0
0
0
0
0
0
0
0
0
0
0
0
0
0
0
0
0
0
0
0
0
0
0
0
0
0
0
0
0
0
0
0
0
0
0
0
0
0
0
0
0
0
0
0
0
0
0
0
0
0
0
0
0
0
0
0
0
0
0
0
0
0
0
0
0
0
0
0
0
0
0
0
0
0
0
0
0
0
0
0
0
0
0
0
0
0
0
0
0
0
0
0
0
0
0
0
0
0
0
0
0
0
0
0
0
0
0
0
0
0
0
0
0
0
0
0
0
0
0
0
0
0
0
0
0
0
0
0
0
0
0
0
0
0
0
0
0
0
0
0
0
0
0
0
0
0
0
0
0
0
0
0
0
0
0
0
0
0
0
0
0
0
0
0
0
0
0
0
0
0
0
0
0
0
0
0
0
0
0
0
0
0
0
0
0
0
0
0
0
0
0
0
0
0
0
0
0
0
0
0
0
0
0
0
0
0
0
0
0
0
0
0
0
0
0
0
0
0
0
0
0
0
0
0
0
0
0
0
0
0
0
0
0
0
0
0
0
0
0
0
0
0
0
0
0
0
0
0
0
0
0
0
0
0
0
0
0
0
0
0
0
0
0
0
0
0
0
0
0
0
0
0
0
0
0
0
0
0
0
0
0
0
0
0
0
0
0
0
0
0
0
0
0
0
0
0
0
0
0
0
0
0
0
0
0
0
0
0
0
0
0
0
0
0
0
0
0
0
0
0
0
0
0
0
0
0
0
0
0
0
0
0
0
0
0
0
0
0
0
0
0
0
0
0
0
0
0
0
0
0
0
0
0
0
0
0
0
0
0
0
0
0
0
0
0
0
0
0
0
0
0
0
0
0
0
0
0
0
0
0
0
0
0
0
0
0
0
0
0
0
0
0
0
0
0
0
0
0
0
0
0
0
0
0
0
0
0
0
0
0
0
0
0
0
0
0
0
0
0
0
0
0
0
0
0
0
0
0
0
0
0
0
0
0
0
0
0
0
0
0
0
0
0
0
0
0
0
0
0
0
0
0
0
0
0
0
0
0
0
0
0
0
0
0
0
0
0
0
0
0
0
0
0
0
0
0
0
0
0
0
0
0
0
0
0
0
0
0
0
0
0
0
0
0
0
0
0
0
0
0
0
0
0
0
0
0
0
0
0
0
0
0
0
0
0
0
0
0
0
0
0
0
0
0
0
0
0
0
0
0
0
0
0
0
0
0
0
0
0
0
0
0
0
0
0
0
0
0
0
0
0
0
0
0
0
0
0
0
0
0
0
0
0
0
0
0
0
0
0
0
0
0
0
0
0
0
0
0
0
0
0
0
0
0
0
0
0
0
0
0
0
0
0
0
0
0
0
0
0
0
0
0
0
0
0
0
0
0
0
0
0
0
0
0
0
0
0
0
0
0
0
0
0
0
0
0
0
0
0
0
0
0
0
0
0
0
0
0
0
0
0
0
0
0
0
0
0
0
0
0
0
0
0
0
0
0
0
0
0
0
0
0
0
0
0
0
0
0
0
0
0
0
0
0
0
0
0
0
0
0
0
0
0
0
0
0
0
0
0
0
0
0
0
0
0
0
0
0
0
0
0
0
0
0
0
0
0
0
0
0
0
0
0
0
0
0
0
0
0
0
0
0
0
0
0
0
0
0
0
0
0
0
0
0
0
0
0
0
0
0
0
0
0
0
0
0
0
0
0
0
0
0
0
0
0
0
0
0
0
0
0
0
0
0
0
0
0
0
0
0
0
0
0
0
0
0
0
0
0
0
0
0
0
0
0
0
0
0
0
0
0
0
0
0
0
0
0
0
0
0
0
0
0
0
0
0
0
0
0
0
0
0
0
0
0
0
0
0
0
0
0
0
0
0
0
0
0
0
0
0
0
0
0
0
0
0
0
0
0
0
0
0
0
0
0
0
0
0
0
0
0
0
0
0
0
0
0
0
0
0
0
0
0
0
0
0
0
0
0
0
0
0
0
0
0
0
0
0
0
0
0
0
0
0
0
0
0
0
0
0
0
0
0
0
0
0
0
0
0
0
0
0
0
0
0
0
0
0
0
0
0
0
0
0
0
0
