0
0
0
0
0
0
0
0
0
0
0.314749
0.422304
0.561294
0.645344
0.721925
0.775957
0.819605
0.85032
0.874732
0.893274
0.90802
0.917184
0.922097
0.92945
0.931896
0.93432
0.93656
0.94462
0.947538
0.944626
0.947148
0.947122
0.947577
0.954022
0.95711
0.959764
0.962548
0.965597
0.966805
0.96886
0.965556
0.96639
0.965415
0.967374
0.967237
0.966493
0.966392
0.965428
0.968262
0.969493
0.973548
0.97565
0.979902
0.975544
0.975618
0.97335
0.971426
0.968963
0.968446
0.966433
0.963826
0.964958
0.963073
0.961979
0.960729
0.956374
0.956876
0.96053
0.95643
0.953725
0.955216
0.954927
0.955053
0.953575
0.95165
0.951392
0.950794
0.953979
0.953437
0.948401
0.943811
0.936677
0.934422
0.931763
0.933658
0.932994
0.931708
0.923719
0.922255
0.916881
0.910617
0.916458
0.908737
0.898276
0.895927
0.888494
0.884114
0.879651
0.880193
0.871078
0.865304
0.86478
0.861011
0.860621
0.862209
0.857672
0.855558
0.84977
0.842332
0.832249
0.82021
0.806942
0.790294
0.777458
0.764479
0.751061
0.737697
0.725841
0.711429
0.697594
0.681679
0.664789
0.646147
0.630747
0.615589
0.598957
0.582201
0.571151
0.554415
0.533777
0.520834
0.505281
0.488727
0.472103
0.456536
0.438444
0.42942
0.421224
0.407182
0.39498
0.377001
0.361
0.34307
0.325093
0.30971
0.297263
0.280102
0.261285
0.248167
0.229416
0.209225
0.192743
0.171282
0.156077
0.145763
0.137983
0.127666
0.116169
0.104729
0.0963538
0.0851839
0.0770257
0.0623984
0.0468293
0.0308747
0.0124729
-0.00324951
-0.0135083
-0.0186722
-0.0187646
-0.0140831
-0.0140142
-0.0173577
-0.0198252
-0.0310069
-0.0371015
-0.04125
-0.0468276
-0.046607
-0.0484061
-0.0463899
-0.043624
-0.0377844
-0.0336895
-0.0378391
-0.0322532
-0.0280752
-0.0211081
-0.0136911
-0.00877521
-0.00520215
0.0016251
0.0119628
0.0272416
0.0389491
0.0458419
0.0516772
0.056665
0.0643282
0.0695489
0.0809124
0.0988271
0.116847
0.127784
0.1434
0.156824
0.174116
0.189847
0.20901
0.228446
0.245039
0.25546
0.333341
0.307673
0.330289
0.323155
0.335048
0.343261
0.352459
0.357389
0.361547
0.365236
0.370413
0.373464
0.376777
0.386827
0.388687
0.395837
0.403173
0.407168
0.406463
0.414813
0.413376
0.413364
0.415092
0.418673
0.416163
0.413012
0.419022
0.413135
0.414446
0.41696
0.418274
0.431497
0.448113
0.452373
0.46487
0.470139
0.473751
0.479883
0.483952
0.486143
0.495042
0.507176
0.510077
0.519846
0.530589
0.536808
0.549085
0.550379
0.556153
0.55824
0.558912
0.562622
0.562847
0.573946
0.572168
0.573517
0.580959
0.585561
0.603433
0.609373
0.617398
0.622629
0.623011
0.632488
0.636863
0.638297
0.641739
0.643007
0.646349
0.645305
0.6417
0.629579
0.629581
0.631379
0.624616
0.61758
0.608032
0.609256
0.606853
0.607036
0.610265
0.618602
0.625063
0.642438
0.657048
0.682988
0.702572
0.737245
0.75918
0.790836
0.809608
0.838746
0.846673
0.868852
0.874531
0.892342
0.899488
0.917289
0.931859
0.944763
0.960189
0.968932
0.981115
0.985586
0.99761
1.00448
1.00982
1.005
0.995436
0.993058
0.971513
0.963217
0.945371
0.936448
0.925655
0.913209
0.911826
0.900524
0.8952
0.885248
0.87844
0.873631
0.86578
0.862949
0.854499
0.852081
0.856099
0.853055
0.859752
0.863641
0.860506
0.861331
0.867078
0.876956
0.874585
0.865406
0.865912
0.865198
0.866774
0.866147
0.867658
0.876362
0.878249
0.880758
0.945125
0.908785
0.925244
0.942555
0.972059
1.00113
1.04196
1.08755
1.12857
1.17149
1.21812
1.25872
1.30618
1.34628
1.38596
1.41381
1.44407
1.47203
1.48812
1.50152
1.51049
1.51819
1.51707
1.51185
1.50253
1.48486
1.47161
1.46276
1.44695
1.43031
1.41717
1.40788
1.39804
1.39031
1.39454
1.39152
1.38938
1.38387
1.39107
1.39468
1.39732
1.40449
1.40652
1.41684
1.41822
1.41608
1.41265
1.40957
1.39761
1.38918
1.38398
1.37757
1.37643
1.36068
1.35499
1.35741
1.36994
1.3888
1.42706
1.46211
1.51149
1.54852
1.59584
1.64758
1.69105
1.73838
1.7814
1.8236
1.86549
1.9004
1.92851
1.94614
1.95773
1.96107
1.95902
1.95276
1.94452
1.93234
1.92222
1.91843
1.91069
1.90367
1.90656
1.89575
1.88519
1.87924
1.87845
1.87366
1.86614
1.86508
1.86134
1.91928
1.8759
1.87325
1.84041
1.82851
1.83716
1.83419
1.82912
1.82701
1.82706
1.834
1.86113
1.8995
1.94667
1.98666
2.02502
2.06681
2.10704
2.13893
2.18034
2.2172
2.24528
2.26127
2.2715
2.27923
2.28366
2.28307
2.28431
2.27325
2.26355
2.24814
2.24457
2.23188
2.21788
2.20335
2.19958
2.19153
2.18549
2.18279
2.1826
2.18494
2.18256
2.18385
2.18568
2.18395
2.1797
2.18431
2.18548
2.1886
2.18734
2.18929
2.19494
2.26231
2.25208
2.29023
2.31576
2.35653
2.40345
2.44541
2.49889
2.54648
2.5917
2.6344
2.68015
2.73052
2.7678
2.80941
2.83266
2.84957
2.87031
2.87947
2.88798
2.89248
2.89782
2.88946
2.88409
2.87677
2.8621
2.84717
2.84633
2.85147
2.84446
2.84085
2.8301
2.83764
2.82818
2.83098
2.8289
2.83732
2.8358
2.82948
2.83126
2.82161
2.82635
2.83217
2.8549
2.87158
2.95464
2.96414
3.026
3.0717
3.13198
3.19874
3.2693
3.325
3.38755
3.43455
3.48535
3.53187
3.56896
3.59637
3.61301
3.62173
3.6262
3.63579
3.62806
3.62659
3.62454
3.6233
3.60615
3.58433
3.56523
3.55059
3.53604
3.51737
3.50652
3.49509
3.48312
3.47592
3.46264
3.44423
3.42731
3.41204
3.39674
3.38305
3.36171
3.3393
3.31727
3.30186
3.28973
3.2861
3.34648
3.31757
3.34103
3.42016
3.42911
3.47512
3.51491
3.5677
3.62611
3.66641
3.72133
3.77424
3.82054
3.8646
3.96887
3.96788
4.00759
4.02643
4.05225
4.07344
4.09473
4.10981
4.17938
4.15537
4.16892
4.15871
4.1642
4.16632
4.17198
4.17248
4.17868
4.18788
4.1877
4.18926
4.19369
4.25615
4.2117
4.22228
4.20811
4.19986
4.1893
4.1807
4.17703
4.16919
4.17072
4.16851
4.16221
4.16891
4.23479
4.21056
4.23471
4.25887
4.28957
4.32397
4.36615
4.46506
4.47123
4.52415
4.55417
4.59079
4.62563
4.65892
4.69358
4.72304
4.75288
4.78099
4.816
4.82863
4.84285
4.84456
4.84963
4.85431
4.90369
4.86404
4.86126
4.84474
4.89429
4.84257
4.8549
4.84177
4.84208
4.84897
4.84376
4.84804
4.84274
4.83303
4.8307
4.82543
4.82249
4.82431
4.82114
4.83415
4.89335
4.85807
4.87746
4.87307
4.88489
4.88392
4.89043
4.89254
4.89486
4.89337
4.89267
4.90794
4.9068
4.92265
4.93086
4.94751
4.95867
4.99263
5.08655
5.09748
5.14868
5.20301
5.25515
5.36208
5.3686
5.41849
5.44222
5.47567
5.50258
5.52724
5.54889
5.57561
5.5978
5.62586
5.70555
5.69493
5.71355
5.72581
5.73417
5.74228
5.74475
5.73771
5.72931
5.71363
5.75517
5.68752
5.67742
5.63822
5.61104
5.58321
5.55834
5.59434
5.53606
5.53022
5.503
5.49583
5.48643
5.46924
5.46709
5.45631
5.44311
5.43432
5.4209
5.41482
5.39963
5.38412
5.37852
5.3686
5.35626
5.343
5.341
5.34088
5.33842
5.34673
5.35783
5.36472
5.37765
5.38658
5.39383
5.40397
5.41643
5.42005
5.42657
5.44308
5.45048
5.46346
5.47291
5.48231
5.48641
5.50059
5.50654
5.50653
5.5052
5.50971
5.52319
5.52796
5.54672
5.56246
5.63093
5.61581
5.63929
5.689
5.66827
5.69339
5.69396
5.69098
5.69203
5.70457
5.7054
5.71065
5.7719
5.74637
5.75267
5.8042
5.78177
5.79867
5.79988
5.82208
5.84022
5.85714
5.87372
5.89422
5.9157
5.94205
5.96415
5.97974
6.00187
6.03071
6.0573
6.07523
6.09491
6.11706
6.14266
6.16692
6.18767
6.19615
6.20782
6.2219
6.23165
6.24406
6.25133
6.25907
6.26855
6.27698
6.28144
6.287
6.2902
6.34824
6.32057
6.33659
6.32807
6.32787
6.32148
6.35802
6.36713
6.3339
6.32879
6.31879
6.36653
6.32376
6.31707
6.35319
6.31018
6.30791
6.34573
6.29984
6.29217
6.26919
6.26205
6.25065
6.29742
6.30896
6.2787
6.26567
6.25084
6.24467
6.23203
6.22647
6.2142
6.2072
6.19523
6.18813
6.18416
6.18255
6.17872
6.18165
6.1761
6.17844
6.17939
6.23438
6.20176
6.21342
6.20262
6.20882
6.20586
6.20657
6.25953
6.22795
6.23841
6.28308
6.24765
6.24693
6.23974
6.24286
6.24666
6.25286
6.26077
6.26807
6.27327
6.28242
6.34513
6.31901
6.33493
6.32588
6.33684
6.33886
6.34489
6.34553
6.3528
6.41765
6.38892
6.45198
6.40971
6.42258
6.46825
6.43518
6.44079
6.43323
6.43572
6.4411
6.44692
6.45389
6.45777
6.51765
6.5426
6.51975
6.57861
6.54604
6.55709
6.5541
6.55838
6.5602
6.56427
6.56941
6.573
6.57506
6.56697
6.5643
6.56508
6.56281
6.56272
6.55745
6.5554
6.5552
6.60842
6.57529
6.57301
6.56044
6.55436
6.54253
6.53592
6.52954
6.52595
6.52606
6.52066
6.51641
6.56474
6.52411
6.5223
6.56618
6.51895
6.51956
6.50779
6.50222
6.48726
6.47503
6.46359
6.50423
6.45493
6.44404
6.46831
6.46629
6.42114
6.44759
6.38661
6.37595
6.35362
6.34214
6.33321
6.37193
6.32415
6.32187
6.30324
6.30061
6.21199
6.26001
6.24809
6.26178
6.26282
6.32149
6.28773
6.29351
6.34265
6.35945
6.33788
6.33617
6.33341
6.38742
6.35162
6.36
6.35285
6.35453
6.3549
6.36251
6.36529
6.37006
6.37453
6.37834
6.37997
6.38493
6.38955
6.44688
6.41988
6.42834
6.41908
6.42427
6.41954
6.41487
6.41203
6.40855
6.41013
6.4109
6.41874
6.42134
6.42013
6.47717
6.44227
6.44473
6.43282
6.48239
6.44896
6.45323
6.44529
6.44409
6.4377
6.48775
6.45534
6.45856
6.4482
6.44607
6.44035
6.44339
6.43932
6.44035
6.43771
6.43926
6.43741
6.48668
6.45034
6.44844
6.43737
6.43457
6.42723
6.42285
6.41761
6.4093
6.40509
6.3999
6.39646
6.38982
6.38241
6.37339
6.36656
6.36538
6.36416
6.36273
6.36329
6.35801
6.35205
6.35008
6.34429
6.38994
6.35204
6.35189
6.34046
6.33502
6.32968
6.32962
6.32854
6.32717
6.3837
6.35283
6.36427
6.41208
6.38367
6.38879
6.38019
6.38315
6.43556
6.40504
6.41376
6.46011
6.42797
6.43051
6.42525
6.42632
6.42741
6.48733
6.45796
6.46626
6.45945
6.46357
6.46001
6.50737
6.46886
6.4744
6.51412
6.48091
6.48067
6.52213
6.48527
6.48542
6.46468
6.45501
6.43757
6.43044
6.42912
6.42294
6.41961
6.41443
6.46672
6.42868
6.4853
6.43793
6.44684
6.43533
6.43276
6.4228
6.47788
6.49085
6.46241
6.51326
6.46334
6.47165
6.4588
6.50679
6.46573
6.47018
6.51625
6.47881
6.48341
6.47679
6.48049
6.48437
6.48076
6.48248
6.48073
6.48742
6.54257
6.51978
6.5326
6.53206
6.53772
6.54112
6.59578
6.56257
6.57467
6.62107
6.59436
6.60323
6.65284
6.6236
6.63508
6.63326
6.63825
6.64391
6.64617
6.7065
6.67815
6.6933
6.69437
6.74596
6.70009
6.70541
6.6938
6.74586
6.70789
6.77191
6.73336
6.72871
6.71511
6.75545
6.71513
6.72377
6.71189
6.70978
6.75863
6.77583
6.7446
6.73659
6.71935
6.75422
6.7186
6.72355
6.71956
6.71769
6.71111
6.7048
6.69715
6.6905
6.6798
6.66872
6.66554
6.6614
6.71108
6.66706
6.71843
6.66731
6.66436
6.69832
6.65365
6.64977
6.6307
6.61559
6.5957
6.62549
6.57369
6.56284
6.58655
6.5318
6.51981
6.49593
6.48112
6.46703
6.45863
6.45168
6.49127
6.44448
6.4414
6.47304
6.47236
6.42229
6.4088
6.38393
6.36889
6.35559
6.34916
6.34301
6.33934
6.34277
6.33891
6.33896
6.33773
6.32275
6.32895
6.3282
6.32921
6.33047
6.34422
6.34786
6.3534
6.36072
6.35536
6.35114
6.35462
6.34544
6.34676
6.34839
6.34864
6.3435
6.34959
6.34316
6.3458
6.34504
6.34353
6.34572
6.35118
6.3498
6.35555
6.35764
6.35914
6.35783
6.35972
6.3553
6.35116
6.35211
6.34795
6.34463
6.34549
6.33785
6.32948
6.31702
6.31335
6.30015
6.2964
6.29262
6.29277
6.28669
6.28494
6.28561
6.27878
6.27994
6.2726
6.26669
6.26467
6.26832
6.26176
6.25582
6.24778
6.23729
6.23078
6.22368
6.22
6.21032
6.20116
6.19144
6.18229
6.18092
6.17576
6.16971
6.1653
6.16013
6.15762
6.15726
6.15158
6.15102
6.1472
6.14187
6.14097
6.13877
6.13804
6.1334
6.12918
6.11795
6.10503
6.09755
6.09337
6.0843
6.06713
6.0526
6.03497
6.01686
5.99283
5.98028
5.9719
5.96851
5.95976
5.95256
5.94645
5.94534
5.93769
5.92318
5.91493
5.90402
5.89856
5.8863
5.8831
5.87473
5.87249
5.86163
5.85748
5.84995
5.83591
5.82735
5.82507
5.83191
5.83699
5.83982
5.84015
5.83697
5.84166
5.8421
5.84386
5.85078
5.86567
5.87495
5.88709
5.89159
5.89083
5.89271
5.90084
5.91883
5.93833
5.95435
5.96882
5.98144
6.00108
6.01905
6.04498
6.06321
6.0871
6.10232
6.11437
6.13129
6.15425
6.17573
6.1901
6.19892
6.21366
6.22707
6.23783
6.24058
6.23918
6.23667
6.2397
6.23804
6.23693
6.23747
6.23485
6.23217
6.22716
6.21334
6.20821
6.20428
6.20743
6.20496
6.20518
6.20221
6.19506
6.19124
6.18786
6.19138
6.18775
6.17839
6.16732
6.15537
6.15382
6.14018
6.13069
6.12132
6.11433
6.0973
6.07912
6.06662
6.06232
6.05187
6.04207
6.03359
6.03614
6.048
6.05761
6.06178
6.06407
6.06435
6.06773
6.0607
6.06176
6.06403
6.06124
6.05366
6.05548
6.06389
6.07184
6.07506
6.08124
6.09128
6.09699
6.10215
6.11643
6.13175
6.14227
6.15502
6.17023
6.18877
6.20068
6.21054
6.22941
6.24607
6.25173
6.26877
6.2847
6.29156
6.29935
6.31082
6.32054
6.33555
6.3512
6.36704
6.3796
6.39863
6.41628
6.42988
6.43922
6.44229
6.44394
6.44467
6.45027
6.44591
6.4452
6.4375
6.4257
6.41493
6.40159
6.39198
6.3822
6.37708
6.36577
6.35006
6.34163
6.33715
6.3233
6.31377
6.30653
6.30287
6.29338
6.28533
6.28188
6.27281
6.2678
6.2628
6.25804
6.25018
6.24069
6.22702
6.21043
6.20688
6.204
6.1971
6.19192
6.1968
6.19708
6.19268
6.19984
6.20814
6.20876
6.20764
6.21519
6.22125
6.21662
6.22036
6.22002
6.21616
6.21333
6.22081
6.22084
6.2271
6.23166
6.24311
6.24904
6.25782
6.26572
6.26986
6.27778
6.29155
6.30125
6.3087
6.32293
6.33217
6.3427
6.35586
6.36811
6.37909
6.37963
6.37888
6.37076
6.35943
6.34665
6.33825
6.33086
6.31369
6.29977
6.28841
6.27536
6.26504
6.25605
6.24536
6.23458
6.22466
6.20831
6.18673
6.17187
6.15766
6.14326
6.13096
6.12325
6.11193
6.09817
6.08547
6.07392
6.06786
6.06124
6.05117
6.04072
6.02985
6.02248
6.01924
6.0102
6.00643
6.01596
6.02596
6.03727
6.05183
6.06452
6.07152
6.08737
6.09769
6.10963
6.12743
6.13644
6.13445
6.145
6.16882
6.18446
6.20873
6.23376
6.24744
6.25592
6.27553
6.2826
6.28916
6.29208
6.30136
6.30773
6.32
6.329
6.33225
6.33592
6.3363
6.34451
6.34916
6.3518
6.36006
6.3575
6.35229
6.35627
6.35269
6.34081
6.33098
6.32896
6.32303
6.32155
6.31509
6.30566
6.28811
6.27467
6.26709
6.25373
6.24263
6.23039
6.22136
6.21818
6.21678
6.2141
6.21003
6.21212
6.20896
6.20604
6.20342
6.19531
6.18034
6.16792
6.16528
6.16072
6.14224
6.12992
6.11726
6.09943
6.08597
6.07665
6.05631
6.03762
6.0227
6.01476
6.01347
6.01936
6.03126
6.03443
6.04423
6.0607
6.06869
6.07139
6.07734
6.08069
6.08576
6.08962
6.08935
6.09544
6.09838
6.10955
6.11688
6.11302
6.10745
6.10845
6.10904
6.11119
6.11351
6.12271
6.13308
6.13676
6.12424
6.1162
6.09779
6.08035
6.06055
6.04163
6.02405
6.01062
5.98672
5.97668
5.969
5.95696
5.95747
5.95876
5.95531
5.95358
5.95963
5.97194
5.97664
5.98129
5.98809
5.99072
5.99058
5.99233
6.00181
6.00844
6.01764
6.02107
6.03571
6.04288
6.04666
6.04959
6.05907
6.06728
6.07567
6.08664
6.10636
6.12034
6.13473
6.14785
6.15869
6.17581
6.19442
6.21078
6.22188
6.22926
6.2424
6.26233
6.27499
6.28451
6.29432
6.30662
6.31539
6.32581
6.34256
6.36096
6.37891
6.38452
6.39038
6.39767
6.39637
6.38956
6.38974
6.38702
6.38499
6.37942
6.37205
6.362
6.35037
6.35073
6.34282
6.34015
6.34106
6.33042
6.31547
6.30664
6.29744
6.29112
6.28037
6.27042
6.26218
6.25507
6.25056
6.24102
6.23707
6.23231
6.22218
6.20996
6.19091
6.17893
6.15474
6.13299
6.11317
6.09751
6.07908
6.06178
6.0415
6.02285
6.01221
6.00658
5.99688
5.97939
5.96831
5.96347
5.94957
5.92972
5.91632
5.91024
5.9098
5.90841
5.90386
5.89547
5.88957
5.88687
5.88564
5.88253
5.87735
5.87621
5.87332
5.86425
5.85023
5.84618
5.8479
5.85329
5.85241
5.85772
5.86231
5.86964
5.87441
5.88105
5.8838
5.89318
5.90111
5.90506
5.90614
5.90196
5.90168
5.90187
5.91289
5.91621
5.91953
5.9114
5.90833
5.9014
5.90508
5.9026
5.90661
5.90783
5.91524
5.91628
5.91722
5.92056
5.91756
5.92695
5.9458
5.96696
5.98448
5.99643
6.01005
6.02096
6.03917
6.06304
6.0917
6.11188
6.13618
6.15472
6.17546
6.19425
6.22426
6.25022
6.26896
6.27641
6.28609
6.29313
6.30972
6.32135
6.34057
6.3539
6.36747
6.37341
6.39123
6.39568
6.40359
6.40471
6.41028
6.41214
6.4236
6.42709
6.43489
6.4392
6.44779
6.45536
6.46286
6.47107
6.49094
6.50655
6.51905
6.53334
6.5455
6.55411
6.56681
6.57969
6.59349
6.60646
6.61826
6.62975
6.63452
6.64227
6.64748
6.65161
6.65809
6.66099
6.66284
6.65948
6.65872
6.65619
6.65511
6.65322
6.66085
6.66185
6.66555
6.66413
6.6637
6.66156
6.65832
6.65745
6.65871
6.65825
6.65675
6.65443
6.64869
6.64535
6.64205
6.6378
6.63604
6.63411
6.62694
6.62367
6.61578
6.61627
6.60888
6.60512
6.60641
6.60194
6.59684
6.59221
6.58226
6.57203
6.56111
6.55025
6.53675
6.528
6.51823
6.51177
6.50531
6.49619
6.49182
6.47972
6.46742
6.45107
6.43824
6.42429
6.41729
6.4066
6.39485
6.3836
6.37209
6.34982
6.3325
6.30845
6.29059
6.27222
6.25785
6.24723
6.24338
6.23428
6.22269
6.21454
6.20336
6.1949
6.18682
6.17943
6.17214
6.17141
6.16403
6.16008
6.15736
6.15756
6.16095
6.16507
6.1632
6.17142
6.17141
6.16585
6.16303
6.15908
6.15535
6.154
6.15165
6.1486
6.14745
6.14931
6.15144
6.1586
6.16462
6.17709
6.18749
6.20266
6.21625
6.22747
6.23954
6.25071
6.26152
6.27547
6.28575
6.29685
6.30666
6.31623
6.32139
6.33234
6.34017
6.35185
6.36243
6.36891
6.37442
6.38088
6.38655
6.39252
6.39349
6.3938
6.39517
6.44855
6.41173
6.4181
6.40732
6.40918
6.41313
6.40688
6.46222
6.43124
6.48511
6.44765
6.45068
6.44065
6.49363
6.46251
6.51986
6.48187
6.53597
6.49471
6.50314
6.54487
6.50941
6.50897
6.49273
6.48728
6.47804
6.47385
6.47008
6.46304
6.45762
6.45012
6.4391
6.43023
6.49896
6.44478
6.44734
6.43236
6.42615
6.4182
6.41328
6.40553
6.40057
6.39821
6.39312
6.39176
6.38792
6.38658
6.38719
6.38268
6.3772
6.37381
6.36309
6.34981
6.33961
6.32742
6.31643
6.30639
6.29639
6.28716
6.28067
6.27354
6.26309
6.25589
6.24936
6.24301
6.23645
6.22715
6.21917
6.21065
6.2012
6.19535
6.1856
6.17783
6.17207
6.16436
6.15601
6.196
6.16192
6.16329
6.1492
6.14616
6.14152
6.1437
6.14505
6.15162
6.1537
6.16084
6.16574
6.17224
6.17489
6.18473
6.18776
6.19124
6.19044
6.19563
6.20141
6.204
6.21311
6.21823
6.22438
6.23153
6.23589
6.24246
6.24404
6.24776
6.25132
6.25769
6.25733
6.2593
6.2581
6.25686
6.25369
6.25207
6.29236
6.25866
6.26243
6.25659
6.25592
6.25917
6.26333
6.26207
6.26006
6.25396
6.25551
6.25743
6.25798
6.26174
6.27178
6.28422
6.2952
6.30545
6.32321
6.34574
6.37009
6.3967
6.4226
6.44516
6.47012
6.49879
6.53025
6.55843
6.5825
6.61069
6.64802
6.67856
6.71219
6.74208
6.77111
6.80784
6.84314
6.86827
6.89339
6.92094
6.95084
6.97502
7.00353
7.03261
7.05844
7.07793
7.09902
7.12546
7.14841
7.16927
7.19347
7.21359
7.22693
7.24242
7.2621
7.28119
7.31029
7.33278
7.35074
7.37566
7.39281
7.41472
7.43916
7.45564
7.46172
7.4699
7.47437
7.48528
7.49583
7.49456
7.50343
7.5139
7.51794
7.52557
7.51723
7.52327
7.52868
7.51999
7.51716
7.51855
7.51766
7.5104
7.50693
7.49604
7.49795
7.47443
7.47169
7.46245
7.4502
7.43363
7.40535
7.39276
7.37048
7.34524
7.33789
7.32376
7.31599
7.31305
7.30506
7.31752
7.30612
7.34881
7.3402
7.34385
7.37748
7.3657
7.36059
7.37296
7.37026
7.38045
7.3907
7.41531
7.41706
7.3954
7.3814
7.3795
7.35856
7.35408
7.35217
7.37459
7.36164
7.36149
7.35968
7.35985
7.36236
7.36627
7.36605
7.38698
7.4028
7.40826
7.41877
7.43179
7.44063
7.4473
7.45957
7.46841
7.46573
7.47423
7.47177
7.47522
7.46021
7.45743
7.4478
7.4388
7.44849
7.42968
7.42525
7.40278
7.37787
7.3541
7.33191
7.31382
7.28537
7.25339
7.23345
7.20937
7.18616
7.16962
7.15882
7.13967
7.12748
7.11581
7.10806
7.10878
7.10847
7.11026
7.1186
7.11809
7.12723
7.14431
7.1761
7.19283
7.2399
7.27072
7.30571
7.34304
7.3798
7.41106
7.44117
7.48366
7.51723
7.54764
7.57457
7.58542
7.60283
7.62205
7.64552
7.66576
7.69078
7.71795
7.73388
7.74866
7.75575
7.76761
7.78107
7.78939
7.80529
7.8071
7.81965
7.82105
7.8256
7.81978
7.80824
7.78574
7.75827
7.7141
7.66766
7.62931
7.58887
7.54258
7.48522
7.44945
7.40775
7.37996
7.35689
7.34933
7.33888
7.3408
7.33635
7.34141
7.34084
7.34791
7.34637
7.35271
7.34832
7.36097
7.3693
7.37825
7.38305
7.38383
7.38715
7.38852
7.39673
7.39609
7.39377
7.39337
7.39213
7.39203
7.38965
7.3823
7.37939
7.37459
7.36578
7.35846
7.34508
7.36227
7.33123
7.32387
7.30344
7.29202
7.28014
7.27252
7.25699
7.23897
7.2265
7.21632
7.20895
7.20385
7.19425
7.18248
7.17386
7.17187
7.17447
7.17082
7.16019
7.1504
7.15439
7.16336
7.16603
7.16638
7.16362
7.16173
7.15719
7.15511
7.15605
7.18517
7.17069
7.17846
7.17628
7.18205
7.18301
7.17855
7.17419
7.17395
7.17308
7.17135
7.17374
7.17675
7.17553
7.17303
7.1683
7.16404
7.15962
7.15454
7.1486
7.14126
7.13698
7.13101
7.13059
7.13158
7.1355
7.12976
7.12913
7.12628
7.12143
7.12156
7.1153
7.1192
7.12422
7.12749
7.13237
7.1373
7.14089
7.1454
7.14976
7.15658
7.17115
7.19009
7.20107
7.21716
7.22742
7.23803
7.24525
7.25452
7.25957
7.26288
7.27048
7.27555
7.28665
7.29145
7.2915
7.289
7.2844
7.28127
7.27469
7.26703
7.2587
7.25344
7.25027
7.24771
7.25074
7.24965
7.2529
7.24811
7.23797
7.23299
7.22155
7.20973
7.19398
7.17981
7.1605
7.13146
7.10683
7.08227
7.05805
7.03447
7.02037
7.0041
6.99323
6.98588
6.97953
6.97971
6.97454
6.96162
6.94706
6.92385
6.90824
6.89639
6.88592
6.8785
6.8682
6.85874
6.84479
6.83159
6.8264
6.81698
6.8066
6.79459
6.77238
6.75864
6.73163
6.71053
6.68346
6.65611
6.62952
6.61411
6.60458
6.58831
6.57222
6.55703
6.5465
6.52691
6.5088
6.48045
6.45825
6.43169
6.41266
6.38604
6.35751
6.32648
6.30246
6.27087
6.23993
6.21576
6.19478
6.17971
6.15763
6.14136
6.10729
6.07369
6.04286
6.00383
5.97451
5.93698
5.91033
5.87891
5.85168
5.83075
5.80547
5.78609
5.76353
5.75186
5.73959
5.72745
5.71372
5.70696
5.70319
5.68903
5.68416
5.67837
5.66818
5.66557
5.65824
5.65266
5.65612
5.65639
5.66153
5.68264
5.70462
5.72907
5.7642
5.79759
5.83691
5.8767
5.90951
5.95052
5.97673
5.99874
6.0165
6.02584
6.02711
6.03067
6.02526
6.01793
6.0154
5.9996
5.98627
5.97563
5.96208
5.94159
5.92904
5.90455
5.87415
5.84037
5.81563
5.78963
5.75894
5.72725
5.68907
5.65345
5.61821
5.59163
5.56085
5.53634
5.51238
5.48022
5.45311
5.43302
5.40213
5.37798
5.36845
5.34842
5.33629
5.33273
5.31848
5.30307
5.29818
5.2827
5.26739
5.24886
5.23505
5.21559
5.19656
5.16818
5.14547
5.12942
5.10611
5.08473
5.07016
5.06392
5.05224
5.05114
5.04156
5.03501
5.0429
5.05113
5.05929
5.08054
5.10988
5.13636
5.17643
5.22325
5.26282
5.31021
5.35542
5.40092
5.43716
5.46714
5.49078
5.5125
5.52521
5.53179
5.54008
5.54146
5.54431
5.54777
5.55138
5.54671
5.54023
5.52227
5.51322
5.50582
5.49812
5.4862
5.47733
5.46647
5.46047
5.45749
5.44685
5.43517
5.42328
5.41677
5.4008
5.39423
5.37933
5.3654
5.35305
5.34186
5.33783
5.34137
5.34785
5.35233
5.3571
5.35947
5.35968
5.34901
5.34024
5.33268
5.33103
5.32629
5.32327
5.32844
5.32034
5.31451
5.31329
5.31375
5.31931
5.33135
5.33007
5.3317
5.3377
5.34172
5.35257
5.36581
5.37321
5.39647
5.41308
5.4279
5.45037
5.46869
5.48348
5.50459
5.53693
5.5762
5.62339
5.68238
5.73601
5.80117
5.86017
5.92217
5.97591
6.03236
6.0805
6.11901
6.16323
6.19234
6.23182
6.24888
6.26994
6.28611
6.29727
6.30857
6.31778
6.32503
6.33462
6.33871
6.34342
6.34993
6.34942
6.35616
6.36309
6.37179
6.37153
6.38009
6.37697
6.38667
6.38798
6.40087
6.40506
6.41807
6.42168
6.43362
6.43354
6.43817
6.43928
6.44817
6.45019
6.45647
6.44957
6.45706
6.45554
6.45895
6.45583
6.45827
6.45525
6.45555
6.44212
6.43138
6.41952
6.40912
6.39041
6.37809
6.35657
6.34715
6.32745
6.31425
6.2915
6.28338
6.27603
6.26862
6.26382
6.2529
6.24778
6.24142
6.23349
6.22987
6.2217
6.22071
6.22231
6.22584
6.2255
6.22386
6.22817
6.22639
6.2366
6.23737
6.23495
6.23386
6.23416
6.23788
6.22951
6.2329
6.23325
6.22956
6.2353
6.23356
6.23873
6.24308
6.25008
6.25489
6.25852
6.27423
6.28597
6.302
6.32523
6.34422
6.37101
6.39086
6.4076
6.4342
6.45721
6.47377
6.49711
6.51906
6.54493
6.56752
6.5866
6.60381
6.62163
6.63175
6.63255
6.64171
6.65237
6.66281
6.67781
6.68843
6.69943
6.71282
6.7246
6.72574
6.73297
6.74283
6.75447
6.76926
6.77909
6.7886
6.79392
6.80396
6.8174
6.82816
6.84878
6.87597
6.90923
6.93455
6.95265
6.97762
7.00048
7.01968
7.03659
7.05936
7.07705
7.10459
7.12954
7.14588
7.16521
7.19417
7.21961
7.24038
7.26463
7.2945
7.32481
7.35508
7.38985
7.42999
7.46952
7.50956
7.54502
7.5809
7.62136
7.664
7.70399
7.74213
7.7818
7.82515
7.86728
7.90119
7.93917
7.97904
8.01793
8.05448
8.0921
8.1295
8.17248
8.21777
8.25753
8.29385
8.33241
8.37255
8.41317
8.46148
8.50211
8.54507
8.59026
8.63346
8.68085
8.73283
8.79642
8.85632
8.91303
8.9751
9.03548
9.10225
9.17911
9.24848
9.31882
9.37872
9.44528
9.51035
9.58636
9.67314
9.77206
9.86931
9.97237
10.0825
10.1923
10.312
10.4266
10.5477
10.6633
10.777
10.8757
10.9704
11.068
11.1622
11.2503
11.3427
11.4239
11.5076
11.5882
11.6664
11.7463
11.8216
11.8997
11.9719
12.0461
12.1215
12.2067
12.2831
12.3605
12.4474
12.5339
12.6155
12.6983
12.7834
12.8647
12.9489
13.0347
13.1248
13.2133
13.3083
13.4024
13.5005
13.605
13.7105
13.8154
13.9279
14.0449
14.1527
14.2613
14.3646
14.469
14.7372
14.9182
15.1175
15.2962
15.4793
15.6511
15.8275
15.9982
16.1724
16.356
16.5429
16.74
16.9332
17.1295
17.3325
17.5331
17.7285
17.9181
18.0931
18.2654
18.4196
18.5667
18.7006
18.8248
18.9256
19.0272
19.123
19.2133
19.2881
19.3597
19.4216
19.4646
19.5011
19.5328
19.5629
19.5999
19.6245
19.6499
19.6789
19.7116
19.7459
19.778
19.792
19.8151
19.8365
19.8559
19.8798
19.9104
19.9462
19.9789
20.0259
20.0702
20.1273
20.1787
20.2363
20.2836
20.3367
20.3948
20.4607
20.5397
20.6174
20.7237
20.8199
20.9313
21.0399
21.1543
21.2848
21.4184
21.5519
21.6913
21.8387
21.9949
22.1529
22.3164
22.4848
22.6566
22.8249
23.0056
23.1672
23.3441
23.4939
23.6545
23.8092
23.9612
24.109
24.2595
24.4265
24.5864
24.7425
24.8882
25.0318
25.1725
25.3042
25.4355
25.5557
25.6804
25.7994
25.9135
26.0311
26.1424
26.2585
26.378
26.5126
26.6426
26.7756
26.9077
27.0387
27.166
27.2914
27.4174
27.5298
27.652
27.7722
27.8887
28.0107
28.1105
28.209
28.2956
28.3836
28.4607
28.5339
28.6082
28.6751
28.7335
28.7981
28.8685
28.945
29.0095
29.0827
29.1522
29.2189
29.2856
29.3418
29.3975
29.4742
29.5471
29.6247
29.7187
29.8174
29.9144
30.0311
30.1458
30.2621
30.3873
30.5146
30.6442
30.7793
30.9213
31.0571
31.1935
31.3304
31.4704
31.6086
31.7471
31.8807
32.0171
32.1539
32.3081
32.4454
32.5857
32.7211
32.8623
33.0088
33.1526
33.3192
33.4895
33.6614
33.8415
34.0178
34.1869
34.3513
34.5157
34.6687
34.8261
34.9866
35.1352
35.2884
35.4448
35.6074
35.7728
35.9343
36.0841
36.2275
36.3928
36.5317
36.6869
36.8424
36.998
37.1508
37.3004
37.4447
37.5844
37.7214
37.8531
37.9785
38.1006
38.2125
38.3113
38.4146
38.4997
38.58
38.6572
38.7319
38.8034
38.876
38.9451
39.0143
39.0755
39.1251
39.1759
39.2355
39.2861
39.3393
39.3947
39.4401
39.4862
39.5322
39.5821
39.6252
39.6674
39.7007
39.7396
39.773
39.8114
39.8413
39.8649
39.9005
39.9327
39.9775
40.0097
40.0579
40.106
40.1599
40.2093
40.2652
40.3252
40.3853
40.4456
40.5006
40.5699
40.6368
40.7138
40.7813
40.8491
40.9192
40.9939
41.0734
41.1565
41.2422
41.3353
41.4205
41.5112
41.6049
41.711
41.8083
41.9145
42.0218
42.1207
42.2344
42.349
42.4612
42.5692
42.673
42.7836
42.8862
42.999
43.108
43.2192
43.3224
43.4302
43.5381
43.6348
43.7275
43.8124
43.8907
43.9777
44.0604
44.1323
44.2061
44.2832
44.3424
44.4004
44.4538
44.4874
44.5311
44.5377
44.5512
44.5623
44.561
44.5667
44.5644
44.579
44.5926
44.6137
44.6464
44.6835
44.7236
44.7699
44.8157
44.8734
44.9389
45.0012
45.0809
45.1776
45.2817
45.3804
45.4856
45.5867
45.6952
45.7965
45.9016
46.0123
46.1278
46.219
46.3343
46.4536
46.5542
46.6612
46.7751
46.8874
47.0025
47.1254
47.2437
47.3721
47.502
47.6187
47.7353
47.8498
47.9603
48.0722
48.1894
48.3123
48.4341
48.5396
48.6599
48.7533
48.8778
48.9868
49.0956
49.1909
49.286
49.3731
49.4583
49.5462
49.6386
49.7326
49.8301
49.9236
50.0344
50.1295
50.2315
50.3363
50.4405
50.5554
50.668
50.7793
50.8739
50.9715
51.0501
51.1312
51.2181
51.2993
51.3792
51.4471
51.5134
51.5694
51.6068
51.6624
51.7061
51.769
51.8373
51.9068
51.9831
52.0633
52.1557
52.2346
52.3142
52.3995
52.4754
52.5568
52.6279
52.712
52.807
52.8913
52.9732
53.0653
53.1655
53.2687
53.3716
53.4846
53.5908
53.7107
53.8271
53.9022
53.753
53.2692
53.0142
52.8348
52.7515
52.7013
52.7146
52.7358
0
0
0
0
0
0
0
0
0
0
0
0
0
0
0
0
0
0
0
0
0
0
0
0
0
0
0
0
0
0
0
0
0
0
0
0
0
0
0
0
0
0
0
0
0
0
0
0
0
0
0
0
0
0
0
0
0
0
0
0
0
0
0
0
0
0
0
0
0
0
0
0
0
0
0
0
0
0
0
0
0
0
0
0
0
0
0
0
0
0
0
0
0
0
0
0
0
0
0
0
0
0
0
0
0
0
0
0
0
0
0
0
0
0
0
0
0
0
0
0
0
0
0
0
0
0
0
0
0
0
0
0
0
0
0
0
0
0
0
0
0
0
0
0
0
0
0
0
0
0
0
0
0
0
0
0
0
0
0
0
0
0
0
0
0
0
0
0
0
0
0
0
0
0
0
0
0
0
0
0
0
0
0
0
0
0
0
0
0
0
0
0
0
0
0
0
0
0
0
0
0
0
0
0
0
0
0
0
0
0
0
0
0
0
0
0
0
0
0
0
0
0
0
0
0
0
0
0
0
0
0
0
0
0
0
0
0
0
0
0
0
0
0
0
0
0
0
0
0
0
0
0
0
0
0
0
0
0
0
0
0
0
0
0
0
0
0
0
0
0
0
0
0
0
0
0
0
0
0
0
0
0
0
0
0
0
0
0
0
0
0
0
0
0
0
0
0
0
0
0
0
0
0
0
0
0
0
0
0
0
0
0
0
0
0
0
0
0
0
0
0
0
0
0
0
0
0
0
0
0
0
0
0
0
0
0
0
0
0
0
0
0
0
0
0
0
0
0
0
0
0
0
0
0
0
0
0
0
0
0
0
0
0
0
0
0
0
0
0
0
0
0
0
0
0
0
0
0
0
0
0
0
0
0
0
0
0
0
0
0
0
0
0
0
0
0
0
0
0
0
0
0
0
0
0
0
0
0
0
0
0
0
0
0
0
0
0
0
0
0
0
0
0
0
0
0
0
0
0
0
0
0
0
0
0
0
0
0
0
0
0
0
0
0
0
0
0
0
0
0
0
0
0
0
0
0
0
0
0
0
0
0
0
0
0
0
0
0
0
0
0
0
0
0
0
0
0
0
0
0
0
0
0
0
0
0
0
0
0
0
0
0
0
0
0
0
0
0
0
0
0
0
0
0
0
0
0
0
0
0
0
0
0
0
0
0
0
0
0
0
0
0
0
0
0
0
0
0
0
0
0
0
0
0
0
0
0
0
0
0
0
0
0
0
0
0
0
0
0
0
0
0
0
0
0
0
0
0
0
0
0
0
0
0
0
0
0
0
0
0
0
0
0
0
0
0
0
0
0
0
0
0
0
0
0
0
0
0
0
0
0
0
0
0
0
0
0
0
0
0
0
0
0
0
0
0
0
0
0
0
0
0
0
0
0
0
0
0
0
0
0
0
0
0
0
0
0
0
0
0
0
0
0
0
0
0
0
0
0
0
0
0
0
0
0
0
0
0
0
0
0
0
0
0
0
0
0
0
0
0
0
0
0
0
0
0
0
0
0
0
0
0
0
0
0
0
0
0
0
0
0
0
0
0
0
0
0
0
0
0
0
0
0
0
0
0
0
0
0
0
0
0
0
0
0
0
0
0
0
0
0
0
0
0
0
0
0
0
0
0
0
0
0
0
0
0
0
0
0
0
0
0
0
0
0
0
0
0
0
0
0
0
0
0
0
0
0
0
0
0
0
0
0
0
0
0
0
0
0
0
0
0
0
0
0
0
0
0
0
0
0
0
0
0
0
0
0
0
0
0
0
0
0
0
0
0
0
0
0
0
0
0
0
0
0
0
0
0
0
0
0
0
0
0
0
0
0
0
0
0
0
0
0
0
0
0
0
0
0
0
0
0
0
0
0
0
0
0
0
0
0
0
0
0
0
0
0
0
0
0
0
0
0
0
0
0
0
0
0
0
0
0
0
0
0
0
0
0
0
0
0
0
0
0
0
0
0
0
0
0
0
0
0
0
0
0
0
0
0
0
0
0
0
0
0
0
0
0
0
0
0
0
0
0
0
0
0
0
0
0
0
0
0
0
0
0
0
0
0
0
0
0
0
0
0
0
0
0
0
0
0
0
0
0
0
0
0
0
0
0
0
0
0
0
0
0
0
0
0
0
0
0
0
0
0
0
0
0
0
0
0
0
0
0
0
0
0
0
0
0
0
0
0
0
0
0
0
0
0
0
0
0
0
0
0
0
0
0
0
0
0
0
0
0
0
0
0
0
0
0
0
0
0
0
0
0
0
0
0
0
0
0
0
0
0
0
0
0
0
0
0
0
0
0
0
0
0
0
0
0
0
0
0
0
0
0
0
0
0
0
0
0
0
0
0
0
0
0
0
0
0
0
0
0
0
0
0
0
0
0
0
0
0
0
0
0
0
0
0
0
0
0
0
0
0
0
0
0
0
0
0
0
0
0
0
0
0
0
0
0
0
0
0
0
0
0
0
0
0
0
0
0
0
0
0
0
0
0
0
0
0
0
0
0
0
0
0
0
0
0
0
0
0
0
0
0
0
0
0
0
0
0
0
0
0
0
0
0
0
0
0
0
0
0
0
0
0
0
0
0
0
0
0
0
0
0
0
0
0
0
0
0
0
0
0
0
0
0
0
0
0
0
0
0
0
0
0
0
0
0
0
0
0
0
0
0
0
0
0
0
0
0
0
0
0
0
0
0
0
0
0
0
0
0
0
0
0
0
0
0
0
0
0
0
0
0
0
0
0
0
0
0
0
0
0
0
0
0
0
0
0
0
0
0
0
0
0
0
0
0
0
0
0
0
0
0
0
0
0
0
0
0
0
0
0
0
0
0
0
0
0
0
0
0
0
0
0
0
0
0
0
0
0
0
0
0
0
0
0
0
0
0
0
0
0
0
0
0
0
0
0
0
0
0
0
0
0
0
0
0
0
0
0
0
0
0
0
0
0
0
0
0
0
0
0
0
0
0
0
0
0
0
0
0
0
0
0
0
0
0
0
0
0
0
0
0
0
0
0
0
0
0
0
0
0
0
0
0
0
0
0
0
0
0
0
0
0
0
0
0
0
0
0
0
0
0
0
0
0
0
0
0
0
0
0
0
0
0
0
0
0
0
0
0
0
0
0
0
0
0
0
0
0
0
0
0
0
0
0
0
0
0
0
0
0
0
0
0
0
0
0
0
0
0
0
0
0
0
0
0
0
0
0
0
0
0
0
0
0
0
0
0
0
0
0
0
0
0
0
0
0
0
0
0
0
0
0
0
0
0
0
0
0
0
0
0
0
0
0
0
0
0
0
0
0
0
0
0
0
0
0
0
0
0
0
0
0
0
0
0
0
0
0
0
0
0
0
0
0
0
0
0
0
0
0
0
0
0
0
0
0
0
0
0
0
0
0
0
0
0
0
0
0
0
0
0
0
0
0
0
0
0
0
0
0
0
0
0
0
0
0
0
0
0
0
0
0
0
0
0
0
0
0
0
0
0
0
0
0
0
0
0
0
0
0
0
0
0
0
0
0
0
0
0
0
0
0
0
0
0
0
0
0
0
0
0
0
0
0
0
0
0
0
0
0
0
0
0
0
0
0
0
0
0
0
0
0
0
0
0
0
0
0
0
0
0
0
0
0
0
0
0
0
0
0
0
0
0
0
0
0
0
0
0
0
0
0
0
0
0
0
0
0
0
0
0
0
0
0
0
0
0
0
0
0
0
0
0
0
0
0
0
0
0
0
0
0
0
0
0
0
0
0
0
0
0
0
0
0
0
0
0
0
0
0
0
0
0
0
0
0
0
0
0
0
0
0
0
0
0
0
0
0
0
0
0
0
0
0
0
0
0
0
0
0
0
0
0
0
0
0
0
0
0
0
0
0
0
0
0
0
0
0
0
0
0
0
0
0
0
0
0
0
0
0
0
0
0
0
0
0
0
0
0
0
0
0
0
0
0
0
0
0
0
0
0
0
0
0
0
0
0
0
0
0
0
0
0
0
0
0
0
0
0
0
0
0
0
0
0
0
0
0
0
0
0
0
0
0
0
0
0
0
0
0
0
0
0
0
0
0
0
0
0
0
0
0
0
0
0
0
0
0
0
0
0
0
0
0
0
0
0
0
0
0
0
0
0
0
0
0
0
0
0
0
0
0
0
0
0
0
0
0
0
0
0
0
0
0
0
0
0
0
0
0
0
0
0
0
0
0
0
0
0
0
0
0
0
0
0
0
0
0
0
0
0
0
0
0
0
0
0
0
0
0
0
0
0
0
0
0
0
0
0
0
0
0
0
0
0
0
0
0
0
0
0
0
0
0
0
0
0
0
0
0
0
0
0
0
0
0
0
0
0
0
0
0
0
0
0
0
0
0
0
0
0
0
0
0
0
0
0
0
0
0
0
0
0
0
0
0
0
0
0
0
0
0
0
0
0
0
0
0
0
0
0
0
0
0
0
0
0
0
0
0
0
0
0
0
0
0
0
0
0
0
0
0
0
0
0
0
0
0
0
0
0
0
0
0
0
0
0
0
0
0
0
0
0
0
0
0
0
0
0
0
0
0
0
0
0
0
0
0
0
0
0
0
0
0
0
0
0
0
0
0
0
0
0
0
0
0
0
0
0
0
0
0
0
0
0
0
0
0
0
0
0
0
0
0
0
0
0
0
0
0
0
0
0
0
0
0
0
0
0
0
0
0
0
0
0
0
0
0
0
0
0
0
0
0
0
0
0
0
0
0
0
0
0
0
0
0
0
0
0
0
0
0
0
0
0
0
0
0
0
0
0
0
0
0
0
0
0
0
0
0
0
0
0
0
0
0
0
0
0
0
0
0
0
0
0
0
0
0
0
0
0
0
0
0
0
0
0
0
0
0
0
0
0
0
0
0
0
0
0
0
0
0
0
0
0
0
0
0
0
0
0
0
0
0
0
0
0
0
0
0
0
0
0
0
0
0
0
0
0
0
0
0
0
0
0
0
0
0
0
0
0
0
0
0
0
0
0
0
0
0
0
0
0
0
0
0
0
0
0
0
0
0
0
0
0
0
0
0
0
0
0
0
0
0
0
0
0
0
0
0
0
0
0
0
0
0
0
0
0
0
0
0
0
0
0
0
0
0
0
0
0
0
0
0
0
0
0
0
0
0
0
0
0
0
0
0
0
0
0
0
0
0
0
0
0
0
0
0
0
0
0
0
0
0
0
0
0
0
0
0
0
0
0
0
0
0
0
0
0
0
0
0
0
0
0
0
0
0
0
0
0
0
0
0
0
0
0
0
0
0
0
0
0
0
0
0
0
0
0
0
0
0
0
0
0
0
0
0
0
0
0
0
0
0
0
0
0
0
0
0
0
0
0
0
0
0
0
0
0
0
0
0
0
0
0
0
0
0
0
0
0
0
0
0
0
0
0
0
0
0
0
0
0
0
0
0
0
0
0
0
0
0
0
0
0
0
0
0
0
0
0
0
0
0
0
0
0
0
0
0
0
0
0
0
0
0
0
0
0
0
0
0
0
0
0
0
0
0
0
0
0
0
0
0
0
0
0
0
0
0
0
0
0
0
0
0
0
0
0
0
0
0
0
0
0
0
0
0
0
0
0
0
0
0
0
0
0
0
0
0
0
0
0
0
0
0
0
0
0
0
0
0
0
0
0
0
0
0
0
0
0
0
0
0
0
0
0
0
0
0
0
0
0
0
0
0
0
0
0
0
0
0
0
0
0
0
0
0
0
0
0
0
0
0
0
0
0
0
0
0
0
0
0
0
0
0
0
0
0
0
0
0
0
0
0
0
0
0
0
0
0
0
0
0
0
0
0
0
0
0
0
0
0
0
0
0
0
0
0
0
0
0
0
0
0
0
0
0
0
0
0
0
0
0
0
0
0
0
0
0
0
0
0
0
0
0
0
0
0
0
0
0
0
0
0
0
0
0
0
0
0
0
0
0
0
0
0
0
0
0
0
0
0
0
0
0
0
0
0
0
0
0
0
0
0
0
0
0
0
0
0
0
0
0
0
0
0
0
0
0
0
0
0
0
0
0
0
0
0
0
0
0
0
0
0
0
0
0
0
0
0
0
0
0
0
0
0
0
0
0
0
0
0
0
0
0
0
0
0
0
0
0
0
0
0
0
0
0
0
0
0
0
0
0
0
0
0
0
0
0
0
0
0
0
0
0
0
0
0
0
0
0
0
0
0
0
0
0
0
0
0
0
0
0
0
0
0
0
0
0
0
0
0
0
0
0
0
0
0
0
0
0
0
0
0
0
0
0
0
0
0
0
0
0
0
0
0
0
0
0
0
0
0
0
0
0
0
0
0
0
0
0
0
0
0
0
0
0
0
0
0
0
0
0
0
0
0
0
0
0
0
0
0
0
0
0
0
0
0
0
0
0
0
0
0
0
0
0
0
0
0
0
0
0
0
0
0
0
0
0
0
0
0
0
0
0
0
0
0
0
0
0
0
0
0
0
0
0
0
0
0
0
0
0
0
0
0
0
0
0
0
0
0
0
0
0
0
0
0
0
0
0
0
0
0
0
0
0
0
0
0
0
0
0
0
0
0
0
0
0
0
0
0
0
0
0
0
0
0
0
0
0
0
0
0
0
0
0
0
0
0
0
0
0
0
0
0
0
0
0
0
0
0
0
0
0
0
0
0
0
0
0
0
0
0
0
0
0
0
0
0
0
0
0
0
0
0
0
0
0
0
0
0
0
0
0
0
0
0
0
0
0
0
0
0
0
0
0
0
0
0
0
0
0
0
0
0
0
0
0
0
0
0
0
0
0
0
0
0
0
0
0
0
0
0
0
0
0
0
0
0
0
0
0
0
0
0
0
0
0
0
0
0
0
0
0
0
0
0
0
0
0
0
0
0
0
0
0
0
0
0
0
0
0
0
0
0
0
0
0
0
0
0
0
0
0
0
0
0
0
0
0
0
0
0
0
0
0
0
0
0
0
0
0
0
0
0
0
0
0
0
0
0
0
0
0
0
0
0
0
0
0
0
0
0
0
0
0
0
0
0
0
0
0
0
0
0
0
0
0
0
0
0
0
0
0
0
0
0
0
0
0
0
0
0
0
0
0
0
0
0
0
0
0
0
0
0
0
0
0
0
0
0
0
0
0
0
0
0
0
0
0
0
0
0
0
0
0
0
0
0
0
0
0
0
0
0
0
0
0
0
0
0
0
0
0
0
0
0
0
0
0
0
0
0
0
0
0
0
0
0
0
0
0
0
0
0
0
0
0
0
0
0
0
0
0
0
0
0
0
0
0
0
0
0
0
0
0
0
0
0
0
0
0
0
0
0
0
0
0
0
0
0
0
0
0
0
0
0
0
0
0
0
0
0
0
0
0
0
0
0
0
0
0
0
0
0
0
0
0
0
0
0
0
0
0
0
0
0
0
0
0
0
0
0
0
0
0
0
0
0
0
0
0
0
0
0
0
0
0
0
0
0
0
0
0
0
0
0
0
0
0
0
0
0
0
0
0
0
0
0
0
0
0
0
0
0
0
0
0
0
0
0
0
0
0
0
0
0
0
0
0
0
0
0
0
0
0
0
0
0
0
0
0
0
0
0
0
0
0
0
0
0
0
0
0
0
0
0
0
0
0
0
0
0
0
0
0
0
0
0
0
0
0
0
0
0
0
0
0
0
0
0
0
0
0
0
0
0
0
0
0
0
0
0
0
0
0
0
0
0
0
0
0
0
0
0
0
0
0
0
0
0
0
0
0
0
0
0
0
0
0
0
0
0
0
0
0
0
0
0
0
0
0
0
0
0
0
0
0
0
0
0
0
0
0
0
0
0
0
0
0
0
0
0
0
0
0
0
0
0
0
0
0
0
0
0
0
0
0
0
0
0
0
0
0
0
0
0
0
0
0
0
0
0
0
0
0
0
0
0
0
0
0
0
0
0
0
0
0
0
0
0
0
0
0
0
0
0
0
0
0
0
0
0
0
0
0
0
0
0
0
0
0
0
0
0
0
0
0
0
0
0
0
0
0
0
0
0
0
0
0
0
0
0
0
0
0
0
0
0
0
0
0
0
0
0
0
0
0
0
0
0
0
0
0
0
0
0
0
0
0
0
0
0
0
0
0
0
0
0
0
0
0
0
0
0
0
0
0
0
0
0
0
0
0
0
0
0
0
0
0
0
0
0
0
0
0
0
0
0
0
0
0
0
0
0
0
0
0
0
0
0
0
0
0
0
0
0
0
0
0
0
0
0
0
0
0
0
0
0
0
0
0
0
0
0
0
0
0
0
0
0
0
0
0
0
0
0
0
0
0
0
0
0
0
0
0
0
0
0
0
0
0
0
0
0
0
0
0
0
0
0
0
0
0
0
0
0
0
0
0
0
0
0
0
0
0
0
0
0
0
0
0
0
0
0
0
0
0
0
0
0
0
0
0
0
0
0
0
0
0
0
0
0
0
0
0
0
0
0
0
0
0
0
0
0
0
0
0
0
0
0
0
0
0
0
0
0
0
0
0
0
0
0
0
0
0
0
0
0
0
0
0
0
0
0
0
0
0
0
0
0
0
0
0
0
0
0
0
0
0
0
0
0
0
0
0
0
0
0
0
0
0
0
0
0
0
0
0
0
0
0
0
0
0
0
0
0
0
0
0
0
0
0
0
0
0
0
0
0
0
0
0
0
0
0
0
0
0
0
0
0
0
0
0
0
0
0
0
0
0
0
0
0
0
0
0
0
0
0
0
0
0
0
0
0
0
0
0
0
0
0
0
0
0
0
0
0
0
0
0
0
0
0
0
0
0
0
0
0
0
0
0
0
0
0
0
0
0
0
0
0
0
0
0
0
0
0
0
0
0
0
0
0
0
0
0
0
0
0
0
0
0
0
0
0
0
0
0
0
0
0
0
0
0
0
0
0
0
0
0
0
0
0
0
0
0
0
0
0
0
0
0
0
0
0
0
0
0
0
0
0
0
0
0
0
0
0
0
0
0
0
0
0
0
0
0
0
0
0
0
0
0
0
0
0
0
0
0
0
0
0
0
0
0
0
0
0
0
0
0
0
0
0
0
0
0
0
0
0
0
0
0
0
0
0
0
0
0
0
0
0
0
0
0
0
0
0
0
0
0
0
0
0
0
0
0
0
0
0
0
0
0
0
0
0
0
0
0
0
0
0
0
0
0
0
0
0
0
0
0
0
0
0
0
0
0
0
0
0
0
0
0
0
0
0
0
0
0
0
0
0
0
0
0
0
0
0
0
0
0
0
0
0
0
0
0
0
0
0
0
0
0
0
0
0
0
0
0
0
0
0
0
0
0
0
0
0
0
0
0
0
0
0
0
0
0
0
0
0
0
0
0
0
0
0
0
0
0
0
0
0
0
0
0
0
0
0
0
0
0
0
0
0
0
0
0
0
0
0
0
0
0
0
0
0
0
0
0
0
0
0
0
0
0
0
0
0
0
0
0
0
0
0
0
0
0
0
0
0
0
0
0
0
0
0
0
0
0
0
0
0
0
0
0
0
0
0
0
0
0
0
0
0
0
0
0
0
0
0
0
0
0
0
0
0
0
0
0
0
0
0
0
0
0
0
0
0
0
0
0
0
0
0
0
0
0
0
0
0
0
0
0
0
0
0
0
0
0
0
0
0
0
0
0
0
0
0
0
0
0
0
0
0
0
0
0
0
0
0
0
0
0
0
0
0
0
0
0
0
0
0
0
0
0
0
0
0
0
0
0
0
0
0
0
0
0
0
0
0
0
0
0
0
0
0
0
0
0
0
0
0
0
0
0
0
0
0
0
0
0
0
0
0
0
0
0
0
0
0
0
0
0
0
0
0
0
0
0
0
0
0
0
0
0
0
0
0
0
0
0
0
0
0
0
0
0
0
0
0
0
0
0
0
0
0
0
0
0
0
0
0
0
0
0
0
0
0
0
0
0
0
0
0
0
0
0
0
0
0
0
0
0
0
0
0
0
0
0
0
0
0
0
0
0
0
0
0
0
0
0
0
0
0
0
0
0
0
0
0
0
0
0
0
0
0
0
0
0
0
0
0
0
0
0
0
0
0
0
0
0
0
0
0
0
0
0
0
0
0
0
0
0
0
0
0
0
0
0
0
0
0
0
0
0
0
0
0
0
0
0
0
0
0
0
0
0
0
0
0
0
0
0
0
0
0
0
0
0
0
0
0
0
0
0
0
0
0
0
0
0
0
0
0
0
0
0
0
0
0
0
0
0
0
0
0
0
0
0
0
0
0
0
0
0
0
0
0
0
0
0
0
0
0
0
0
0
0
0
0
0
0
0
0
0
0
0
0
0
0
0
0
0
0
0
0
0
0
0
0
0
0
0
0
0
0
0
0
0
0
0
0
0
0
0
0
0
0
0
0
0
0
0
0
0
0
0
0
0
0
0
0
0
0
0
0
0
0
0
0
0
0
0
0
0
0
0
0
0
0
0
0
0
0
0
0
0
0
0
0
0
0
0
0
0
0
0
0
0
0
0
0
0
0
0
0
0
0
0
0
0
0
0
0
0
0
0
0
0
0
0
0
0
0
0
0
0
0
0
0
0
0
0
0
0
0
0
0
0
0
0
0
0
0
0
0
0
0
0
0
0
0
0
0
0
0
0
0
0
0
0
0
0
0
0
0
0
0
0
0
0
0
0
0
0
0
0
0
0
0
0
0
0
0
0
0
0
0
0
0
0
0
0
0
0
0
0
0
0
0
0
0
0
0
0
0
0
0
0
0
0
0
0
0
0
0
0
0
0
0
0
0
0
0
0
0
0
0
0
0
0
0
0
0
0
0
0
0
0
0
0
0
0
0
0
0
0
0
0
0
0
0
0
0
0
0
0
0
0
0
0
0
0
0
0
0
0
0
0
0
0
0
0
0
0
0
0
0
0
0
0
0
0
0
0
0
0
0
0
0
0
0
0
0
0
0
0
0
0
0
0
0
0
0
0
0
0
0
0
0
0
0
0
0
0
0
0
0
0
0
0
0
0
0
0
0
0
0
0
0
0
0
0
0
0
0
0
0
0
0
0
0
0
0
0
0
0
0
0
0
0
0
0
0
0
0
0
0
0
0
0
0
0
0
0
0
0
0
0
0
0
0
0
0
0
0
0
0
0
0
0
0
0
0
0
0
0
0
0
0
0
0
0
0
0
0
0
0
0
0
0
0
0
0
0
0
0
0
0
0
0
0
0
0
0
0
0
0
0
0
0
0
0
0
0
0
0
0
0
0
0
0
0
0
0
0
0
0
0
0
0
0
0
0
0
0
0
0
0
0
0
0
0
0
0
0
0
0
0
0
0
0
0
0
0
0
0
0
0
0
0
0
0
0
0
0
0
0
0
0
0
0
0
0
0
0
0
0
0
0
0
0
0
0
0
0
0
0
0
0
0
0
0
0
0
0
0
0
0
0
0
0
0
0
0
0
0
0
0
0
0
0
0
0
0
0
0
0
0
0
0
0
0
0
0
0
0
0
0
0
0
0
0
0
0
0
0
0
0
0
0
0
0
0
0
0
0
0
0
0
0
0
0
0
0
0
0
0
0
0
0
0
0
0
0
0
0
0
0
0
0
0
0
0
0
0
0
0
0
0
0
0
0
0
0
0
0
0
0
0
0
0
0
0
0
0
0
0
0
0
0
0
0
0
0
0
0
0
0
0
0
0
0
0
0
0
0
0
0
0
0
0
0
0
0
0
0
0
0
0
0
0
0
0
0
0
0
0
0
0
0
0
0
0
0
0
0
0
0
0
0
0
0
0
0
0
0
0
0
0
0
0
0
0
0
0
0
0
0
0
0
0
0
0
0
0
0
0
0
0
0
0
0
0
0
0
0
0
0
0
0
0
0
0
0
0
0
0
0
0
0
0
0
0
0
0
0
0
0
0
0
0
0
0
0
0
0
0
0
0
0
0
0
0
0
0
0
0
0
0
0
0
0
0
0
0
0
0
0
0
0
0
0
0
0
0
0
0
0
0
0
0
0
0
0
0
0
0
0
0
0
0
0
0
0
0
0
0
0
0
0
0
0
0
0
0
0
0
0
0
0
0
0
0
0
0
0
0
0
0
0
0
0
0
0
0
0
0
0
0
0
0
0
0
0
0
0
0
0
0
0
0
0
0
0
0
0
0
0
0
0
0
0
0
0
0
0
0
0
0
0
0
0
0
0
0
0
0
0
0
0
0
0
0
0
0
0
0
0
0
0
0
0
0
0
0
0
0
0
0
0
0
0
0
0
0
0
0
0
0
0
0
0
0
0
0
0
0
0
0
0
0
0
0
0
0
0
0
0
0
0
0
0
0
0
0
0
0
0
0
0
0
0
0
0
0
0
0
0
0
0
0
0
0
0
0
0
0
0
0
0
0
0
0
0
0
0
0
0
0
0
0
0
0
0
0
0
0
0
0
0
0
0
0
0
0
0
0
0
0
0
0
0
0
0
0
0
0
0
0
0
0
0
0
0
0
0
0
0
0
0
0
0
0
0
0
0
0
0
0
0
0
0
0
0
0
0
0
0
0
0
0
0
0
0
0
0
0
0
0
0
0
0
0
0
0
0
0
0
0
0
0
0
0
0
0
0
0
0
0
0
0
0
0
0
0
0
0
0
0
0
0
0
0
0
0
0
0
0
0
0
0
0
0
0
0
0
0
0
0
0
0
0
0
0
0
0
0
0
0
0
0
0
0
0
0
0
0
0
0
0
0
0
0
0
0
0
0
0
0
0
0
0
0
0
0
0
0
0
0
0
0
0
0
0
0
0
0
0
0
0
0
0
0
0
0
0
0
0
0
0
0
0
0
0
0
0
0
0
0
0
0
0
0
0
0
0
0
0
0
0
0
0
0
0
0
0
0
0
0
0
0
0
0
0
0
0
0
0
0
0
0
0
0
0
0
0
0
0
0
0
0
0
0
0
0
0
0
0
0
0
0
0
0
0
0
0
0
0
0
0
0
0
0
0
0
0
0
0
0
0
0
0
0
0
0
0
0
0
0
0
0
0
0
0
0
0
0
0
0
0
0
0
0
0
0
0
0
0
0
0
0
0
0
0
0
0
0
0
0
0
0
0
0
0
0
0
0
0
0
0
0
0
0
0
0
0
0
0
0
0
0
0
0
0
0
0
0
0
0
0
0
0
0
0
0
0
0
0
0
0
0
0
0
0
0
0
0
0
0
0
0
0
0
0
0
0
0
0
0
0
0
0
0
0
0
0
0
0
0
0
0
0
0
0
0
0
0
0
0
0
0
0
0
0
0
0
0
0
0
0
0
0
0
0
0
0
0
0
0
0
0
0
0
0
0
0
0
0
0
0
0
0
0
0
0
0
0
0
0
0
0
0
0
0
0
0
0
0
0
0
0
0
0
0
0
0
0
0
0
0
0
0
0
0
0
0
0
0
0
0
0
0
0
0
0
0
0
0
0
0
0
0
0
0
0
0
0
0
0
0
0
0
0
0
0
0
0
0
0
0
0
0
0
0
0
0
0
0
0
0
0
0
0
0
0
0
0
0
0
0
0
0
0
0
0
0
0
0
0
0
0
0
0
0
0
0
0
0
0
0
0
0
0
0
0
0
0
0
0
0
0
0
0
0
0
0
0
0
0
0
0
0
0
0
0
0
0
0
0
0
0
0
0
0
0
0
0
0
0
0
0
0
0
0
0
0
0
0
0
0
0
0
0
0
0
0
0
0
0
0
0
0
0
0
0
0
0
0
0
0
0
0
0
0
0
0
0
0
0
0
0
0
0
0
0
0
0
0
0
0
0
0
0
0
0
0
0
0
0
0
0
0
0
0
0
0
0
0
0
0
0
0
0
0
0
0
0
0
0
0
0
0
0
0
0
0
0
0
0
0
0
0
0
0
0
0
0
0
0
0
0
0
0
0
0
0
0
0
0
0
0
0
0
0
0
0
0
0
0
0
0
0
0
0
0
0
0
0
0
0
0
0
0
0
0
0
0
0
0
0
0
0
0
0
0
0
0
0
0
0
0
0
0
0
0
0
0
0
0
0
0
0
0
0
0
0
0
0
0
0
0
0
0
0
0
0
0
0
0
0
0
0
0
0
0
0
0
0
0
0
0
0
0
0
0
0
0
0
0
0
0
0
0
0
0
0
0
0
0
0
0
0
0
0
0
0
0
0
0
0
0
0
0
0
0
0
0
0
0
0
0
0
0
0
0
0
0
0
0
0
0
0
0
0
0
0
0
0
0
0
0
0
0
0
0
0
0
0
0
0
0
0
0
0
0
0
0
0
0
0
0
0
0
0
0
0
0
0
0
0
0
0
0
0
0
0
0
0
0
0
0
0
0
0
0
0
0
0
0
0
0
0
0
0
0
0
0
0
0
0
0
0
0
0
0
0
0
0
0
0
0
0
0
0
0
0
0
0
0
0
0
0
0
0
0
0
0
0
0
0
0
0
0
0
0
0
0
0
0
0
0
0
0
0
0
0
0
0
0
0
0
0
0
0
0
0
0
0
0
0
0
0
0
0
0
0
0
0
0
0
0
0
0
0
0
0
0
0
0
0
0
0
0
0
0
0
0
0
0
0
0
0
0
0
0
0
0
0
0
0
0
0
0
0
0
0
0
0
0
0
0
0
0
0
0
0
0
0
0
0
0
0
0
0
0
0
0
0
0
0
0
0
0
0
0
0
0
0
0
0
0
0
0
0
0
0
0
0
0
0
0
0
0
0
0
0
0
0
0
0
0
0
0
0
0
0
0
0
0
0
0
0
0
0
0
0
0
0
0
0
0
0
0
0
0
0
0
0
0
0
0
0
0
0
0
0
0
0
0
0
0
0
0
0
0
0
0
0
0
0
0
0
0
0
0
0
0
0
0
0
0
0
0
0
0
0
0
0
0
0
0
0
0
0
0
0
0
0
0
0
0
0
0
0
0
0
0
0
0
0
0
0
0
0
0
0
0
0
0
0
0
0
0
0
0
0
0
0
0
0
0
0
0
0
0
0
0
0
0
0
0
0
0
0
0
0
0
0
0
0
0
0
0
0
0
0
0
0
0
0
0
0
0
0
0
0
0
