0
0
0
0
0
0
0
0
0
0
-6.90587
-9.20055
-12.2649
-14.0576
-15.6821
-16.8206
-17.7436
-18.4293
-18.9679
-19.3806
-19.6971
-19.9388
-20.122
-20.2617
-20.3779
-20.4593
-20.5196
-20.5668
-20.5965
-20.6267
-20.6469
-20.6611
-20.6707
-20.6809
-20.6904
-20.6935
-20.7077
-20.7088
-20.717
-20.7165
-20.7212
-20.7151
-20.711
-20.7119
-20.7149
-20.7225
-20.728
-20.7331
-20.7326
-20.7332
-20.7294
-20.7332
-20.7344
-20.7277
-20.7255
-20.726
-20.7295
-20.7367
-20.7397
-20.7374
-20.7335
-20.7269
-20.7247
-20.7247
-20.7217
-20.7213
-20.7177
-20.7226
-20.7189
-20.7206
-20.7209
-20.7254
-20.7293
-20.7272
-20.728
-20.7225
-20.7196
-20.719
-20.7216
-20.7167
-20.7253
-20.7254
-20.7235
-20.7258
-20.7241
-20.7253
-20.7284
-20.7241
-20.7203
-20.7348
-20.7381
-20.7408
-20.7447
-20.7366
-20.7373
-20.7318
-20.7385
-20.7413
-20.7456
-20.7438
-20.7417
-20.729
-20.7306
-20.7332
-20.7298
-20.7289
-20.7328
-20.7337
-20.7304
-20.7334
-20.7376
-20.7334
-20.7324
-20.7329
-20.7335
-20.7432
-20.7433
-20.742
-20.7354
-20.7313
-20.7276
-20.7291
-20.7307
-20.732
-20.7269
-20.7263
-20.7279
-20.7347
-20.7334
-20.7359
-20.7382
-20.7383
-20.7404
-20.7367
-20.7468
-20.7464
-20.738
-20.7395
-20.7312
-20.7233
-20.7283
-20.7334
-20.7295
-20.7313
-20.7331
-20.7393
-20.7454
-20.7535
-20.7465
-20.7393
-20.7402
-20.7401
-20.7296
-20.725
-20.7274
-20.7215
-20.7214
-20.7156
-20.7124
-20.7052
-20.7116
-20.7122
-20.7085
-20.71
-20.7082
-20.7098
-20.7087
-20.7061
-20.7069
-20.7078
-20.7201
-20.7284
-20.7292
-20.7339
-20.7345
-20.7376
-20.7398
-20.6261
-20.7014
-20.6866
-20.7068
-20.7044
-20.7091
-20.7142
-20.7145
-20.7253
-20.73
-20.7215
-20.7154
-20.7187
-20.7117
-20.7211
-20.7178
-20.7249
-20.7291
-20.7296
-20.7211
-20.7251
-20.7277
-20.7305
-20.7335
-20.7331
-20.7295
-20.722
-20.7214
-20.7186
-20.7148
-20.7017
-20.7018
-20.6986
-20.6961
-20.6977
-20.6876
-20.6909
-20.694
-20.6869
-20.6876
-20.6807
-20.6808
-20.6729
-20.6806
-20.6763
-20.66
-20.6512
-20.6566
-20.6535
-20.656
-20.6494
-20.6447
-20.6586
-20.662
-20.664
-20.6695
-20.6768
-20.6852
-20.7022
-20.714
-20.7247
-20.7307
-20.7398
-20.746
-20.7598
-20.7764
-20.791
-20.7929
-20.8041
-20.815
-20.8107
-20.7999
-20.8007
-20.7989
-20.7983
-20.7966
-20.7979
-20.8039
-20.8015
-20.7987
-20.7836
-20.7805
-20.7856
-20.7804
-20.784
-20.783
-20.7925
-20.7985
-20.7945
-20.7883
-20.7831
-20.7785
-20.7714
-20.7683
-20.7545
-20.7538
-20.745
-20.7446
-20.7406
-20.7303
-20.7319
-20.73
-20.7277
-20.734
-20.7328
-20.7424
-20.7473
-20.7562
-20.7551
-20.7523
-20.7599
-20.7599
-20.7586
-20.7634
-20.7696
-20.769
-20.7699
-20.7673
-20.7645
-20.7694
-20.7776
-20.7778
-20.7841
-20.7944
-20.7968
-20.8057
-20.812
-20.8122
-20.8059
-20.799
-20.7947
-20.7821
-20.773
-20.7513
-20.7293
-20.7092
-20.6822
-20.6521
-20.6254
-20.6002
-20.5631
-20.5464
-20.5315
-20.5164
-20.5053
-20.5092
-20.5037
-20.5054
-20.5271
-20.5362
-20.5456
-20.5711
-20.5887
-20.6153
-20.6371
-20.6654
-20.6997
-20.7289
-20.7696
-20.8163
-20.8577
-20.8918
-20.9127
-20.9224
-20.9317
-20.9369
-20.9289
-20.923
-20.9072
-20.8908
-20.8634
-20.8355
-20.8111
-20.7883
-20.7465
-20.712
-20.6773
-20.6534
-20.62
-20.5902
-20.5616
-20.5311
-20.5181
-20.5038
-20.4925
-20.4902
-20.489
-20.4876
-20.5031
-20.5198
-20.5335
-20.553
-20.5623
-20.5732
-20.5825
-20.5915
-20.593
-20.5921
-20.5769
-20.5511
-20.5501
-20.5471
-20.5426
-20.5407
-20.5395
-20.5404
-20.55
-20.5608
-20.5742
-20.5991
-20.6261
-20.6581
-20.6901
-20.7396
-20.7753
-20.8115
-20.8372
-20.8692
-20.8971
-20.9227
-20.9481
-20.9666
-20.9851
-20.9768
-20.9642
-20.946
-20.9339
-20.9114
-20.8849
-20.8567
-20.8155
-20.7672
-20.7367
-20.6996
-20.6667
-20.6242
-20.5927
-20.5683
-20.5548
-20.5458
-20.5384
-20.5271
-20.5143
-20.5099
-20.5035
-20.4937
-20.4756
-20.4609
-20.4279
-20.411
-20.3826
-20.3569
-20.3238
-20.3032
-20.2995
-20.3027
-20.3069
-20.3163
-20.3311
-20.3607
-20.4078
-20.4553
-20.5
-20.5512
-20.6084
-20.6653
-20.7208
-20.7602
-20.7931
-20.8216
-20.8495
-20.8643
-20.8731
-20.8762
-20.8809
-20.7634
-20.8264
-20.7984
-20.7958
-20.7725
-20.7622
-20.7407
-20.7213
-20.7071
-20.7023
-20.693
-20.6916
-20.6929
-20.6847
-20.6653
-20.6427
-20.6071
-20.5571
-20.4885
-20.4143
-20.3463
-20.2829
-20.2267
-20.1709
-20.13
-20.0921
-20.0898
-20.081
-20.0816
-20.1149
-20.1567
-20.2237
-20.3052
-20.386
-20.4839
-20.5689
-20.639
-20.7016
-20.7708
-20.8262
-20.8832
-20.9199
-20.9449
-20.98
-20.9926
-21.0009
-21.0001
-20.9868
-20.9789
-20.9516
-20.9319
-20.9095
-20.8867
-20.8652
-20.8462
-20.8212
-20.7837
-20.7542
-20.7134
-20.6682
-20.616
-20.5441
-20.4698
-20.3959
-20.3136
-20.2333
-20.159
-20.0989
-20.04
-19.9848
-19.9481
-19.9305
-19.9392
-19.9498
-19.9893
-20.0229
-20.0761
-20.128
-20.1771
-20.2313
-20.2929
-20.348
-20.4003
-20.4429
-20.4868
-20.4393
-20.544
-20.5751
-20.6251
-20.6577
-20.6936
-20.7252
-20.7491
-20.7771
-20.8017
-20.8281
-20.8458
-20.8619
-20.8671
-20.8541
-20.8433
-20.8193
-20.7715
-20.713
-20.6238
-20.5395
-20.46
-20.366
-20.2819
-20.1911
-20.1155
-20.0516
-19.9997
-19.9622
-19.9329
-19.9177
-19.9138
-19.9499
-19.9839
-20.0317
-20.0862
-20.1495
-20.2077
-20.1627
-20.2906
-20.3303
-20.3967
-20.4499
-20.4893
-20.5142
-20.545
-20.5731
-20.6008
-20.6276
-20.6473
-20.6622
-20.6713
-20.5884
-20.6797
-20.6864
-20.7202
-20.7491
-20.7544
-20.766
-20.7716
-20.767
-20.7545
-20.7227
-20.5802
-20.5965
-20.5294
-20.4734
-20.3812
-20.2911
-20.2022
-20.1074
-20.0263
-19.9562
-19.8904
-19.8496
-19.8187
-19.7986
-19.7915
-19.7942
-19.8163
-19.8335
-19.8616
-19.8866
-19.9317
-19.9818
-20.02
-20.0597
-20.0814
-20.0971
-20.1117
-20.1358
-20.1562
-20.1766
-20.198
-20.2166
-20.2437
-20.2807
-20.3163
-20.3597
-20.3954
-20.4376
-20.4789
-20.5166
-20.5606
-20.6016
-20.6376
-20.6752
-20.7082
-20.7273
-20.7249
-20.7056
-20.695
-20.6642
-20.5995
-20.5401
-20.4599
-20.3762
-20.2907
-20.2142
-20.1361
-20.047
-19.9824
-19.9297
-19.8807
-19.8437
-19.8159
-19.7953
-19.7916
-19.79
-19.7852
-19.7986
-19.8282
-19.862
-19.8856
-19.92
-19.966
-20.0214
-20.0687
-20.118
-20.1688
-20.2066
-20.2511
-20.2906
-20.3188
-20.3456
-20.3583
-20.3853
-20.407
-20.4318
-20.4474
-20.4747
-20.5008
-20.5247
-20.5526
-20.5633
-20.5815
-20.5804
-20.5764
-20.5689
-20.4515
-20.4863
-20.4486
-20.4455
-20.4078
-20.3824
-20.3427
-20.3112
-20.2833
-20.2427
-20.2064
-20.1743
-20.1521
-20.1254
-20.084
-20.0576
-20.0215
-19.9933
-19.961
-19.9304
-19.903
-19.883
-19.8595
-19.8505
-19.8449
-19.843
-19.8475
-19.8604
-19.8763
-19.894
-19.9086
-19.9462
-19.9695
-19.9992
-20.0316
-20.0546
-20.0883
-20.1144
-20.1396
-20.1627
-20.1932
-20.2161
-20.2525
-20.2939
-20.3318
-20.3634
-20.3954
-20.4163
-20.435
-20.4784
-20.5019
-20.4959
-20.5028
-20.5129
-20.5059
-20.4948
-20.4664
-20.4432
-20.4182
-20.3906
-20.3652
-20.3215
-20.2821
-20.1484
-20.1714
-20.1102
-20.0808
-20.0422
-20.0077
-19.9767
-19.8547
-19.8949
-19.8622
-19.8612
-19.8558
-19.8535
-19.7538
-19.8112
-19.8068
-19.8358
-19.8507
-19.8792
-19.9043
-19.9227
-19.94
-19.958
-19.9802
-19.9026
-19.9821
-20.0018
-20.0347
-20.0597
-20.0868
-20.114
-20.1479
-20.1741
-20.2066
-20.1472
-20.2342
-20.2478
-20.2836
-20.3054
-20.3302
-20.3527
-20.3701
-20.2824
-20.3356
-20.3304
-20.2504
-20.2957
-20.1761
-20.141
-20.081
-20.1254
-20.1064
-20.0955
-20.0883
-20.0757
-20.059
-20.0382
-20.0304
-20.019
-20.0134
-20.0039
-19.9953
-19.9881
-19.9911
-19.9825
-19.9683
-19.9638
-19.9584
-19.9526
-19.9612
-19.9566
-19.9632
-19.9638
-19.9669
-19.9754
-19.889
-19.9639
-19.9702
-19.9007
-19.9813
-19.988
-20.0268
-20.0519
-20.0853
-20.1006
-20.1335
-20.1486
-20.0706
-20.1493
-20.1607
-20.1008
-20.0877
-20.1573
-20.1724
-20.2055
-20.2236
-20.2357
-20.2549
-20.1719
-20.2448
-20.2401
-20.2657
-20.2707
-20.2641
-20.256
-20.2405
-20.2305
-20.1158
-20.16
-20.1254
-20.0324
-20.078
-20.0498
-20.0486
-20.0389
-20.0318
-20.0288
-20.0186
-19.9034
-19.9621
-19.9448
-19.8641
-19.8267
-19.8837
-19.8068
-19.8935
-19.896
-19.9288
-19.9528
-20.0011
-19.9288
-20.0174
-20.0275
-19.9902
-20.0702
-20.0744
-20.109
-20.1359
-20.0649
-20.144
-20.1534
-20.1827
-20.1028
-20.1871
-20.1887
-20.2224
-20.2368
-20.2491
-20.2508
-20.2719
-20.2783
-20.2837
-20.1794
-20.2294
-20.2098
-20.1228
-20.1771
-20.0685
-20.1362
-20.1211
-20.1315
-20.0254
-19.9893
-20.0379
-19.9417
-19.9123
-19.9632
-19.8733
-19.849
-19.9053
-19.9161
-19.9358
-19.8575
-19.936
-19.9277
-19.8529
-19.8295
-19.8983
-19.9132
-19.9432
-19.9591
-19.8957
-19.8795
-19.9483
-19.891
-19.904
-19.9813
-20.0159
-19.967
-20.0617
-20.079
-20.1176
-20.1294
-20.1628
-20.102
-20.1908
-20.0973
-20.0977
-20.171
-20.1973
-20.2357
-20.248
-20.255
-20.1758
-20.244
-20.2325
-20.2363
-20.1317
-20.1928
-20.1714
-20.1763
-20.1673
-20.053
-20.1086
-20.0992
-20.0142
-20.0677
-19.9616
-19.9289
-19.9609
-19.9607
-19.8752
-19.945
-19.8425
-19.9284
-19.9092
-19.9449
-19.9587
-19.9787
-19.9838
-19.9911
-20.0044
-19.9216
-19.9967
-19.9977
-19.939
-20.0313
-19.9438
-19.9448
-20.0186
-20.0503
-20.0883
-20.1148
-20.1444
-20.1582
-20.172
-20.1883
-20.2024
-20.21
-20.2201
-20.1258
-20.1881
-20.183
-20.1991
-20.2023
-20.1975
-20.1961
-20.182
-20.1693
-20.1638
-20.1627
-20.1459
-20.1317
-20.1224
-20.1163
-20.1154
-20.1105
-20.0996
-20.0891
-20.0729
-20.0589
-20.0542
-20.0542
-20.0494
-20.0551
-20.0548
-20.0687
-20.073
-20.0763
-20.0771
-20.0778
-20.0783
-20.0809
-20.0994
-20.0173
-20.086
-20.0867
-20.1042
-20.108
-20.1346
-20.1533
-20.1651
-20.1816
-20.1834
-20.182
-20.0942
-20.1578
-20.1611
-20.0853
-20.1551
-20.1353
-20.1502
-20.1546
-20.073
-20.0378
-20.0864
-20.0804
-20.0879
-20.0954
-20.0949
-20.092
-20.0824
-19.973
-20.0233
-20.0031
-20.0127
-19.9192
-19.8971
-19.9595
-19.8736
-19.8615
-19.9218
-19.8438
-19.838
-19.9184
-19.9405
-19.9793
-19.915
-20.001
-20.0084
-20.0467
-20.0697
-20.0878
-20.1052
-20.1237
-20.0403
-20.0199
-20.0797
-20.0052
-20.1009
-20.1057
-20.1363
-20.1531
-20.1668
-20.1713
-20.178
-20.1928
-20.1928
-20.1877
-20.1711
-20.1636
-20.0586
-20.1146
-20.0975
-20.1117
-20.0159
-20.0772
-20.0696
-20.0795
-19.9773
-20.0346
-20.0204
-19.9326
-19.9948
-19.99
-19.9116
-19.9892
-19.9041
-19.9842
-19.9803
-20.0075
-20.0172
-20.0273
-20.0418
-19.9632
-20.0491
-20.0523
-19.9872
-20.0585
-20.0684
-20.1088
-20.1253
-20.0484
-20.1175
-20.1088
-20.1427
-20.1519
-20.1625
-20.071
-20.0404
-20.0992
-20.11
-20.1312
-20.1453
-20.161
-20.1611
-20.1526
-20.1432
-20.1433
-20.1359
-20.039
-20.0951
-20.0777
-19.9897
-20.0437
-20.0394
-19.9706
-20.0443
-20.0339
-19.9621
-20.0205
-20.0223
-20.0352
-20.0354
-19.9458
-20.0183
-20.0163
-19.9398
-19.9964
-19.9968
-20.0145
-20.0213
-20.0264
-20.03
-20.0343
-20.0341
-19.934
-20.0033
-20.0035
-20.0348
-20.0529
-20.0763
-20.1025
-20.1182
-20.139
-20.1536
-20.1718
-20.1869
-20.2094
-20.1329
-20.2074
-20.206
-20.2253
-20.2241
-20.1263
-20.1818
-20.0658
-20.141
-20.1163
-20.1324
-20.1212
-20.1177
-20.0114
-20.0751
-20.066
-20.0924
-20.0932
-20.0966
-20.0888
-20.0834
-19.9762
-20.036
-19.9174
-19.9864
-19.97
-19.8902
-19.9468
-19.9455
-19.9673
-19.9714
-19.9779
-19.9787
-19.9924
-20.0077
-20.0218
-20.0315
-19.9459
-20.0236
-20.0288
-19.9758
-20.0571
-20.0651
-20.0925
-20.1023
-20.1099
-20.1154
-20.123
-20.1247
-20.0397
-20.1042
-20.111
-20.1454
-20.1617
-20.0819
-20.1526
-20.1512
-20.1724
-20.0826
-20.1479
-20.1415
-20.157
-20.1751
-20.089
-20.1565
-20.1537
-20.1746
-20.17
-20.1785
-20.1733
-20.1629
-20.1402
-20.1219
-20.1008
-20.078
-20.0695
-20.0468
-20.0324
-20.0179
-20.0073
-19.9986
-19.9907
-19.9828
-19.9832
-19.9747
-19.9735
-19.9806
-19.985
-19.9932
-20.0046
-20.0179
-20.021
-20.034
-20.0503
-20.0641
-20.0819
-20.0947
-20.1141
-20.128
-20.1504
-20.1695
-20.1854
-20.1941
-20.2032
-20.2199
-20.1336
-20.1968
-20.1826
-20.2094
-20.2156
-20.2272
-20.223
-20.212
-20.2119
-20.2045
-20.1941
-20.1846
-20.1636
-20.1485
-20.1364
-20.1174
-20.1021
-19.9942
-20.0468
-20.0291
-20.0473
-20.0507
-20.0559
-20.0494
-20.0627
-20.0531
-20.0424
-20.031
-20.0316
-20.0216
-20.0115
-19.9975
-20.0003
-19.8963
-19.867
-19.9222
-19.9289
-19.957
-19.8769
-19.9587
-19.9591
-19.9821
-20.0046
-19.942
-20.034
-20.0532
-20.0931
-20.1235
-20.1514
-20.1644
-20.0795
-20.1629
-20.1592
-20.1741
-20.1768
-20.1747
-20.1833
-20.1802
-20.169
-20.0626
-20.1144
-20.0109
-20.0805
-20.0549
-19.9597
-20.0173
-20.0093
-20.0141
-20.0201
-20.0228
-20.029
-20.0297
-20.0336
-20.0308
-20.0314
-20.0413
-20.0377
-20.0361
-20.0183
-20.0034
-19.9892
-19.9668
-19.8605
-19.9051
-19.7794
-19.8612
-19.8535
-19.8835
-19.9052
-19.9368
-19.9607
-19.9002
-19.9823
-19.9929
-19.9332
-20.0215
-20.0466
-20.0843
-20.1028
-20.126
-20.1469
-20.1554
-20.0579
-20.123
-20.1092
-20.0275
-20.0861
-20.083
-20.1036
-20.1163
-20.1291
-20.128
-20.1388
-20.144
-20.0562
-20.1134
-20.1036
-20.1138
-20.0979
-20.0793
-19.9721
-20.0113
-19.9733
-19.9611
-19.9368
-19.921
-19.8122
-19.8644
-19.8424
-19.8677
-19.8729
-19.8918
-19.9159
-19.9334
-19.9532
-19.8838
-19.952
-19.9485
-19.8804
-19.9336
-19.9367
-19.9528
-19.9628
-19.9765
-19.9808
-19.9861
-19.8949
-19.9651
-19.9596
-19.9867
-19.9944
-20.009
-19.9419
-20.0168
-20.0185
-20.0442
-20.0506
-20.0599
-20.0648
-20.0685
-20.0783
-19.9726
-20.0456
-20.0273
-20.0431
-20.0316
-20.0397
-19.942
-19.9974
-19.8939
-19.8846
-19.9165
-19.9363
-19.8534
-19.9188
-19.9096
-19.9313
-19.9323
-19.9391
-19.9439
-19.942
-19.9481
-19.942
-19.9379
-19.9259
-19.9166
-19.9028
-19.8893
-19.8703
-19.7608
-19.8145
-19.8
-19.8235
-19.8306
-19.8447
-19.8513
-19.7877
-19.867
-19.8894
-19.847
-19.9315
-19.9495
-19.9933
-20.0209
-20.0533
-20.0761
-20.0912
-20.1088
-20.1149
-20.1351
-20.1356
-20.1438
-20.143
-20.0569
-20.1122
-20.0058
-20.078
-20.0564
-20.0592
-20.0392
-19.9459
-19.996
-19.9727
-19.9802
-19.9787
-19.9772
-19.9819
-19.9712
-19.9678
-19.9728
-19.965
-19.9699
-19.9586
-19.9458
-19.9393
-19.9358
-19.9262
-19.9203
-19.913
-19.9134
-19.9041
-19.9045
-19.9064
-19.9092
-19.9086
-19.9186
-19.9233
-19.9391
-19.9534
-19.8684
-19.9412
-19.9466
-19.8873
-19.964
-19.9732
-19.9145
-19.9902
-20
-20.0444
-20.0544
-20.0658
-20.0704
-20.0833
-20.0858
-20.0868
-20.0897
-20.0815
-20.0831
-20.0801
-20.0734
-20.069
-20.0512
-20.0332
-20.0196
-20.012
-19.9982
-19.9945
-19.9813
-19.9648
-19.9485
-19.936
-19.9302
-19.9195
-19.9044
-19.8071
-19.8614
-19.8508
-19.877
-19.8972
-19.9182
-19.9264
-19.9359
-19.9448
-19.959
-19.9654
-19.9719
-19.9746
-19.9759
-19.9738
-19.9706
-19.9682
-19.967
-19.9717
-19.9712
-19.9698
-19.9681
-19.9815
-19.9853
-19.9839
-19.9782
-19.9783
-19.9848
-19.9934
-20.0047
-20.005
-20.0153
-20.0106
-20.0057
-19.9922
-19.9967
-19.9962
-19.9833
-19.9774
-19.9713
-19.9776
-19.9709
-19.968
-19.957
-19.9644
-19.9666
-19.9684
-19.9715
-19.967
-19.9692
-19.9707
-19.9706
-19.9678
-19.9664
-19.9706
-19.9662
-19.9572
-19.9579
-19.9546
-19.9607
-19.9509
-19.9488
-19.9347
-19.9224
-19.9193
-19.9149
-19.9185
-19.9108
-19.9059
-19.8997
-19.9039
-19.9059
-19.9069
-19.909
-19.8986
-19.9024
-19.8937
-19.8955
-19.8906
-19.8746
-19.8752
-19.8909
-19.8995
-19.9058
-19.9175
-19.9236
-19.9359
-19.9454
-19.958
-19.9704
-19.9823
-19.9869
-19.9924
-19.9955
-20.0118
-20.0201
-20.0279
-20.0317
-20.0354
-20.0518
-20.0676
-20.0785
-20.0821
-20.0819
-20.0757
-20.0708
-20.055
-20.0359
-20.0078
-19.9775
-19.952
-19.9227
-19.9024
-19.8793
-19.8703
-19.8453
-19.8501
-19.8481
-19.8556
-19.8627
-19.8655
-19.867
-19.8721
-19.8692
-19.8645
-19.8536
-19.8465
-19.8345
-19.8301
-19.8247
-19.8236
-19.8322
-19.8416
-19.852
-19.8692
-19.8802
-19.887
-19.8935
-19.9019
-19.8942
-19.8931
-19.8964
-19.8978
-19.8971
-19.8973
-19.9142
-19.9285
-19.9375
-19.9535
-19.9638
-20.0023
-20.0153
-20.032
-20.0398
-20.0545
-20.0617
-20.0572
-20.0468
-20.0465
-20.0359
-20.0247
-20.0076
-19.9939
-19.9726
-19.9702
-19.9693
-19.9731
-19.9782
-19.9849
-19.9811
-19.9738
-19.9711
-19.9586
-19.9427
-19.9177
-19.8789
-19.8392
-19.8047
-19.7879
-19.7715
-19.765
-19.7569
-19.7543
-19.7697
-19.7794
-19.7987
-19.8255
-19.8431
-19.8591
-19.8788
-19.9002
-19.9067
-19.9078
-19.9114
-19.91
-19.8999
-19.8879
-19.8841
-19.8858
-19.8887
-19.9057
-19.909
-19.9437
-19.9617
-19.9907
-20.0062
-20.029
-20.0458
-20.0608
-20.0626
-20.0657
-20.0657
-20.0639
-20.0543
-20.0422
-20.0193
-19.9099
-19.9331
-19.8916
-19.8714
-19.8445
-19.8175
-19.7962
-19.7774
-19.7691
-19.766
-19.7742
-19.7818
-19.8065
-19.8147
-19.8462
-19.8521
-19.8709
-19.8721
-19.8885
-19.895
-19.8924
-19.8833
-19.8756
-19.8737
-19.8763
-19.8738
-19.8642
-19.8638
-19.8643
-19.8678
-19.8764
-19.8821
-19.8857
-19.8953
-19.9023
-19.913
-19.9358
-19.9492
-19.9721
-19.9676
-19.972
-19.965
-19.963
-19.9546
-19.9392
-19.9265
-19.9089
-19.9015
-19.8861
-19.875
-19.8667
-19.8574
-19.847
-19.8539
-19.8586
-19.8592
-19.8621
-19.8737
-19.8878
-19.8997
-19.9106
-19.9109
-19.9128
-19.9252
-19.9298
-19.938
-19.9352
-19.9428
-19.9418
-19.9474
-19.9531
-19.9544
-19.9535
-19.9386
-19.9312
-19.9116
-19.9034
-19.8797
-19.8624
-19.8471
-19.8388
-19.8182
-19.8033
-19.7927
-19.793
-19.7956
-19.8051
-19.8136
-19.8155
-19.8167
-19.8244
-19.8237
-19.8281
-19.8301
-19.8343
-19.8458
-19.8612
-19.8817
-19.8951
-19.9118
-19.9073
-19.9272
-19.9363
-19.9527
-19.9551
-19.9597
-19.9635
-19.9678
-19.9626
-19.9497
-19.9391
-19.9362
-19.9254
-19.9186
-19.9132
-19.8948
-19.8791
-19.8653
-19.85
-19.8351
-19.82
-19.8176
-19.8192
-19.8228
-19.839
-19.8425
-19.8452
-19.858
-19.8712
-19.8906
-19.9189
-19.9549
-19.9798
-20.002
-20.0233
-20.0437
-20.0546
-20.0716
-20.0798
-20.0923
-20.1066
-20.1127
-20.1296
-20.1446
-20.1575
-20.1647
-20.1731
-20.1829
-20.1924
-20.1991
-20.2007
-20.2154
-20.2145
-20.2025
-20.2107
-20.2018
-20.2026
-20.1864
-20.1705
-20.1424
-20.1354
-20.1211
-20.1203
-20.1134
-20.1173
-20.1143
-20.1215
-20.1219
-20.1178
-20.1306
-20.144
-20.1684
-20.1729
-20.1769
-20.1892
-20.2121
-20.2302
-20.2509
-20.2638
-20.2847
-20.3052
-20.3404
-20.3656
-20.3849
-20.414
-20.4491
-20.4807
-20.5118
-20.5387
-20.572
-20.6061
-20.6439
-20.6854
-20.7228
-20.7693
-20.7996
-20.8347
-20.8642
-20.8833
-20.9108
-20.9369
-20.9577
-20.974
-20.9879
-21.0079
-21.0208
-21.0421
-21.0577
-21.0663
-21.0782
-21.0877
-21.1152
-21.1283
-21.1409
-21.1597
-21.1775
-21.1972
-21.2151
-21.2303
-21.2354
-21.2541
-21.2877
-21.3185
-21.3416
-21.3582
-21.3818
-21.409
-21.4442
-21.4736
-21.5122
-21.5559
-21.5943
-21.6322
-21.6751
-21.7255
-21.7767
-21.8389
-21.8713
-21.9322
-21.9948
-22.0681
-22.1329
-22.1919
-22.2535
-22.3085
-22.3711
-22.4399
-22.5001
-22.5767
-22.6456
-22.7231
-22.8009
-22.8718
-22.9468
-23.0139
-23.0919
-23.1637
-23.244
-23.2978
-23.371
-23.4304
-23.4823
-23.5392
-23.5967
-23.6608
-23.7179
-23.781
-23.8466
-23.9081
-23.97
-24.0324
-24.0937
-24.1606
-24.2417
-24.3211
-24.4059
-24.4916
-24.5725
-24.6643
-24.7502
-24.8483
-24.9369
-25.0427
-25.162
-25.2802
-25.4078
-25.5257
-25.6492
-25.7852
-25.9266
-26.0531
-26.1893
-26.3182
-26.4588
-26.5932
-26.7237
-26.8584
-27.0017
-27.1393
-27.2791
-27.4316
-27.5801
-27.7318
-27.8925
-28.0623
-28.2278
-28.4026
-28.5761
-28.7504
-28.9263
-29.0998
-29.2764
-29.4499
-29.6059
-29.7684
-29.9159
-30.0648
-30.21
-30.3466
-30.4714
-30.609
-30.7537
-30.8953
-31.0346
-31.1789
-31.3262
-31.4735
-31.6156
-31.7736
-31.9205
-32.0741
-32.2432
-32.4185
-32.5979
-32.7768
-32.9597
-33.1448
-33.3269
-33.518
-33.7125
-33.9131
-34.1183
-34.3359
-34.5722
-34.8259
-35.0756
-35.3291
-35.5926
-35.8567
-36.1192
-36.3963
-36.6692
-36.9469
-37.2234
-37.5086
-37.7827
-38.0575
-38.3286
-38.5927
-38.8635
-39.1349
-39.4137
-39.6906
-39.9645
-40.2368
-40.5248
-40.8171
-41.1226
-41.4412
-41.7586
-42.0958
-42.4231
-42.7652
-43.0959
-43.445
-43.7745
-44.101
-44.4176
-44.7176
-45.0142
-45.3066
-45.5885
-45.8787
-46.1617
-46.4503
-46.7416
-47.0321
-47.331
-47.6092
-47.895
-48.2004
-48.4798
-48.7654
-49.0391
-49.323
-49.5996
-49.8799
-50.1623
-50.4403
-50.6985
-50.9701
-51.2312
-51.5096
-51.7707
-52.0352
-52.3026
-52.5747
-52.8393
-53.0988
-53.3757
-53.6623
-53.9539
-54.2455
-54.5451
-54.854
-55.1771
-55.5047
-55.8452
-56.1942
-56.5626
-56.9208
-57.2712
-57.6252
-57.9706
-58.3113
-58.64
-58.9666
-59.2971
-59.6154
-59.9375
-60.2533
-60.5853
-60.9051
-61.2176
-61.513
-61.8208
-62.1058
-62.3951
-62.696
-62.9918
-63.3045
-63.6201
-63.9292
-64.2509
-64.5678
-64.8717
-65.1778
-65.4796
-65.7777
-66.0788
-66.3761
-66.6678
-66.9539
-67.2434
-67.5266
-67.8011
-68.0798
-68.3599
-68.65
-68.9285
-69.2175
-69.5097
-69.791
-70.0689
-70.3451
-70.6088
-70.8732
-71.1325
-71.3965
-71.6448
-71.8895
-72.1238
-72.3766
-72.617
-72.8664
-73.1005
-73.3383
-73.5821
-73.9135
-74.1805
-74.4602
-74.6319
-74.9609
-75.2094
-75.4842
-75.742
-75.9957
-76.2481
-76.4976
-76.7377
-76.9677
-77.188
-77.408
-77.6267
-77.8567
-78.0805
-78.3141
-78.5404
-78.7681
-78.9883
-79.2057
-79.4213
-79.6312
-79.8488
-80.0659
-80.2825
-80.5085
-80.7304
-80.9585
-81.1834
-81.4087
-81.6286
-81.8435
-82.0573
-82.2762
-82.4926
-82.7149
-82.9393
-83.1495
-83.3645
-83.5681
-83.7718
-83.9817
-84.1908
-84.3995
-84.604
-84.8135
-85.0157
-85.2148
-85.4103
-85.6009
-85.7957
-85.9878
-86.1698
-86.3551
-86.534
-86.7191
-86.9011
-87.08
-87.2526
-87.4187
-87.5825
-87.7366
-87.8866
-88.0353
-88.1749
-88.3128
-88.4468
-88.579
-88.7115
-88.8454
-88.9736
-89.1056
-89.234
-89.3553
-89.4749
-89.5965
-89.7187
-89.8391
-89.9613
-90.085
-90.2086
-90.3293
-90.4412
-90.5558
-90.665
-90.776
-90.8794
-90.9836
-91.0871
-91.1878
-91.2816
-91.3724
-91.4649
-91.5535
-91.6429
-91.7308
-91.817
-91.9089
-91.9989
-92.099
-92.1902
-92.2846
-92.3812
-92.4765
-92.5675
-92.6564
-92.7439
-92.8269
-92.9174
-93.0025
-93.0957
-93.1784
-93.2653
-93.348
-93.4338
-93.5168
-93.5933
-93.6687
-93.7404
-93.8055
-93.869
-93.9317
-93.9923
-94.0547
-94.1046
-94.1671
-94.2176
-94.2679
-94.3112
-94.3562
-94.4009
-94.4424
-94.4782
-94.5112
-94.5469
-94.5843
-94.6221
-94.657
-94.6912
-94.732
-94.7755
-94.8163
-94.8635
-94.9109
-94.9532
-95.0005
-95.044
-95.0873
-95.1403
-95.1879
-95.2316
-95.2802
-95.3343
-95.3858
-95.4359
-95.4856
-95.5302
-95.5794
-95.6326
-95.6878
-95.7459
-95.8067
-95.8678
-95.9284
-95.993
-96.0553
-96.1252
-96.1947
-96.2643
-96.329
-96.3941
-96.4573
-96.5242
-96.5872
-96.654
-96.7182
-96.7837
-96.8507
-96.9173
-96.9893
-97.0585
-97.1305
-97.2001
-97.2726
-97.3406
-97.4009
-97.4594
-97.5218
-97.5812
-97.6386
-97.697
-97.7527
-97.8095
-97.8685
-97.9192
-97.9752
-98.0222
-98.0763
-98.1325
-98.1883
-98.2394
-98.2927
-98.3399
-98.3898
-98.4374
-98.489
-98.5441
-98.6022
-98.6605
-98.7181
-98.7789
-98.8356
-98.8879
-98.9409
-98.9909
-99.0435
-99.0917
-99.1423
-99.1848
-99.2298
-99.2699
-99.3073
-99.3445
-99.3824
-99.4221
-99.4621
-99.4981
-99.5349
-99.5681
-99.6066
-99.6428
-99.6779
-99.7132
-99.7501
-99.7824
-99.816
-99.8505
-99.881
-99.9102
-99.9308
-99.952
-99.9757
-99.9951
-100.014
-100.032
-100.05
-100.069
-100.08
-100.095
-100.112
-100.127
-100.144
-100.164
-100.185
-100.209
-100.233
-100.254
-100.278
-100.297
-100.323
-100.347
-100.373
-100.399
-100.425
-100.448
-100.466
-100.484
-100.499
-100.513
-100.523
-100.529
-100.535
-100.541
-100.549
-100.554
-100.561
-100.566
-100.571
-100.575
-100.577
-100.58
-100.582
-100.58
-100.57
-100.562
-100.559
-100.55
-100.542
-100.533
-100.524
-100.517
-100.501
-100.487
-100.469
-100.455
-100.438
-100.421
-100.407
-100.395
-100.381
-100.365
-100.35
-100.335
-100.322
-100.305
-100.294
-100.283
-100.272
-100.262
-100.252
-100.242
-100.229
-100.22
-100.209
-100.205
-100.204
-100.201
-100.199
-100.196
-100.192
-100.185
-100.184
-100.177
-100.181
-100.178
-100.178
-100.176
-100.173
-100.172
-100.176
-100.18
-100.182
-100.188
-100.193
-100.199
-100.204
-100.209
-100.211
-100.216
-100.226
-100.231
-100.239
-100.247
-100.255
-100.265
-100.276
-100.284
-100.291
-100.299
-100.304
-100.319
-100.333
-100.356
-100.38
-100.397
-100.422
-100.441
-100.458
-100.474
-100.493
-100.511
-100.528
-100.543
-100.556
-100.565
-100.574
-100.579
-100.582
-100.584
-100.584
-100.588
-100.596
-100.598
-100.602
-100.606
-100.606
-100.605
-100.609
-100.613
-100.611
-100.615
-100.614
-100.613
-100.611
-100.61
-100.606
-100.604
-100.606
-100.607
-100.607
-100.613
-100.611
-100.605
-100.597
-100.587
-100.575
-100.561
-100.547
-100.53
-100.512
-100.491
-100.477
-100.46
-100.445
-100.431
-100.416
-100.396
-100.38
-100.357
-100.342
-100.319
-100.302
-100.288
-100.28
-100.268
-100.254
-100.238
-100.223
-100.205
-100.187
-100.17
-100.155
-100.144
-100.13
-100.121
-100.106
-100.093
-100.075
-100.064
-100.05
-100.037
-100.026
-100.014
-100.004
-99.9919
-99.9834
-99.9732
-99.9622
-99.9501
-99.9367
-99.9276
-99.9143
-99.8992
-99.8828
-99.8632
-99.8462
-99.8302
-99.8118
-99.8002
-99.7839
-99.7694
-99.7473
-99.7261
-99.7095
-99.6939
-99.6805
-99.6675
-99.6589
-99.6527
-99.6443
-99.6418
-99.6372
-99.6335
-99.6252
-99.622
-99.6177
-99.6179
-99.6236
-99.6274
-99.6296
-99.631
-99.6313
-99.6293
-99.6263
-99.6239
-99.6279
-99.6321
-99.635
-99.6347
-99.6292
-99.625
-99.6204
-99.6205
-99.6205
-99.6209
-99.6252
-99.6252
-99.6294
-99.6316
-99.6355
-99.6395
-99.6414
-99.6496
-99.6557
-99.6669
-99.6788
-99.6948
-99.711
-99.7194
-99.7266
-99.7312
-99.738
-99.7463
-99.7485
-99.7585
-99.7591
-99.7636
-99.7631
-99.765
-99.7652
-99.7636
-99.7619
-99.7643
-99.7639
-99.7645
-99.7684
-99.7693
-99.7738
-99.7775
-99.7853
-99.7941
-99.8026
-99.8144
-99.822
-99.8283
-99.8398
-99.8486
-99.8494
-99.8525
-99.8552
-99.8621
-99.8628
-99.8698
-99.8718
-99.8741
-99.8757
-99.8807
-99.8842
-99.8845
-99.8845
-99.8856
-99.887
-99.8892
-99.8908
-99.8916
-99.8931
-99.8966
-99.8983
-99.8994
-99.8988
-99.8953
-99.8908
-99.8904
-99.8905
-99.8902
-99.8913
-99.8951
-99.8978
-99.9043
-99.912
-99.9163
-99.9199
-99.9231
-99.9265
-99.9303
-99.9376
-99.9428
-99.9518
-99.9624
-99.9715
-99.9757
-99.9813
-99.9899
-99.992
-100
-100.01
-100.02
-100.032
-100.042
-100.053
-100.061
-100.072
-100.084
-100.092
-100.105
-100.121
-100.133
-100.147
-100.161
-100.17
-100.181
-100.189
-100.195
-100.204
-100.21
-100.223
-100.234
-100.245
-100.255
-100.265
-100.274
-100.283
-100.294
-100.306
-100.321
-100.334
-100.343
-100.36
-100.371
-100.381
-100.393
-100.408
-100.424
-100.436
-100.451
-100.465
-100.479
-100.495
-100.511
-100.528
-100.553
-100.572
-100.594
-100.617
-100.644
-100.671
-100.695
-100.725
-100.75
-100.776
-100.801
-100.829
-100.857
-100.888
-100.92
-100.958
-100.995
-101.03
-101.068
-101.1
-101.132
-101.166
-101.199
-101.233
-101.27
-101.311
-101.35
-101.392
-101.436
-101.475
-101.515
-101.552
-101.591
-101.63
-101.67
-101.709
-101.746
-101.782
-101.816
-101.852
-101.885
-101.922
-101.952
-101.987
-102.02
-102.05
-102.078
-102.114
-102.148
-102.184
-102.216
-102.253
-102.288
-102.322
-102.364
-102.406
-102.447
-102.498
-102.543
-102.489
-102.462
-102.433
-102.375
-102.288
-102.222
-102.134
-102.035
-101.927
-101.818
-101.721
-101.635
-101.572
-101.531
-101.514
-101.503
-101.509
-101.528
-101.548
-101.584
-101.642
-101.704
-101.775
-101.859
-101.951
-102.07
-102.233
-102.386
-102.532
-102.72
-102.908
-103.121
-103.334
-103.556
-103.787
-104.027
-104.275
-104.489
-104.695
-104.904
-105.138
-105.375
-105.616
-105.853
-106.077
-106.27
-106.443
-106.601
-106.765
-106.941
-107.089
-107.233
-107.362
-107.495
-107.616
-107.717
-107.828
-107.918
-108.007
-108.088
-108.151
-108.224
-108.287
-108.358
-108.447
-108.53
-108.62
-108.682
-108.733
-108.774
-108.819
-108.861
-108.903
-108.926
-109.088
-109.142
-109.205
-109.222
-109.231
-109.222
-109.196
-109.154
-109.098
-109.026
-108.94
-108.7
-108.535
-108.333
-108.167
-107.995
-107.779
-107.564
-107.364
-107.108
-106.813
-106.485
-106.145
-105.784
-105.418
-105.077
-104.75
-104.459
-104.11
-103.811
-103.471
-103.159
-102.877
-102.603
-102.351
-102.113
-101.903
-101.711
-101.545
-101.388
-101.257
-101.149
-101.064
-101.021
-100.985
-100.983
-100.993
-101.016
-101.057
-101.096
-101.169
-101.268
-101.373
-101.494
-101.627
-101.778
-101.929
-102.102
-102.254
-102.401
-102.562
-102.737
-102.956
-103.148
-103.352
-103.546
-103.743
-103.937
-104.123
-104.301
-104.44
-104.589
-104.719
-104.868
-105.034
-105.187
-105.334
-105.466
-105.578
-105.682
-105.777
-105.837
-105.877
-105.937
-105.97
-106.002
-106.017
-106.014
-105.98
-105.933
-105.869
-105.79
-105.711
-105.622
-105.511
-105.377
-105.22
-105.053
-104.874
-104.709
-104.534
-104.343
-104.126
-103.922
-103.705
-103.472
-103.237
-102.99
-102.754
-102.516
-102.283
-102.062
-101.817
-101.583
-101.346
-101.096
-100.835
-100.6
-100.368
-100.142
-99.9083
-99.6787
-99.4484
-99.2394
-99.0333
-98.8604
-98.6814
-98.5172
-98.3503
-98.2006
-98.0492
-97.908
-97.7685
-97.6473
-97.5471
-97.4476
-97.3475
-97.2723
-97.2121
-97.1432
-97.1025
-97.0878
-97.0668
-97.0499
-97.0193
-97.0019
-96.9669
-96.9797
-96.9825
-97.0026
-97.0162
-97.0231
-97.0223
-97.0347
-97.0305
-97.0082
-96.9862
-96.9601
-96.955
-96.9338
-96.9026
-96.8829
-96.8549
-96.8008
-96.7459
-96.6869
-96.612
-96.5246
-96.422
-96.3096
-96.2019
-96.0733
-95.9403
-95.7854
-95.6447
-95.4829
-95.2996
-95.1125
-94.8988
-94.6872
-94.4657
-94.24
-93.9915
-93.73
-93.4679
-93.203
-92.9403
-92.6816
-92.4081
-92.1124
-91.818
-91.5325
-91.2377
-90.9427
-90.6349
-90.3238
-90.0254
-89.7448
-89.4465
-89.1561
-88.8601
-88.5589
-88.2588
-87.9722
-87.6869
-87.4103
-87.1198
-86.8392
-86.5558
-86.2976
-86.0568
-85.8134
-85.5631
-85.311
-85.075
-84.8455
-84.6171
-84.3922
-84.1664
-83.9452
-83.7179
-83.5051
-83.2949
-83.0868
-82.8833
-82.6805
-82.4808
-82.2819
-82.0937
-81.9158
-81.7523
-81.5899
-81.4134
-81.2408
-81.074
-80.9029
-80.7565
-80.6016
-80.4485
-80.2849
-80.1142
-79.9336
-79.7442
-79.5726
-79.3865
-79.2064
-78.982
-78.8043
-78.5934
-78.3907
-78.1998
-77.9888
-77.7683
-77.5275
-77.2897
-77.0432
-76.8114
-76.5714
-76.3184
-76.0551
-75.7737
-75.4934
-75.2098
-74.8967
-74.6355
-74.332
-74.0283
-73.7043
-73.369
-73.0266
-72.6962
-72.3615
-72.0148
-71.6595
-71.296
-70.9287
-70.5374
-70.1579
-69.7752
-69.3831
-68.988
-68.591
-68.1787
-67.7817
-67.3683
-66.9491
-66.4784
-66.0179
-65.5273
-65.0206
-64.5081
-64.0022
-63.5109
-63.0007
-62.5094
-62.0137
-61.5154
-61.027
-60.5531
-60.0699
-59.5834
-59.1006
-58.5576
-58.0967
-57.5909
-57.1091
-56.6216
-56.1158
-55.6127
-55.1009
-54.5882
-54.0639
-53.5502
-53.0417
-52.5394
-52.0489
-51.551
-51.0526
-50.5437
-50.0212
-49.5088
-48.9901
-48.4586
-47.9187
-47.3725
-46.844
-46.3325
-45.8098
-45.2955
-44.767
-44.2478
-43.7259
-43.1913
-42.644
-42.0997
-41.5582
-41.0132
-40.462
-39.9211
-39.3682
-38.8227
-38.262
-37.6868
-37.0834
-36.496
-35.8867
-35.2826
-34.6628
-34.0268
-33.422
-32.7971
-32.18
-31.5557
-30.9392
-30.317
-29.7107
-29.1016
-28.3907
-27.8539
-27.2467
-26.6629
-26.0879
-25.4929
-24.9201
-24.3271
-23.7568
-23.1841
-22.6191
-22.0639
-21.4889
-20.9383
-20.3743
-19.8217
-19.2467
-18.6882
-18.116
-17.5514
-16.9746
-16.402
-15.8476
-15.2746
-14.7116
-14.1578
-13.4776
-12.9892
-12.4084
-11.8684
-11.3011
-10.7346
-10.1717
-9.60633
-9.05777
-8.50577
-7.96342
-7.41696
-6.86295
-6.3138
-5.75624
-5.19624
-4.64487
-4.08543
-3.52755
-2.97102
-2.39457
-1.84258
-1.26943
-0.707376
-0.157828
0.409851
0.982376
1.53596
2.10835
2.6664
3.21042
3.75506
4.42854
4.84788
5.37956
5.86117
6.36241
6.8411
7.36034
7.85802
8.35142
8.85182
9.35608
9.86647
10.3647
10.8697
11.3895
11.9006
12.4079
12.9
13.4094
13.8941
14.3944
14.8774
15.3573
15.8391
16.2985
16.7621
17.2146
17.6734
18.1391
18.5771
19.0179
19.4503
19.8938
20.339
20.7792
21.2239
21.6819
22.1092
22.5427
22.9761
23.4084
23.8469
24.273
24.689
25.1007
25.5184
25.9404
26.3625
26.7798
27.187
27.6062
28.0149
28.4239
28.8332
29.2443
29.6679
30.0931
30.4851
30.8818
31.2653
31.6605
32.0296
32.4035
32.7715
33.1361
33.5031
33.8666
34.2379
34.6067
34.9995
35.3704
35.7485
36.1037
36.4848
36.8431
37.2106
37.5853
37.9594
38.3217
38.6741
39.0027
39.3323
39.6613
39.9707
40.2832
40.6065
40.9169
41.2423
41.5366
41.8427
42.3703
42.5116
42.8199
43.0463
43.3272
43.5742
43.8264
44.067
44.2862
44.5149
44.727
44.9474
45.1423
45.3535
45.5398
45.7385
45.9151
46.0991
46.2725
46.4532
46.6257
46.8027
46.9756
47.1453
47.3089
47.4691
47.62
48.0033
47.9962
48.1686
48.2717
48.4102
48.5417
48.6705
48.7796
48.9028
49.0212
49.1439
49.2578
49.3706
49.4713
49.5879
49.6873
49.7945
49.8842
49.9853
50.0817
50.1844
50.2765
50.3813
50.4753
50.5807
50.6738
50.7559
50.8343
50.9388
51.0425
51.1474
51.249
51.404
51.5038
51.6008
51.9341
51.8464
51.9487
51.9718
52.0355
52.0799
52.1387
52.1888
52.2412
52.2974
52.3393
52.3906
52.4274
52.4744
52.5169
52.5606
52.6031
52.648
52.7024
52.7502
52.7913
52.8347
52.8734
52.9132
52.9563
52.9955
53.0351
53.0733
53.1146
53.1616
53.2116
53.2595
53.3085
53.3626
53.4204
53.7306
53.6272
53.7253
53.7461
53.8057
53.859
53.9253
53.9893
54.0609
54.1294
54.2043
54.2855
54.3671
54.7039
54.6221
54.7366
54.7776
54.8582
54.9312
55.0131
55.0962
55.1779
55.2585
55.3463
55.4362
55.5286
55.6212
55.7104
55.7991
55.8865
55.9744
56.0607
56.4072
56.3306
54.7531
55.9169
56.0601
56.2741
56.4176
56.5646
56.6885
56.8036
56.9098
57.0143
57.1119
57.2101
57.3054
57.4005
57.4906
57.5832
57.6762
57.7692
57.8642
57.9605
58.0576
58.1532
58.2458
58.3391
58.4317
58.52
58.6095
58.954
58.8787
59.0041
59.0564
59.1452
59.2194
59.3091
59.4016
59.4994
59.5933
59.697
59.7955
59.8979
60.0039
60.1084
60.2114
60.3143
60.4151
60.5144
60.6276
60.7368
60.8498
60.959
61.3319
61.2743
61.4227
61.4984
61.6048
61.6908
61.7896
61.894
62.25
62.1982
62.3452
62.4103
62.522
62.6233
62.7337
62.8307
62.9264
63.0311
63.1363
63.2411
63.3525
63.4626
63.5712
63.6786
63.783
63.8792
63.978
64.0639
64.1531
64.2356
64.3261
64.405
64.4878
64.5619
64.6331
64.7038
64.7647
65.0746
64.9632
65.0479
65.0537
65.0959
65.1267
65.1632
65.1898
65.2154
65.2334
65.2548
65.2719
65.2832
65.2955
65.3094
65.3171
65.3202
65.3185
65.312
65.3019
65.2947
65.2843
65.273
65.2614
62.5391
64.3204
63.9923
64.4648
64.4983
64.6519
64.6991
64.7413
64.761
64.7647
64.7557
64.7337
64.6943
64.6407
64.5846
64.5232
64.4554
64.3813
64.3099
64.2317
64.1587
64.0747
63.9849
63.8931
63.7934
63.6866
63.5833
63.4737
63.3663
63.2686
63.1643
63.0674
62.9543
62.8368
62.7194
62.6067
62.4875
62.6191
62.3385
62.26
62.1103
61.9897
61.8705
61.7492
61.6272
61.5027
61.3832
61.2602
61.1332
61.022
60.9015
60.7967
60.6905
60.8313
60.5495
60.4699
60.3126
60.2061
60.3314
60.3051
60.0597
59.9472
59.7993
59.6879
59.568
59.4637
59.3598
59.2615
59.1666
59.0786
58.9944
58.916
58.8386
58.7668
58.6962
58.6245
58.8055
58.571
58.5325
58.4228
58.3525
58.2742
58.2029
58.3874
58.1597
58.1324
58.0345
57.9726
57.9005
58.0897
57.8637
57.8397
57.9921
57.7675
57.7325
57.633
57.5789
57.5167
57.4637
57.4143
57.6232
57.4181
57.4146
57.3354
57.5476
57.3337
57.3275
57.2509
57.2169
57.4281
57.2338
57.2349
57.4207
57.4793
57.3033
57.2586
57.1827
57.1413
57.1003
57.0678
57.2839
57.0928
57.1003
57.2926
57.1087
57.3603
57.1365
57.1447
57.0738
57.3106
57.1183
57.1357
57.3375
57.1639
57.1802
57.1332
57.1237
57.111
57.1087
57.1097
57.1177
57.3768
57.4739
57.353
57.6094
57.4119
57.4395
57.3877
57.3865
57.3781
57.3829
57.6494
57.7542
57.637
57.6421
57.616
57.6194
57.6143
57.6269
57.6355
57.651
57.672
57.7
57.7365
57.7716
57.8125
58.1084
57.984
58.3006
58.1213
58.1836
58.1593
58.1932
58.4651
58.3288
58.6439
58.7208
58.6137
58.614
58.586
58.5917
58.5944
58.6103
58.6265
58.6559
58.6843
58.7176
58.7591
58.7955
58.8306
58.8703
58.9045
58.9346
58.9639
58.9992
59.2794
59.1428
59.2012
59.4345
59.5404
59.6586
59.4846
59.4669
59.6582
59.4704
59.4783
59.4223
59.4142
59.3986
59.3954
59.3932
59.3932
59.394
59.3954
59.3974
59.3973
59.3937
59.3897
59.3832
59.3732
59.3645
59.357
59.3465
59.334
59.3201
59.3032
59.2852
59.2676
59.2463
59.2248
59.2015
59.4236
59.2345
59.2401
59.172
59.1421
59.0954
59.0592
59.0208
59.2362
59.0332
59.2718
59.0246
59.0109
58.9075
58.856
58.796
58.9955
58.7781
58.7592
58.6693
58.6156
58.5573
58.5046
58.4591
58.4126
58.3653
58.3226
58.2825
58.2396
58.2016
58.1598
58.3666
58.1609
58.1503
58.0709
58.031
57.9805
57.9463
57.9035
57.8638
57.8271
57.7928
58.0155
57.8182
57.8174
57.9926
57.7938
57.7803
57.704
57.6635
57.8709
57.67
57.6609
57.8387
57.6404
57.6314
57.5583
57.5277
57.4859
57.4563
57.4302
57.3987
57.6259
57.4381
57.4464
57.386
57.3697
57.3439
57.3287
57.3157
57.307
57.2947
57.2862
57.2787
57.2766
57.2792
57.285
57.2916
57.3009
57.3141
57.3321
57.3476
57.6191
57.4698
57.7652
57.8209
57.698
57.6819
57.6457
57.6357
57.631
57.6393
57.6532
57.9262
57.7857
57.8378
57.8182
57.8377
57.8482
57.8715
57.9018
58.1895
58.0601
58.1313
58.1296
58.4169
58.2796
58.3462
58.3422
58.6368
58.4948
58.5626
58.5591
58.6037
58.8928
59.0232
58.9336
58.9706
59.2294
59.0957
59.1597
59.1548
59.1947
59.2288
59.2722
59.3296
59.3879
59.7
59.5943
59.6825
59.6948
60.0048
59.8825
59.9607
59.9665
60.0227
60.0731
60.1422
60.2075
60.2727
60.3417
60.4035
60.4723
60.5383
60.6137
60.6929
61.0204
60.9244
61.0227
61.0456
61.113
61.1681
61.2294
61.2941
61.362
61.4273
61.4975
61.5694
61.8901
61.7914
61.887
61.9132
61.9755
62.0241
62.081
62.1318
62.1885
62.5011
62.3901
62.4847
62.7502
62.6351
62.708
62.7096
62.7448
62.7728
62.8115
62.8516
62.8964
63.1898
63.0643
63.1335
63.3785
63.2411
63.2838
63.2614
63.2826
63.2944
63.3174
63.3466
63.6274
63.4881
63.5489
63.5327
63.5543
63.5657
63.5868
63.6006
63.6154
63.8826
63.7301
63.7712
63.7318
63.7299
63.7159
63.9648
63.7956
63.8204
63.7708
63.7602
63.7362
63.7238
63.7092
63.9481
63.7696
63.7227
63.6225
63.5287
63.4181
63.309
63.4007
63.3316
63.0785
62.895
62.7103
62.5336
62.3833
62.2241
62.0918
61.9691
61.8462
61.6979
61.5646
61.4047
61.4232
61.1916
61.0911
61.128
60.9455
60.8793
60.766
60.7106
60.7872
60.6531
60.6642
60.6508
60.66
60.6703
60.7104
60.9085
61.05
61.0572
61.1192
61.201
61.3207
61.4385
61.5641
61.7216
62.0217
62.2544
62.3243
62.4574
62.5975
62.773
62.9335
63.1425
63.5159
63.5805
63.8035
63.9706
64.1525
64.2892
64.4644
64.597
64.7412
64.8723
65.0138
65.1444
65.477
65.4481
65.5877
65.6191
65.7191
65.7846
65.8605
65.9164
65.9832
66.0309
66.1058
66.1622
66.2045
66.2397
66.2835
66.3023
66.318
66.326
66.5962
66.4337
66.4851
66.4498
66.5668
66.5874
66.6214
66.6277
66.532
66.4651
66.3746
66.2667
66.1442
65.9956
65.8608
65.6844
65.5255
65.3515
65.1809
64.9775
64.784
64.5857
64.3883
64.1549
63.9622
63.7508
63.5509
63.3534
63.1478
62.9365
62.7385
62.5074
62.2855
62.0768
61.8657
61.6579
61.4468
61.2551
61.0569
60.88
60.7091
60.5479
60.4069
60.249
60.123
59.9842
59.8749
59.7743
59.6593
59.717
59.5226
59.6251
59.4167
59.5468
59.3622
59.3241
59.2414
59.2035
59.1401
59.1105
59.0783
59.0274
58.9885
58.9719
59.1371
59.0016
59.2005
59.038
59.0568
58.9865
58.9429
58.8875
58.8446
58.7817
58.7342
58.6828
58.6535
58.6192
58.5932
58.5605
58.5378
58.4797
58.4206
58.3643
58.2908
58.2138
58.1404
58.2985
58.0588
57.9812
57.8266
57.6871
57.5469
57.392
57.2514
57.0691
56.9154
56.75
56.549
56.5807
56.2221
56.043
55.7766
55.5645
55.3126
55.2805
54.9151
54.6605
54.3572
54.058
53.7493
53.4363
53.1373
52.844
52.7253
52.3285
52.0487
51.7288
51.4146
51.0813
50.7583
50.4315
50.1194
49.7884
49.4683
49.1474
48.8391
48.648
48.2267
47.8851
47.5073
47.2811
46.8501
46.52
46.2924
45.9106
45.6137
45.4186
45.1782
44.8555
44.5676
44.2662
44.0166
43.8798
43.5844
43.3658
43.1247
42.9145
42.7118
42.5157
42.3479
42.1825
42.0189
41.8588
41.6922
41.5279
41.3515
41.1979
41.0433
41.0209
40.7882
40.6969
40.55
40.453
40.3343
40.2455
40.1188
40.0135
39.9157
39.7976
39.6541
39.5349
39.4214
39.3136
39.1676
39.2304
38.9716
38.8379
38.8339
38.5369
38.5461
38.4076
38.0977
38.0939
37.7348
37.7414
37.3579
37.1551
36.8474
36.5675
36.2963
36.1863
35.7693
35.5064
35.1721
34.8575
34.5305
34.204
33.8619
33.5141
33.1398
33.0122
32.5378
32.2126
32.0021
31.5311
31.1859
30.7643
30.3795
29.973
29.7503
29.2212
28.8042
28.507
27.9497
27.508
26.9954
26.5129
26.1787
25.5547
25.0698
24.6823
24.0669
23.5723
23.2011
22.6084
22.1093
21.6352
21.1023
20.5977
20.2453
19.6648
19.1965
18.8022
18.2281
17.7369
17.1942
16.6767
16.2871
15.6856
15.1874
14.6329
14.2352
13.6242
13.2446
12.6072
12.1014
11.5609
11.064
10.5555
10.04
9.59497
9.06755
8.57845
8.08186
7.59488
7.24177
6.68127
6.21889
5.69829
5.21242
4.72731
4.23367
3.75431
3.27052
2.78467
2.29618
1.79126
1.30093
0.799576
0.283921
-0.101289
-0.715159
-1.24865
-1.68521
-2.32801
-2.75148
-3.42175
-3.97791
-4.56245
-5.13895
-5.7126
-6.1353
-6.77204
-7.28508
-7.8461
-8.38378
-8.92343
-9.46682
-10.03
-10.5741
-11.1164
-11.6849
-12.254
-12.8478
-13.4246
-14.0168
-14.4786
-15.1418
-15.6068
-16.3139
-16.857
-17.524
-18.0254
-18.7204
-19.312
-19.8224
-20.4893
-21.0896
-21.7112
-22.3264
-22.9535
-23.5816
-24.2164
-24.8512
-25.5027
-26.141
-26.7408
-27.4014
-28.0179
-28.6515
-29.2748
-29.9087
-30.5699
-31.2185
-31.8626
-32.5219
-33.1855
-33.8368
-34.4811
-35.1312
-35.7991
-36.4241
-37.1147
-37.7966
-38.5038
-39.2046
-39.9034
-40.5831
-41.2549
-41.9177
-42.5485
-43.2032
-43.8306
-44.4728
-45.0989
-45.673
-46.2909
-46.8628
-47.4262
-47.9762
-48.5047
-48.9903
-49.5441
-50.0697
-50.5963
-51.1069
-51.6192
-52.0876
-52.6033
-53.1085
-53.6133
-54.1099
-54.6072
-55.0935
-55.5746
-56.0532
-56.5311
-56.9903
-57.4466
-57.9059
-58.3608
-58.8246
-59.2485
-59.7274
-60.1682
-60.622
-61.0326
-61.4795
-61.9442
-62.3924
-62.8216
-63.2244
-63.5955
-64.0268
-64.4435
-64.861
-65.2555
-65.681
-66.1246
-66.5531
-66.9734
-67.3789
-67.7836
-68.174
-68.5708
-68.9647
-69.3498
-69.7299
-70.1065
-70.4766
-70.841
-71.2219
-71.5914
-71.9604
-72.3261
-72.695
-73.0606
-73.4264
-73.8119
-74.185
-74.5421
-74.8907
-75.234
-75.5819
-75.9114
-76.2458
-76.5741
-76.9061
-77.2582
-77.5981
-77.9444
-78.2937
-78.6175
-78.9343
-79.2489
-79.5489
-79.8267
-80.1275
-80.4105
-80.6922
-80.9824
-81.2488
-81.5222
-81.8136
-82.1061
-82.3833
-82.6656
-82.9507
-83.222
-83.4806
-83.8462
-84.1276
-84.4264
-84.7101
-84.9812
-85.2332
-85.4748
-85.7152
-85.9468
-86.1745
-86.393
-86.6022
-86.8108
-87.0067
-87.203
-87.3933
-87.5791
-87.7722
-87.9559
-88.1438
-88.3256
-88.5058
-88.6753
-88.846
-89.0303
-89.2117
-89.3795
-89.549
-89.7054
-89.8652
-90.0255
-90.1744
-90.326
-90.4552
-90.5882
-90.7316
-90.8527
-90.9796
-91.0912
-91.2168
-91.3385
-91.4543
-91.5529
-91.6656
-91.7624
-91.8575
-91.9593
-92.0498
-92.1422
-92.2486
-92.3448
-92.4467
-92.5386
-92.6498
-92.7504
-92.855
-92.9533
-93.0537
-93.1688
-93.2841
-93.4128
-93.5313
-93.6525
-93.778
-93.902
-94.0319
-94.1583
-94.2871
-94.4125
-94.552
-94.681
-94.8065
-94.9333
-95.0579
-95.1828
-95.3079
-95.4302
-95.5532
-95.6753
-95.7809
-95.8966
-96.0108
-96.1303
-96.2438
-96.361
-96.4834
-96.5992
-96.7146
-96.8277
-96.9367
-97.047
-97.1595
-97.2655
-97.3724
-97.4751
-97.5818
-97.6931
-97.7978
-97.9031
-98.0181
-98.1288
-98.2379
-98.3456
-98.4518
-98.5634
-98.6783
-98.7868
-98.8965
-99.0109
-99.1349
-99.2557
-99.3789
-99.5051
-99.6331
-99.7561
-99.8809
-100.003
-100.124
-100.252
-100.38
-100.506
-100.638
-100.773
-100.904
-101.031
-101.153
-101.274
-101.393
-101.517
-101.643
-101.765
-101.885
-102
-102.111
-102.225
-102.333
-102.432
-102.523
-102.615
-102.712
-102.803
-102.89
-102.979
-103.07
-103.152
-103.234
-103.313
-103.391
-103.47
-103.546
-103.62
-103.691
-103.758
-103.822
-103.882
-103.939
-103.994
-104.049
-104.104
-104.158
-104.206
-104.258
-104.3
-104.342
-104.375
-104.413
-104.449
-104.483
-104.526
-104.56
-104.601
-104.633
-104.669
-104.699
-104.735
-104.774
-104.811
-104.846
-104.882
-104.912
-104.939
-104.963
-104.986
-105.006
-105.026
-105.045
-105.06
-105.074
-105.082
-105.088
-105.091
-105.092
-105.086
-105.082
-105.073
-105.064
-105.059
-105.042
-105.027
-105.012
-104.995
-104.977
-104.955
-104.936
-104.907
-104.882
-104.854
-104.824
-104.784
-104.753
-104.72
-104.692
-104.664
-104.64
-104.615
-104.587
-104.564
-104.537
-104.504
-104.474
-104.444
-104.42
-104.398
-104.379
-104.356
-104.334
-104.303
-104.273
-104.239
-104.212
-104.186
-104.163
-104.142
-104.117
-104.091
-104.064
-104.037
-104.009
-103.989
-103.968
-103.953
-103.933
-103.912
-103.897
-103.878
-103.859
-103.843
-103.832
-103.815
-103.797
-103.786
-103.776
-103.76
-103.75
-103.736
-103.721
-103.704
-103.686
-103.671
-103.653
-103.638
-103.629
-103.619
-103.604
-103.587
-103.567
-103.547
-103.528
-103.513
-103.501
-103.488
-103.466
-103.446
-103.425
-103.4
-103.374
-103.346
-103.321
-103.293
-103.266
-103.234
-103.201
-103.17
-103.141
-103.115
-103.081
-103.051
-103.018
-102.987
-102.954
-102.919
-102.881
-102.848
-102.818
-102.778
-102.744
-102.709
-102.668
-102.626
-102.586
-102.543
-102.498
-102.457
-102.41
-102.368
-102.323
-102.276
-102.23
-102.183
-102.14
-102.094
-102.052
-102.01
-101.964
-101.919
-101.873
-101.825
-101.773
-101.727
-101.676
-101.632
-101.589
-101.543
-101.496
-101.45
-101.408
-101.364
-101.319
-101.275
-101.23
-101.183
-101.136
-101.092
-101.041
-101.001
-100.958
-100.917
-100.876
-100.838
-100.801
-100.763
-100.726
-100.692
-100.659
-100.627
-100.598
-100.572
-100.551
-100.526
-100.497
-100.473
-100.445
-100.411
-100.38
-100.349
-100.323
-100.297
-100.273
-100.251
-100.229
-100.201
-100.172
-100.146
-100.118
-100.09
-100.063
-100.036
-100.009
-99.983
-99.9552
-99.9302
-99.9051
-99.8837
-99.8651
-99.8446
-99.8252
-99.8067
-99.791
-99.7768
-99.7671
-99.7558
-99.7467
-99.733
-99.7184
-99.7064
-99.6938
-99.6792
-99.6695
-99.6598
-99.6512
-99.6414
-99.6387
-99.6351
-99.6322
-99.6314
-99.6243
-99.6203
-99.6163
-99.6142
-99.6113
-99.6092
-99.6101
-99.6078
-99.6063
-99.6058
-99.6047
-99.6021
-99.6034
-99.602
-99.6073
-99.615
-99.6242
-99.6282
-99.6381
-99.6507
-99.6612
-99.6731
-99.6812
-99.6897
-99.696
-99.704
-99.7074
-99.7115
-99.7164
-99.7244
-99.7306
-99.7362
-99.7428
-99.7484
-99.7521
-99.7526
-99.7483
-99.7522
-99.7551
-99.7569
-99.7582
-99.7634
-99.7688
-99.7747
-99.7786
-99.7826
-99.7893
-99.7979
-99.8085
-99.8119
-99.8169
-99.819
-99.8205
-99.8234
-99.8214
-99.8182
-99.8151
-99.8108
-99.8075
-99.8052
-99.8024
-99.8043
-99.8058
-99.8036
-99.8051
-99.8071
-99.8097
-99.8147
-99.8136
-99.816
-99.8157
-99.8153
-99.8119
-99.8107
-99.8071
-99.8043
-99.7959
-99.7942
-99.7916
-99.7911
-99.7943
-99.7978
-99.8002
-99.802
-99.8041
-99.8033
-99.8014
-99.7995
-99.8008
-99.8007
-99.8046
-99.8061
-99.8063
-99.8103
-99.8123
-99.8131
-99.8152
-99.8172
-99.8196
-99.8169
-99.8118
-99.807
-99.8039
-99.7992
-99.7949
-99.7916
-99.7882
-99.7895
-99.7904
-99.7964
-99.8011
-99.8034
-99.8084
-99.8133
-99.8168
-99.8251
-99.8273
-99.831
-99.8344
-99.842
-99.8483
-99.8524
-99.8549
-99.8615
-99.8689
-99.874
-99.8815
-99.8904
-99.9006
-99.9113
-99.9206
-99.9343
-99.9468
-99.9586
-99.9726
-99.9848
-99.9981
-100.013
-100.032
-100.045
-100.063
-100.079
-100.098
-100.111
-100.128
-100.143
-100.162
-100.182
-100.204
-100.224
-100.248
-100.272
-100.3
-100.327
-100.356
-100.387
-100.418
-100.451
-100.49
-100.525
-100.56
-100.596
-100.63
-100.667
-100.7
-100.735
-100.769
-100.805
-100.842
-100.877
-100.912
-100.946
-100.982
-101.017
-101.058
-101.099
-101.141
-101.181
-101.222
-101.27
-101.313
-101.356
-101.399
-101.443
-101.488
-101.535
-101.584
-101.633
-101.681
-101.728
-101.773
-101.819
-101.866
-101.914
-101.967
-102.018
-102.069
-102.116
-102.165
-102.21
-102.256
-102.303
-102.349
-102.397
-102.444
-102.489
-102.54
-102.591
-102.639
-102.679
-102.722
-102.765
-102.809
-102.855
-102.899
-102.944
-102.991
-103.036
-103.083
-103.132
-103.175
-103.217
-103.26
-103.302
-103.345
-103.384
-103.426
-103.465
-103.504
-103.542
-103.584
-103.626
-103.669
-103.71
-103.751
-103.791
-103.831
-103.873
-103.917
-103.957
-104.001
-104.048
-104.094
-104.139
-104.18
-104.221
-104.256
-104.296
-104.334
-104.374
-104.415
-104.456
-104.487
-104.523
-104.558
-104.594
-104.625
-104.656
-104.687
-104.717
-104.744
-104.776
-104.804
-104.834
-104.858
-104.88
-104.904
-104.924
-104.947
-104.967
-104.988
-105.008
-105.027
-105.042
-105.06
-105.076
-105.09
-105.105
-105.12
-105.135
-105.152
-105.166
-105.179
-105.192
-105.206
-105.22
-105.234
-105.244
-105.258
-105.268
-105.276
-105.287
-105.296
-105.304
-105.308
-105.311
-105.312
-105.316
-105.314
-105.319
-105.317
-105.318
-105.314
-105.311
-105.304
-105.299
-105.292
-105.289
-105.28
-105.271
-105.266
-105.255
-105.245
-105.231
-105.221
-105.212
-105.198
-105.188
-105.172
-105.16
-105.143
-105.129
-105.111
-105.094
-105.076
-105.054
-105.035
-105.016
-104.995
-104.975
-104.953
-104.926
-104.903
-104.876
-104.855
-104.829
-104.803
-104.774
-104.743
-104.708
-104.675
-104.645
-104.608
-104.58
-104.548
-104.517
-104.485
-104.449
-104.414
-104.376
-104.336
-104.298
-104.259
-104.215
-104.171
-104.126
-104.078
-104.025
-103.971
-103.915
-103.862
-103.803
-103.747
-103.687
-103.625
-103.57
-103.509
-103.445
-103.375
-103.3
-103.227
-103.148
-103.067
-102.987
-102.901
-102.813
-102.725
-102.636
-102.549
-102.455
-102.357
-102.255
-102.154
-102.049
-101.948
-101.847
-101.742
-101.645
-101.542
-101.437
-101.329
-101.222
-101.116
-101.008
-100.899
-100.789
-100.68
-100.566
-100.451
-100.335
-100.211
-100.091
-99.9681
-99.8488
-99.7197
-99.6
-99.4776
-99.3548
-99.235
-99.1205
-99.007
-98.8911
-98.7797
-98.6647
-98.5509
-98.4359
-98.3272
-98.214
-98.1009
-97.9858
-97.8762
-97.7642
-97.6571
-97.5498
-97.4446
-97.3398
-97.2361
-97.1286
-97.0219
-96.916
-96.809
-96.7042
-96.5967
-96.4882
-96.3817
-96.2734
-96.1649
-96.053
-95.9428
-95.839
-95.7288
-95.619
-95.5132
-95.3995
-95.2873
-95.1695
-95.0579
-94.941
-94.8237
-94.7078
-94.5881
-94.4667
-94.3437
-94.2165
-94.093
-93.9671
-93.8312
-93.7029
-93.569
-93.4338
-93.2979
-93.1569
-93.0094
-92.8614
-92.7063
-92.5551
-92.4023
-92.2474
-92.095
-91.9402
-91.789
-91.6382
-91.4865
-91.3404
-91.196
-91.0482
-90.9002
-90.7585
-90.6133
-90.4769
-90.3303
-90.1919
-90.0407
-89.8949
-89.7451
-89.5857
-89.4335
-89.2842
-89.1275
-88.9686
-88.8107
-88.6475
-88.4874
-88.3266
-88.1638
-87.9951
-87.8255
-87.6472
-87.4706
-87.2894
-87.101
-86.9109
-86.7118
-86.5127
-86.3045
-86.0954
-85.876
-85.6527
-85.4264
-85.1956
-84.9627
-84.7281
-84.4957
-84.263
-84.0365
-83.8015
-83.5639
-83.3263
-83.0855
-82.8504
-82.6054
-82.3597
-82.1201
-81.8772
-81.6288
-81.3895
-81.1357
-80.8845
-80.6386
-80.3729
-80.112
-79.8444
-79.5721
-79.2985
-79.0161
-78.7323
-78.443
-78.1522
-77.8626
-77.5657
-77.2644
-76.9589
-76.6554
-76.3484
-76.0413
-75.7392
-75.4336
-75.1252
-74.8263
-74.5203
-74.2166
-73.897
-73.5831
-73.2721
-72.9546
-72.6328
-72.2988
-71.9642
-71.621
-71.2789
-70.9208
-70.5678
-70.2055
-69.8509
-69.4859
-69.1214
-68.7572
-68.3975
-68.0332
-67.6692
-67.2983
-66.9227
-66.4439
-66.017
-65.5781
-65.2752
-64.8912
-64.4078
-63.9813
-63.5354
-63.0981
-62.6612
-62.2287
-61.7761
-61.3117
-60.8554
-60.4103
-59.9633
-59.5287
-59.0875
-58.6497
-58.2042
-57.7632
-57.3082
-56.8449
-56.3569
-55.8728
-55.3798
-54.8943
-54.3941
-53.8821
-53.3913
-52.8864
-52.391
-51.9123
-51.432
-50.9394
-50.4516
-49.9544
-49.4533
-48.9587
-48.4504
-47.9383
-47.4254
-46.9196
-46.4047
-45.8782
-45.3644
-44.8542
-44.3442
-43.8239
-43.2928
-42.7704
-42.2351
-41.7118
-41.1708
-40.6415
-40.0885
-39.536
-38.9719
-38.4175
-37.8564
-37.2955
-36.7411
-36.1755
-35.5952
-35.0126
-34.4062
-33.7942
-33.1925
-32.5765
-31.9982
-31.4111
-30.8408
-30.279
-29.7306
-29.1693
-28.6041
-28.0257
-27.4395
-26.8456
-26.2338
-25.6242
-25.0026
-24.3931
-23.7856
-23.1795
-22.5635
-21.9327
-21.298
-20.6494
-20.0078
-19.3744
-18.7301
-18.0971
-17.4784
-16.8697
-16.2757
-15.6749
-15.0952
-14.5072
-13.9267
-13.3465
-12.7594
-12.1805
-11.5925
-11.0027
-10.4
-9.79999
-9.20292
-8.60163
-7.99263
-7.38991
-6.77188
-6.15913
-5.55851
-4.95715
-4.38159
-3.8154
-3.2481
-2.67544
-2.12385
-1.57114
-1.02997
-0.477001
0.0836391
0.637839
1.19405
1.75751
2.30684
2.86679
3.41349
3.96564
4.52391
5.06208
5.58093
6.09951
6.61799
7.1266
7.62991
8.14329
8.64381
9.1563
9.67841
10.2127
10.7448
11.2535
11.7629
12.2681
12.7705
13.2559
13.7413
14.2336
14.7154
15.2236
15.7266
16.2201
16.6991
17.1723
17.639
18.113
18.5851
19.0431
19.5105
19.9522
20.4159
20.8574
21.3161
21.7683
22.2215
22.6496
23.0916
23.5263
23.9403
24.3734
24.7943
25.2103
25.6129
26.0111
26.408
26.8055
27.2042
27.6024
28.0184
28.4367
28.8414
29.2475
29.6352
30.0061
30.3786
30.7397
31.1074
31.4665
31.8162
32.1433
32.4766
32.7842
33.1054
33.4222
33.7407
34.0375
34.3499
34.658
34.9756
35.2836
35.5898
35.9039
36.2048
36.5098
36.8132
37.1188
37.4029
37.6939
37.9769
38.2485
38.5199
38.7988
39.0624
39.317
39.5789
39.8305
40.0933
40.3498
40.5995
40.8743
41.1497
41.4148
41.6835
41.9599
42.2132
42.4662
42.7155
42.9478
43.1804
43.3999
43.6241
43.8569
44.0757
44.2897
44.5038
44.7233
44.9425
45.1439
45.3581
45.5474
45.7369
45.9193
46.0985
46.2851
46.4451
46.6268
46.7903
46.9532
47.1099
47.2689
47.423
47.5892
47.7577
47.9204
48.0754
48.2291
48.3886
48.5567
48.7177
48.8807
49.0301
49.1703
49.3093
49.4586
49.5931
49.7197
49.8528
49.9753
50.1066
50.2442
50.376
50.5097
50.6469
50.7898
50.9199
51.0448
51.1394
51.2311
51.3237
51.4576
51.6619
51.8037
51.9424
52.059
52.1708
52.2778
52.3699
52.4579
52.5323
52.6063
52.6744
52.7387
52.8059
52.8634
52.9294
52.991
53.0512
53.1152
53.1772
53.2329
53.286
53.3384
53.3954
53.453
53.5161
53.5844
53.6473
53.7121
53.7818
53.8516
53.922
53.9929
54.0605
54.1357
54.2054
54.2797
54.3635
54.4506
54.539
54.6256
54.7078
54.793
54.8813
54.9722
55.0645
55.1533
55.2496
55.3466
55.4441
55.5362
55.629
55.7233
55.8161
55.9101
56.0091
56.1067
56.2002
56.2944
56.3866
56.475
56.5646
56.6535
56.7458
56.8379
56.9286
57.0182
57.1107
57.1965
57.288
57.3711
57.461
57.5438
57.6322
57.7104
57.7884
57.867
57.95
58.0319
58.1114
58.1921
58.274
58.3511
58.432
58.5152
58.5954
58.6785
58.7612
58.8457
58.9228
59.0013
59.0815
59.1621
59.24
59.3235
59.4095
59.4968
59.5871
59.6754
59.7682
59.8629
59.9542
60.0429
60.1366
60.2288
60.3283
60.4256
60.5318
60.6421
60.7506
60.8578
60.9632
61.0691
61.1713
61.2709
61.3737
61.4766
61.5898
61.6985
61.8018
61.9048
62.0053
62.1032
62.1947
62.2827
62.367
62.455
62.548
62.6479
62.7503
62.8562
62.9592
63.0598
63.1571
63.2473
63.3432
63.4397
63.5362
63.6369
63.7434
63.8514
63.9597
64.0653
64.1578
64.2612
64.3567
64.4465
64.5374
64.6315
64.7323
64.8297
64.9247
65.0212
65.1106
65.1964
65.2743
65.3438
65.4096
65.4766
65.5377
65.6043
65.667
65.7216
65.7744
65.8239
65.8672
65.9054
65.9399
65.9693
65.9962
66.0162
66.0328
66.0462
66.0555
66.0631
66.0626
66.0547
66.0456
66.0348
66.0162
65.9937
65.9647
65.933
65.8909
65.8485
65.8022
65.7503
65.7017
65.6522
65.5959
65.5353
65.4717
65.4015
65.3277
65.2501
65.1737
65.0973
65.0235
64.9526
64.8749
64.796
64.7013
64.6106
64.515
64.4187
64.323
64.2297
64.1354
64.047
63.9563
63.8718
63.7852
63.6884
63.5873
63.489
63.3897
63.2917
63.1965
63.0979
63.0001
62.908
62.8178
62.7168
62.6187
62.5167
62.4181
62.3162
62.2184
62.1228
62.0313
61.9461
61.8602
61.7727
61.6807
61.5904
61.4976
61.4072
61.3199
61.2318
61.1473
61.0676
60.9864
60.9152
60.8441
60.778
60.7106
60.6413
60.5753
60.5095
60.4456
60.3855
60.3291
60.2717
60.2173
60.1655
60.1137
60.0658
60.0176
59.9692
59.9178
59.8672
59.8191
59.7731
59.7271
59.68
59.6377
59.5965
59.5588
59.5218
59.4893
59.4579
59.4195
59.3849
59.3487
59.3184
59.2877
59.2623
59.2384
59.2119
59.1915
59.171
59.1518
59.1311
59.1132
59.0873
59.0646
59.0421
59.0253
59.0036
58.9929
58.978
58.9637
58.9482
58.9324
58.9201
58.9103
58.9015
58.8931
58.8884
58.8842
58.8814
58.8804
58.8782
58.8802
58.882
58.8878
58.8881
58.8878
58.8938
58.9006
58.9093
58.9214
58.9301
58.9391
58.9509
58.9618
58.9739
58.9818
58.997
59.0109
59.0235
59.0385
59.0535
59.072
59.0908
59.1034
59.1167
59.1315
59.1452
59.1594
59.1781
59.1925
59.2142
59.2333
59.2561
59.2691
59.2893
59.3093
59.3299
59.3554
59.3861
59.4159
59.4462
59.4724
59.4962
59.5203
59.5406
59.5585
59.58
59.5945
59.6108
59.6252
59.6411
59.6567
59.6703
59.6818
59.6919
59.7015
59.7094
59.7143
59.7192
59.7265
59.733
59.7466
59.7555
59.7662
59.7756
59.7836
59.7868
59.793
59.795
59.7952
59.7945
59.7946
59.7961
59.7994
59.7988
59.7976
59.797
59.7957
59.7915
59.7881
59.7828
59.7803
59.7769
59.7764
59.7712
59.7668
59.7619
59.7533
59.7474
59.7399
59.7299
59.7167
59.7013
59.6836
59.6627
59.6442
59.6227
59.6014
59.5822
59.5642
59.5435
59.5206
59.4949
59.4726
59.4459
59.4204
59.3981
59.3767
59.3539
59.3323
59.3097
59.2855
59.2587
59.2369
59.2131
59.1872
59.1631
59.1353
59.113
59.0929
59.0737
59.0555
59.0373
59.0235
59.0093
58.9934
58.9759
58.9598
58.945
58.9304
58.919
58.9084
58.8989
58.8878
58.8751
58.8625
58.8515
58.8397
58.83
58.8185
58.8087
58.7996
58.7892
58.7815
58.7737
58.7659
58.759
58.7536
58.7495
58.7441
58.741
58.7379
58.7375
58.7382
58.7404
58.7413
58.9424
58.8129
58.84
58.8041
58.805
58.7963
58.7943
58.7956
58.8019
58.807
59.0131
58.8896
58.921
58.8992
58.9063
58.9101
58.9186
58.93
58.9427
58.9553
58.97
58.9904
59.0106
59.0302
59.0508
59.0737
59.0975
59.1232
59.1475
59.1726
59.1982
59.2247
59.2529
59.2823
59.3131
59.3409
59.3721
59.4025
59.4351
59.4664
59.5038
59.5395
59.5769
59.6135
59.6496
59.6878
59.7244
59.7625
59.8024
59.8407
59.8774
59.9171
59.9587
60.0006
60.0416
60.0827
60.123
60.1644
60.2037
60.2464
60.2865
60.3289
60.3708
60.4092
60.4502
60.4904
60.5327
60.5745
60.6201
60.6627
60.7051
60.7496
60.79
60.8288
60.8703
60.9136
60.9581
61.0029
61.0472
61.0943
61.1446
61.1915
61.2432
61.2958
61.3456
61.3937
61.4424
61.4928
61.5434
61.5915
61.6415
61.6909
61.7405
61.7931
61.8419
61.8935
61.9391
61.9879
62.0351
62.0854
62.1376
62.1859
62.2427
62.2984
62.3517
62.4032
62.4539
62.5022
62.5509
62.5992
62.6454
62.6933
62.7394
62.7843
62.8292
62.8776
62.9222
62.969
63.0147
63.0595
63.102
63.1437
63.1916
63.238
63.2852
63.3288
63.3729
63.4146
63.457
63.4997
63.5371
63.5719
63.6078
63.6431
63.6784
63.7103
63.7437
63.7744
63.8035
63.8306
63.8603
63.8899
63.9146
63.9436
63.9714
63.9998
64.0282
64.0571
64.0827
64.1086
64.1304
64.1474
64.1664
64.1817
64.1975
64.2106
64.2241
64.2329
64.2448
64.2565
64.2677
64.2774
64.2882
64.2969
64.3061
64.3127
64.3213
64.3299
64.3404
64.3503
64.3585
64.3652
64.3679
64.3749
64.3818
64.3858
64.3862
64.3894
64.3875
64.3852
64.3838
64.3834
64.38
64.3771
64.3742
64.3738
64.2296
64.1126
63.9475
63.7803
63.6008
63.45
63.3081
63.1506
62.9996
62.8624
62.7284
62.6236
62.5212
62.4378
62.3634
62.3088
62.2605
62.2359
62.2196
62.2058
62.2063
62.2172
62.2523
62.2982
62.3611
62.4077
62.4664
62.5259
62.6053
62.7145
62.8391
62.9476
63.1006
63.2661
63.4414
63.6035
63.783
63.9272
64.0897
64.2465
64.4008
64.6899
64.7639
64.9082
65.0262
65.1759
65.3058
65.4191
65.5214
65.6144
65.7013
65.7709
65.8472
65.9131
65.9858
66.06
66.2685
66.2112
66.2513
66.2599
66.2589
66.2839
66.3131
66.3286
66.3513
66.3586
66.383
66.392
66.415
66.4172
66.4349
66.4382
66.4275
66.4125
66.3992
66.3803
66.3552
66.337
66.3066
66.2613
66.2152
66.1877
66.1412
66.0984
66.0502
65.9971
65.9269
65.8781
65.815
65.7794
65.72
65.6647
65.5969
65.5253
65.4444
65.3634
65.2819
65.1887
65.0822
64.9851
64.8851
64.7706
64.6709
64.5574
64.4446
64.324
64.2064
64.0874
63.9486
63.8342
63.696
63.5447
63.3956
63.2393
63.0853
62.939
62.7676
62.6015
62.425
62.2347
62.0504
61.8666
61.677
61.4982
61.337
61.1633
61.0112
60.847
60.68
60.4997
60.329
60.1702
59.9961
59.8341
59.6441
59.4899
59.3215
59.1583
58.9801
58.8086
58.6241
58.4413
58.2441
58.0444
57.8376
57.6477
57.4295
57.239
57.0345
56.8334
56.6327
56.4104
56.1835
55.9672
55.7425
55.5006
55.2886
55.0709
54.8599
54.6496
54.4421
54.227
54.0079
53.7986
53.6004
53.4048
53.2106
53.022
52.8338
52.6532
52.4677
52.277
52.0949
51.9184
51.7445
51.566
51.3966
51.23
51.0556
50.8904
50.7228
50.5611
50.4112
50.2516
50.1162
49.9607
49.8226
49.6542
49.5161
49.3445
49.1841
49.0142
48.8456
48.6916
48.5232
48.3698
48.2221
48.0712
47.9155
47.7588
47.5897
47.4363
47.2752
47.1021
46.9491
46.7925
46.6175
46.4581
46.2902
46.1264
45.9474
45.7553
45.558
45.3646
45.1814
44.9741
44.7764
44.5628
44.3527
44.1398
43.9433
43.7133
43.505
43.2647
43.0302
42.7947
42.5411
42.2869
42.0295
41.7753
41.4934
41.2266
40.9604
40.7011
40.4458
40.1698
39.9077
39.62
39.3288
39.0305
38.7302
38.4322
38.1409
37.8402
37.5222
37.2155
36.9156
36.591
36.2797
35.9504
35.6031
35.2606
35.0446
34.6218
34.2997
33.9194
33.5557
33.1859
32.8205
32.458
32.0808
31.7177
31.3514
31.0112
30.6661
30.3094
29.9479
29.5884
29.2385
28.8778
28.5156
28.1465
27.7671
27.3925
26.9979
26.6117
26.2134
25.7961
25.3853
24.9634
24.5455
24.1291
23.7124
23.3129
22.9065
22.4884
22.0817
21.6592
21.2559
20.8462
20.441
20.0219
19.605
19.2028
18.7921
18.3927
17.9864
17.571
17.1658
16.7508
16.3356
15.9296
15.4988
15.0858
14.6461
14.2166
13.7639
13.3252
12.8635
12.4002
11.9225
11.4447
10.9614
10.4602
9.9713
9.57473
9.03438
8.56189
8.0602
7.57124
7.0907
6.62254
6.14892
5.67155
5.1904
4.69867
4.20181
3.69439
3.18484
2.6758
2.1704
1.64841
1.12121
0.583436
0.0519301
-0.479064
-1.01216
-1.53762
-1.98751
-2.5704
-3.02906
-3.64198
-4.17897
-4.75349
-5.30619
-5.88273
-6.45063
-7.00881
-7.51174
-8.11448
-8.68256
-9.26422
-9.82644
-10.4026
-10.9668
-11.564
-12.1561
-12.767
-13.3757
-13.9855
-14.586
-15.1813
-15.7831
-16.3737
-16.986
-17.6021
-18.214
-18.8157
-19.4161
-20.0191
-20.6049
-21.1864
-21.7126
-22.3221
-22.8913
-23.4824
-24.0713
-24.6806
-25.3112
-25.9422
-26.5621
-27.1843
-27.7693
-28.3937
-28.9972
-29.6111
-30.2281
-30.8374
-31.4484
-32.068
-32.7013
-33.3239
-33.9249
-34.5173
-35.1006
-35.6845
-36.2686
-36.8687
-37.4738
-38.0984
-38.7076
-39.3371
-39.9556
-40.567
-41.1698
-41.7789
-42.3706
-42.9615
-43.5512
-44.1417
-44.7498
-45.3572
-45.9593
-46.538
-47.1096
-47.6526
-48.1906
-48.7341
-49.2524
-49.7678
-50.2829
-50.7873
-51.2845
-51.7727
-52.26
-52.7444
-53.2083
-53.6626
-54.1041
-54.5386
-54.9634
-55.3944
-55.8289
-56.256
-56.6775
-57.0937
-57.5111
-57.9221
-58.3394
-58.7527
-59.1711
-59.5843
-59.9946
-60.4029
-60.8034
-61.2086
-61.6137
-62.0172
-62.4181
-62.8206
-63.2264
-63.6417
-64.0574
-64.4794
-64.8963
-65.3198
-65.7469
-66.2598
-66.7117
-67.1658
-67.6135
-68.0682
-68.4747
-68.8852
-69.3065
-69.6881
-70.0874
-70.4988
-70.8708
-71.2509
-71.627
-71.9984
-72.374
-72.7523
-73.1646
-73.5277
-73.9096
-74.2903
-74.6748
-75.0567
-75.4375
-75.8212
-76.201
-76.5831
-76.9489
-77.313
-77.6724
-78.0402
-78.3889
-78.75
-79.0921
-79.4236
-79.7529
-80.0708
-80.3837
-80.6946
-81.0055
-81.3056
-81.606
-81.8969
-82.1766
-82.4584
-82.732
-83.0136
-83.2824
-83.5486
-83.8111
-84.0714
-84.3273
-84.5856
-84.8326
-85.0781
-85.3198
-85.5633
-85.8045
-86.0429
-86.2752
-86.5074
-86.7412
-86.9724
-87.198
-87.4206
-87.6374
-87.8465
-88.052
-88.2585
-88.4615
-88.6559
-88.8516
-89.0487
-89.2379
-89.428
-89.6165
-89.7999
-89.9795
-90.1577
-90.328
-90.5012
-90.6689
-90.8409
-91.0288
-91.1733
-91.3381
-91.4937
-91.6473
-91.8036
-91.9575
-92.107
-92.2588
-92.4024
-92.5456
-92.6887
-92.8241
-92.9604
-93.0884
-93.211
-93.3314
-93.4493
-93.564
-93.6819
-93.793
-93.896
-94.0002
-94.0957
-94.1847
-94.2763
-94.3642
-94.4583
-94.545
-94.6346
-94.7221
-94.8103
-94.8927
-94.9761
-95.0585
-95.1403
-95.226
-95.3179
-95.4045
-95.4999
-95.5938
-95.6901
-95.7836
-95.8862
-95.9861
-96.0899
-96.1975
-96.2992
-96.4053
-96.5042
-96.6032
-96.7269
-96.8358
-96.9455
-97.0197
-97.1102
-97.1926
-97.2981
-97.3621
-97.4487
-97.5296
-97.6145
-97.6972
-97.7734
-97.855
-97.9362
-98.0167
-98.0973
-98.1806
-98.2599
-98.3389
-98.4219
-98.5058
-98.5955
-98.6813
-98.7743
-98.8647
-98.9549
-99.0708
-99.1517
-99.2495
-99.3369
-99.4333
-99.5253
-99.6213
-99.7157
-99.8426
-99.9465
-100.035
-100.127
-100.249
-100.354
-100.437
-100.536
-100.631
-100.734
-100.837
-100.944
-101.055
-101.163
-101.27
-101.379
-101.481
-101.584
-101.689
-101.791
-101.89
-101.996
-102.1
-102.2
-102.304
-102.402
-102.498
-102.59
-102.677
-102.791
-102.863
-102.946
-103.035
-103.123
-103.213
-103.313
-103.409
-103.498
-103.58
-103.662
-103.737
-103.816
-103.895
-103.971
-104.054
-104.13
-104.201
-104.278
-104.352
-104.42
-104.485
-104.55
-104.613
-104.683
-104.749
-104.818
-104.885
-104.946
-105.004
-105.061
-105.115
-105.17
-105.223
-105.274
-105.323
-105.368
-105.412
-105.475
-105.499
-105.536
-105.568
-105.603
-105.638
-105.672
-105.701
-105.733
-105.762
-105.788
-105.812
-105.833
-105.853
-105.871
-105.889
-105.905
-105.913
-105.923
-105.93
-105.938
-105.944
-105.948
-105.949
-105.949
-105.944
-105.937
-105.922
-105.907
-105.887
-105.868
-105.846
-105.821
-105.785
-105.759
-105.726
-105.698
-105.668
-105.641
-105.608
-105.577
-105.541
-105.507
-105.471
-105.438
-105.403
-105.371
-105.337
-105.302
-105.264
-105.229
-105.192
-105.152
-105.111
-105.071
-105.036
-104.994
-104.959
-104.921
-104.887
-104.848
-104.812
-104.772
-104.733
-104.696
-104.676
-104.619
-104.577
-104.526
-104.478
-104.43
-104.388
-104.372
-104.313
-104.275
-104.231
-104.19
-104.147
-104.108
-104.071
-104.033
-103.995
-103.961
-103.927
-103.894
-103.868
-103.869
-103.823
-103.804
-103.796
-103.752
-103.725
-103.689
-103.659
-103.625
-103.597
-103.564
-103.531
-103.499
-103.463
-103.428
-103.419
-103.367
-103.335
-103.322
-103.273
-103.243
-103.208
-103.176
-103.145
-103.113
-103.086
-103.049
-103.019
-102.986
-102.956
-102.924
-102.916
-102.863
-102.834
-102.802
-102.768
-102.729
-102.693
-102.65
-102.607
-102.561
-102.503
-102.451
-102.398
-102.34
-102.282
-102.225
-102.166
-102.108
-102.047
-101.992
-101.933
-101.875
-101.812
-101.75
-101.71
-101.634
-101.573
-101.513
-101.455
-101.392
-101.335
-101.283
-101.256
-101.182
-101.151
-101.082
-101.033
-100.976
-100.927
-100.881
-100.832
-100.781
-100.759
-100.697
-100.649
-100.6
-100.555
-100.505
-100.463
-100.417
-100.37
-100.324
-100.275
-100.232
-100.184
-100.133
-100.084
-100.038
-99.9946
-99.954
-99.914
-99.8798
-99.8451
-99.8088
-99.7778
-99.7454
-99.7184
-99.6876
-99.6602
-99.6344
-99.6067
-99.5843
-99.5611
-99.5405
-99.5241
-99.5144
-99.5252
-99.4974
-99.4898
-99.4973
-99.4689
-99.4611
-99.4448
-99.4387
-99.4283
-99.4207
-99.4188
-99.4152
-99.4097
-99.431
-99.4111
-99.4125
-99.4122
-99.4185
-99.4236
-99.4336
-99.4455
-99.459
-99.4767
-99.5166
-99.5388
-99.538
-99.5717
-99.5627
-99.5767
-99.5822
-99.5895
-99.5976
-99.6348
-99.6341
-99.6517
-99.6621
-99.6759
-99.6952
-99.7124
-99.7297
-99.7478
-99.7915
-99.8178
-99.8236
-99.8423
-99.8599
-99.8792
-99.8958
-99.909
-99.9292
-99.9522
-99.9979
-100.006
-100.031
-100.052
-100.077
-100.122
-100.126
-100.157
-100.175
-100.199
-100.222
-100.244
-100.271
-97.7435
-99.4719
-99.2096
-99.7042
-99.7835
-99.9799
-100.078
-100.179
-100.253
-100.341
-100.371
-100.419
-100.468
-100.503
-100.506
-100.548
-100.539
-100.551
-100.575
-100.588
-100.6
-100.585
-100.603
-100.6
-100.58
-100.568
-100.56
-100.553
-100.549
-100.545
-100.544
-100.539
-100.557
-100.538
-100.536
-100.533
-100.534
-100.529
-100.551
-100.532
-100.529
-100.521
-100.517
-100.512
-100.503
-100.498
-100.512
-100.486
-100.485
-100.471
-100.463
-100.449
-100.43
-100.44
-100.407
-100.422
-100.414
-100.392
-100.377
-100.364
-100.35
-100.338
-100.357
-100.338
-100.333
-100.32
-100.313
-100.299
-100.317
-100.297
-100.295
-100.289
-100.28
-100.277
-100.27
-100.264
-100.285
-100.292
-100.283
-100.287
-100.289
-100.291
-100.295
-100.298
-100.302
-100.312
-100.323
-100.338
-100.353
-100.367
-100.405
-100.424
-100.424
-100.434
-100.441
-100.452
-100.468
-100.485
-100.507
-100.526
-100.544
-100.564
-100.584
-100.608
-100.63
-100.659
-100.692
-100.723
-100.761
-100.821
-100.836
-100.871
-100.9
-100.959
-100.976
-101.016
-101.067
-101.085
-101.119
-101.175
-101.195
-101.234
-101.261
-101.297
-101.324
-101.352
-101.381
-101.413
-101.446
-101.481
-101.512
-101.542
-101.573
-101.603
-101.636
-101.673
-101.707
-101.746
-101.789
-101.828
-101.865
-101.903
-101.946
-101.987
-102.024
-102.059
-102.094
-102.13
-102.167
-102.203
-102.242
-102.278
-102.313
-102.348
-102.382
-102.416
-102.453
-102.482
-102.513
-102.541
-102.572
-102.626
-102.644
-102.679
-102.712
-102.746
-102.779
-102.837
-102.853
-102.884
-102.905
-102.957
-102.968
-103.002
-103.034
-103.097
-103.117
-103.159
-103.188
-103.222
-103.282
-103.322
-103.364
-103.381
-103.413
-103.339
-103.241
-103.112
-102.987
-102.81
-102.656
-102.432
-102.185
-101.956
-101.678
-101.501
-101.332
-101.209
-101.122
-101.041
-100.984
-100.923
-100.81
-100.84
-100.85
-100.669
-100.111
-99.4752
-98.3597
-97.6529
-96.9966
-96.3299
-96.0938
-95.8041
0
0
0
0
0
0
0
0
0
0
0
0
0
0
0
0
0
0
0
0
0
0
0
0
0
0
0
0
0
0
0
0
0
0
0
0
0
0
0
0
0
0
0
0
0
0
0
0
0
0
0
0
0
0
0
0
0
0
0
0
0
0
0
0
0
0
0
0
0
0
0
0
0
0
0
0
0
0
0
0
0
0
0
0
0
0
0
0
0
0
0
0
0
0
0
0
0
0
0
0
0
0
0
0
0
0
0
0
0
0
0
0
0
0
0
0
0
0
0
0
0
0
0
0
0
0
0
0
0
0
0
0
0
0
0
0
0
0
0
0
0
0
0
0
0
0
0
0
0
0
0
0
0
0
0
0
0
0
0
0
0
0
0
0
0
0
0
0
0
0
0
0
0
0
0
0
0
0
0
0
0
0
0
0
0
0
0
0
0
0
0
0
0
0
0
0
0
0
0
0
0
0
0
0
0
0
0
0
0
0
0
0
0
0
0
0
0
0
0
0
0
0
0
0
0
0
0
0
0
0
0
0
0
0
0
0
0
0
0
0
0
0
0
0
0
0
0
0
0
0
0
0
0
0
0
0
0
0
0
0
0
0
0
0
0
0
0
0
0
0
0
0
0
0
0
0
0
0
0
0
0
0
0
0
0
0
0
0
0
0
0
0
0
0
0
0
0
0
0
0
0
0
0
0
0
0
0
0
0
0
0
0
0
0
0
0
0
0
0
0
0
0
0
0
0
0
0
0
0
0
0
0
0
0
0
0
0
0
0
0
0
0
0
0
0
0
0
0
0
0
0
0
0
0
0
0
0
0
0
0
0
0
0
0
0
0
0
0
0
0
0
0
0
0
0
0
0
0
0
0
0
0
0
0
0
0
0
0
0
0
0
0
0
0
0
0
0
0
0
0
0
0
0
0
0
0
0
0
0
0
0
0
0
0
0
0
0
0
0
0
0
0
0
0
0
0
0
0
0
0
0
0
0
0
0
0
0
0
0
0
0
0
0
0
0
0
0
0
0
0
0
0
0
0
0
0
0
0
0
0
0
0
0
0
0
0
0
0
0
0
0
0
0
0
0
0
0
0
0
0
0
0
0
0
0
0
0
0
0
0
0
0
0
0
0
0
0
0
0
0
0
0
0
0
0
0
0
0
0
0
0
0
0
0
0
0
0
0
0
0
0
0
0
0
0
0
0
0
0
0
0
0
0
0
0
0
0
0
0
0
0
0
0
0
0
0
0
0
0
0
0
0
0
0
0
0
0
0
0
0
0
0
0
0
0
0
0
0
0
0
0
0
0
0
0
0
0
0
0
0
0
0
0
0
0
0
0
0
0
0
0
0
0
0
0
0
0
0
0
0
0
0
0
0
0
0
0
0
0
0
0
0
0
0
0
0
0
0
0
0
0
0
0
0
0
0
0
0
0
0
0
0
0
0
0
0
0
0
0
0
0
0
0
0
0
0
0
0
0
0
0
0
0
0
0
0
0
0
0
0
0
0
0
0
0
0
0
0
0
0
0
0
0
0
0
0
0
0
0
0
0
0
0
0
0
0
0
0
0
0
0
0
0
0
0
0
0
0
0
0
0
0
0
0
0
0
0
0
0
0
0
0
0
0
0
0
0
0
0
0
0
0
0
0
0
0
0
0
0
0
0
0
0
0
0
0
0
0
0
0
0
0
0
0
0
0
0
0
0
0
0
0
0
0
0
0
0
0
0
0
0
0
0
0
0
0
0
0
0
0
0
0
0
0
0
0
0
0
0
0
0
0
0
0
0
0
0
0
0
0
0
0
0
0
0
0
0
0
0
0
0
0
0
0
0
0
0
0
0
0
0
0
0
0
0
0
0
0
0
0
0
0
0
0
0
0
0
0
0
0
0
0
0
0
0
0
0
0
0
0
0
0
0
0
0
0
0
0
0
0
0
0
0
0
0
0
0
0
0
0
0
0
0
0
0
0
0
0
0
0
0
0
0
0
0
0
0
0
0
0
0
0
0
0
0
0
0
0
0
0
0
0
0
0
0
0
0
0
0
0
0
0
0
0
0
0
0
0
0
0
0
0
0
0
0
0
0
0
0
0
0
0
0
0
0
0
0
0
0
0
0
0
0
0
0
0
0
0
0
0
0
0
0
0
0
0
0
0
0
0
0
0
0
0
0
0
0
0
0
0
0
0
0
0
0
0
0
0
0
0
0
0
0
0
0
0
0
0
0
0
0
0
0
0
0
0
0
0
0
0
0
0
0
0
0
0
0
0
0
0
0
0
0
0
0
0
0
0
0
0
0
0
0
0
0
0
0
0
0
0
0
0
0
0
0
0
0
0
0
0
0
0
0
0
0
0
0
0
0
0
0
0
0
0
0
0
0
0
0
0
0
0
0
0
0
0
0
0
0
0
0
0
0
0
0
0
0
0
0
0
0
0
0
0
0
0
0
0
0
0
0
0
0
0
0
0
0
0
0
0
0
0
0
0
0
0
0
0
0
0
0
0
0
0
0
0
0
0
0
0
0
0
0
0
0
0
0
0
0
0
0
0
0
0
0
0
0
0
0
0
0
0
0
0
0
0
0
0
0
0
0
0
0
0
0
0
0
0
0
0
0
0
0
0
0
0
0
0
0
0
0
0
0
0
0
0
0
0
0
0
0
0
0
0
0
0
0
0
0
0
0
0
0
0
0
0
0
0
0
0
0
0
0
0
0
0
0
0
0
0
0
0
0
0
0
0
0
0
0
0
0
0
0
0
0
0
0
0
0
0
0
0
0
0
0
0
0
0
0
0
0
0
0
0
0
0
0
0
0
0
0
0
0
0
0
0
0
0
0
0
0
0
0
0
0
0
0
0
0
0
0
0
0
0
0
0
0
0
0
0
0
0
0
0
0
0
0
0
0
0
0
0
0
0
0
0
0
0
0
0
0
0
0
0
0
0
0
0
0
0
0
0
0
0
0
0
0
0
0
0
0
0
0
0
0
0
0
0
0
0
0
0
0
0
0
0
0
0
0
0
0
0
0
0
0
0
0
0
0
0
0
0
0
0
0
0
0
0
0
0
0
0
0
0
0
0
0
0
0
0
0
0
0
0
0
0
0
0
0
0
0
0
0
0
0
0
0
0
0
0
0
0
0
0
0
0
0
0
0
0
0
0
0
0
0
0
0
0
0
0
0
0
0
0
0
0
0
0
0
0
0
0
0
0
0
0
0
0
0
0
0
0
0
0
0
0
0
0
0
0
0
0
0
0
0
0
0
0
0
0
0
0
0
0
0
0
0
0
0
0
0
0
0
0
0
0
0
0
0
0
0
0
0
0
0
0
0
0
0
0
0
0
0
0
0
0
0
0
0
0
0
0
0
0
0
0
0
0
0
0
0
0
0
0
0
0
0
0
0
0
0
0
0
0
0
0
0
0
0
0
0
0
0
0
0
0
0
0
0
0
0
0
0
0
0
0
0
0
0
0
0
0
0
0
0
0
0
0
0
0
0
0
0
0
0
0
0
0
0
0
0
0
0
0
0
0
0
0
0
0
0
0
0
0
0
0
0
0
0
0
0
0
0
0
0
0
0
0
0
0
0
0
0
0
0
0
0
0
0
0
0
0
0
0
0
0
0
0
0
0
0
0
0
0
0
0
0
0
0
0
0
0
0
0
0
0
0
0
0
0
0
0
0
0
0
0
0
0
0
0
0
0
0
0
0
0
0
0
0
0
0
0
0
0
0
0
0
0
0
0
0
0
0
0
0
0
0
0
0
0
0
0
0
0
0
0
0
0
0
0
0
0
0
0
0
0
0
0
0
0
0
0
0
0
0
0
0
0
0
0
0
0
0
0
0
0
0
0
0
0
0
0
0
0
0
0
0
0
0
0
0
0
0
0
0
0
0
0
0
0
0
0
0
0
0
0
0
0
0
0
0
0
0
0
0
0
0
0
0
0
0
0
0
0
0
0
0
0
0
0
0
0
0
0
0
0
0
0
0
0
0
0
0
0
0
0
0
0
0
0
0
0
0
0
0
0
0
0
0
0
0
0
0
0
0
0
0
0
0
0
0
0
0
0
0
0
0
0
0
0
0
0
0
0
0
0
0
0
0
0
0
0
0
0
0
0
0
0
0
0
0
0
0
0
0
0
0
0
0
0
0
0
0
0
0
0
0
0
0
0
0
0
0
0
0
0
0
0
0
0
0
0
0
0
0
0
0
0
0
0
0
0
0
0
0
0
0
0
0
0
0
0
0
0
0
0
0
0
0
0
0
0
0
0
0
0
0
0
0
0
0
0
0
0
0
0
0
0
0
0
0
0
0
0
0
0
0
0
0
0
0
0
0
0
0
0
0
0
0
0
0
0
0
0
0
0
0
0
0
0
0
0
0
0
0
0
0
0
0
0
0
0
0
0
0
0
0
0
0
0
0
0
0
0
0
0
0
0
0
0
0
0
0
0
0
0
0
0
0
0
0
0
0
0
0
0
0
0
0
0
0
0
0
0
0
0
0
0
0
0
0
0
0
0
0
0
0
0
0
0
0
0
0
0
0
0
0
0
0
0
0
0
0
0
0
0
0
0
0
0
0
0
0
0
0
0
0
0
0
0
0
0
0
0
0
0
0
0
0
0
0
0
0
0
0
0
0
0
0
0
0
0
0
0
0
0
0
0
0
0
0
0
0
0
0
0
0
0
0
0
0
0
0
0
0
0
0
0
0
0
0
0
0
0
0
0
0
0
0
0
0
0
0
0
0
0
0
0
0
0
0
0
0
0
0
0
0
0
0
0
0
0
0
0
0
0
0
0
0
0
0
0
0
0
0
0
0
0
0
0
0
0
0
0
0
0
0
0
0
0
0
0
0
0
0
0
0
0
0
0
0
0
0
0
0
0
0
0
0
0
0
0
0
0
0
0
0
0
0
0
0
0
0
0
0
0
0
0
0
0
0
0
0
0
0
0
0
0
0
0
0
