0
-0.000723753
-0.00147496
-0.0022271
-0.00299029
-0.00377295
-0.00452917
-0.00529016
-0.00606033
-0.00682546
-0.00759399
-0.00842711
-0.00922786
-0.010043
-0.0108725
-0.0116969
-0.0125284
-0.013367
-0.0141828
-0.0150062
-0.0158129
-0.0166226
-0.0174166
-0.0181808
-0.0189307
-0.0196588
-0.0203905
-0.0211287
-0.0218683
-0.0225926
-0.0232985
-0.0239828
-0.0246673
-0.0253348
-0.0259766
-0.0266312
-0.0272776
-0.0279265
-0.0285699
-0.0292026
-0.0298349
-0.0304608
-0.0310754
-0.031675
-0.0323045
-0.0329182
-0.0335049
-0.0341547
-0.0347654
-0.0353754
-0.0359948
-0.0366221
-0.037269
-0.0379251
-0.0385877
-0.0392506
-0.039922
-0.0405947
-0.0412607
-0.0419467
-0.0427001
-0.0434428
-0.0441875
-0.0449291
-0.0456693
-0.0463916
-0.0471403
-0.0478569
-0.0485735
-0.0493333
-0.0500462
-0.0507575
-0.05147
-0.0521719
-0.0528556
-0.0535286
-0.054193
-0.0548933
-0.0555575
-0.0561823
-0.0568098
-0.0574221
-0.0580362
-0.0586715
-0.0592807
-0.0598848
-0.0604553
-0.0610142
-0.0615492
-0.0621175
-0.0626592
-0.0631973
-0.0637394
-0.0642879
-0.0648404
-0.0654019
-0.0659651
-0.0665387
-0.0671041
-0.0676566
-0.0682015
-0.0687826
-0.0693506
-0.0699574
-0.0705238
-0.0711151
-0.071722
-0.0723158
-0.072927
-0.0735836
-0.0741931
-0.0748241
-0.0754427
-0.0760469
-0.0766478
-0.0772703
-0.0778711
-0.0784816
-0.0791066
-0.0797288
-0.0803278
-0.0809324
-0.0815393
-0.0821595
-0.0827457
-0.0833182
-0.0838909
-0.084442
-0.0849889
-0.0855483
-0.086066
-0.0864826
-0.0867948
-0.0870639
-0.0872474
-0.087436
-0.0875622
-0.0876628
-0.0878174
-0.0879616
-0.0881347
-0.0883213
-0.0885374
-0.0888384
-0.0891567
-0.0895302
-0.0899608
-0.0903845
-0.0908165
-0.0912729
-0.0917851
-0.0923208
-0.0928627
-0.0934037
-0.093948
-0.0944933
-0.0950598
-0.0956247
-0.0961981
-0.0967606
-0.0973233
-0.0978656
-0.0984099
-0.0989604
-0.0994839
-0.0999958
-0.100488
-0.100961
-0.101427
-0.101855
-0.102248
-0.102624
-0.102964
-0.103272
-0.103557
-0.10381
-0.104036
-0.104249
-0.104424
-0.10463
-0.10477
-0.104889
-0.104985
-0.105092
-0.105187
-0.10527
-0.105375
-0.105537
-0.105717
-0.105866
-0.106026
-0.106191
-0.106381
-0.106627
-0.106872
-0.10713
-0.107392
-0.107675
-0.108001
-0.108304
-0.108632
-0.108984
-0.109348
-0.109705
-0.110078
-0.11046
-0.110833
-0.111229
-0.11164
-0.112027
-0.112452
-0.112844
-0.113232
-0.113632
-0.114012
-0.114379
-0.114735
-0.115089
-0.115407
-0.115672
-0.115954
-0.116205
-0.116439
-0.116665
-0.116865
-0.117044
-0.117195
-0.117269
-0.11734
-0.117419
-0.117466
-0.117504
-0.117554
-0.117579
-0.117597
-0.117633
-0.117686
-0.117752
-0.117814
-0.11789
-0.117966
-0.11806
-0.118173
-0.118318
-0.118438
-0.118558
-0.118717
-0.118888
-0.119056
-0.119227
-0.119415
-0.119614
-0.119811
-0.120018
-0.120244
-0.120441
-0.120624
-0.120853
-0.121059
-0.121238
-0.12145
-0.121666
-0.121923
-0.122146
-0.122348
-0.122518
-0.12268
-0.12283
-0.122976
-0.123141
-0.123286
-0.123387
-0.123493
-0.123568
-0.12365
-0.123761
-0.1238
-0.123808
-0.123799
-0.123788
-0.123783
-0.123803
-0.123821
-0.123874
-0.123901
-0.123925
-0.123976
-0.123988
-0.124018
-0.124061
-0.124092
-0.124129
-0.124213
-0.124261
-0.124297
-0.124337
-0.124384
-0.124469
-0.124511
-0.124548
-0.124604
-0.124699
-0.124824
-0.124945
-0.125093
-0.125275
-0.125392
-0.125542
-0.125704
-0.12588
-0.126186
-0.126366
-0.126533
-0.126705
-0.126863
-0.127011
-0.127164
-0.127275
-0.127383
-0.12749
-0.127589
-0.12768
-0.127772
-0.127851
-0.127928
-0.127996
-0.128046
-0.128079
-0.128096
-0.128112
-0.128114
-0.128083
-0.128024
-0.127986
-0.127944
-0.127884
-0.127859
-0.127819
-0.127768
-0.127714
-0.127676
-0.127637
-0.127611
-0.127578
-0.127559
-0.127559
-0.127578
-0.127605
-0.127646
-0.127716
-0.127772
-0.127863
-0.127968
-0.128115
-0.128241
-0.128373
-0.128519
-0.128683
-0.128818
-0.128978
-0.129142
-0.129343
-0.129513
-0.129676
-0.129876
-0.130047
-0.130215
-0.130387
-0.130546
-0.130706
-0.130855
-0.130992
-0.13113
-0.131247
-0.13134
-0.131443
-0.131511
-0.131564
-0.131591
-0.131591
-0.131578
-0.131574
-0.131555
-0.131515
-0.131479
-0.131454
-0.131418
-0.131368
-0.131314
-0.131273
-0.13124
-0.131219
-0.131171
-0.131164
-0.131167
-0.131202
-0.131259
-0.131303
-0.131366
-0.131439
-0.131537
-0.131637
-0.131754
-0.131883
-0.132007
-0.132164
-0.132293
-0.132417
-0.13258
-0.132753
-0.13291
-0.133075
-0.133233
-0.133373
-0.13354
-0.13368
-0.133815
-0.13394
-0.134058
-0.134175
-0.134298
-0.134406
-0.134511
-0.134609
-0.134707
-0.134806
-0.134881
-0.134964
-0.135046
-0.135149
-0.135245
-0.135348
-0.135461
-0.135571
-0.135691
-0.135838
-0.136007
-0.136158
-0.136322
-0.136511
-0.136662
-0.136803
-0.136958
-0.137073
-0.137205
-0.13733
-0.137418
-0.137522
-0.1376
-0.137657
-0.137735
-0.137804
-0.137858
-0.137946
-0.138029
-0.13813
-0.13827
-0.138398
-0.138518
-0.138662
-0.138802
-0.138936
-0.139082
-0.139252
-0.139401
-0.139577
-0.139752
-0.139934
-0.140124
-0.140319
-0.140522
-0.140738
-0.140956
-0.14119
-0.141429
-0.141655
-0.141864
-0.142062
-0.14227
-0.142469
-0.142673
-0.142893
-0.143056
-0.143232
-0.143412
-0.143579
-0.143756
-0.143921
-0.144082
-0.144264
-0.144434
-0.144624
-0.144863
-0.14511
-0.145324
-0.14556
-0.145809
-0.146044
-0.146251
-0.146462
-0.146655
-0.146834
-0.147176
-0.147319
-0.147433
-0.14754
-0.147676
-0.147777
-0.147877
-0.147981
-0.148085
-0.148234
-0.148421
-0.14857
-0.148971
-0.149188
-0.149403
-0.149659
-0.149918
-0.150215
-0.150526
-0.150842
-0.151168
-0.151447
-0.151707
-0.151957
-0.15219
-0.152451
-0.152692
-0.15296
-0.153213
-0.153485
-0.153749
-0.153993
-0.154239
-0.154473
-0.154728
-0.154969
-0.155163
-0.155399
-0.155613
-0.155837
-0.156089
-0.156293
-0.156507
-0.156729
-0.156932
-0.157149
-0.157358
-0.157649
-0.157938
-0.158195
-0.158486
-0.158775
-0.159017
-0.159287
-0.159557
-0.159802
-0.160031
-0.160245
-0.160441
-0.160662
-0.160878
-0.16113
-0.16137
-0.161568
-0.16178
-0.162011
-0.162261
-0.162536
-0.162814
-0.163053
-0.16328
-0.163514
-0.16374
-0.163965
-0.164208
-0.164453
-0.164671
-0.16488
-0.165097
-0.165317
-0.165558
-0.165808
-0.166071
-0.166355
-0.166674
-0.166928
-0.167197
-0.167447
-0.167681
-0.16792
-0.168162
-0.168404
-0.168641
-0.168863
-0.169073
-0.169281
-0.169502
-0.169719
-0.169933
-0.170125
-0.170341
-0.170581
-0.170853
-0.171091
-0.17132
-0.171537
-0.17176
-0.17199
-0.172205
-0.172402
-0.172594
-0.172808
-0.172977
-0.17313
-0.173282
-0.17344
-0.173607
-0.173794
-0.173988
-0.174168
-0.174341
-0.174555
-0.174738
-0.175137
-0.175315
-0.175498
-0.175723
-0.175929
-0.176114
-0.176311
-0.176513
-0.176719
-0.176981
-0.177188
-0.177398
-0.177593
-0.177796
-0.177967
-0.178132
-0.178284
-0.178419
-0.178567
-0.178731
-0.178861
-0.178989
-0.179117
-0.179241
-0.179365
-0.179532
-0.179677
-0.179837
-0.179976
-0.180158
-0.180302
-0.18044
-0.1806
-0.180776
-0.180948
-0.181128
-0.181305
-0.181483
-0.18165
-0.181811
-0.181952
-0.18212
-0.182234
-0.182377
-0.182491
-0.182607
-0.182714
-0.182787
-0.182856
-0.182956
-0.183075
-0.183206
-0.183335
-0.18345
-0.183564
-0.183694
-0.183879
-0.184026
-0.184155
-0.184296
-0.184423
-0.184537
-0.184648
-0.184773
-0.184929
-0.185027
-0.185129
-0.185216
-0.185304
-0.185367
-0.18545
-0.185546
-0.185682
-0.18579
-0.18587
-0.185934
-0.186002
-0.186062
-0.186319
-0.186388
-0.186483
-0.186585
-0.186701
-0.186833
-0.18696
-0.187093
-0.187217
-0.18736
-0.187508
-0.187658
-0.187811
-0.187948
-0.188045
-0.188149
-0.188255
-0.188337
-0.188416
-0.188471
-0.188491
-0.188524
-0.188537
-0.188581
-0.188651
-0.188733
-0.188826
-0.188928
-0.189036
-0.189126
-0.189232
-0.18934
-0.189436
-0.189566
-0.189682
-0.189775
-0.18984
-0.189919
-0.190026
-0.190089
-0.190148
-0.190208
-0.190298
-0.190369
-0.190415
-0.190503
-0.190631
-0.190714
-0.190807
-0.190939
-0.191024
-0.191139
-0.191247
-0.191343
-0.191426
-0.191508
-0.191578
-0.191666
-0.191736
-0.191785
-0.191858
-0.191951
-0.19202
-0.192126
-0.192244
-0.192416
-0.192549
-0.19271
-0.192858
-0.193006
-0.193151
-0.193282
-0.193463
-0.193633
-0.193735
-0.193844
-0.193942
-0.194032
-0.194129
-0.194214
-0.194281
-0.194402
-0.194527
-0.194597
-0.194671
-0.194748
-0.194823
-0.194908
-0.195013
-0.195056
-0.19511
-0.195169
-0.195259
-0.195306
-0.195382
-0.195449
-0.195517
-0.195596
-0.195676
-0.195732
-0.195802
-0.19589
-0.195972
-0.196069
-0.19616
-0.196256
-0.196352
-0.196413
-0.196489
-0.196569
-0.196611
-0.196668
-0.19674
-0.196799
-0.196858
-0.196908
-0.196974
-0.19705
-0.197126
-0.197187
-0.197259
-0.19734
-0.197414
-0.197504
-0.197625
-0.197754
-0.197874
-0.197973
-0.198062
-0.198159
-0.198253
-0.198353
-0.198457
-0.198561
-0.198663
-0.198774
-0.198893
-0.199003
-0.199116
-0.199247
-0.199365
-0.199496
-0.199634
-0.199753
-0.199933
-0.200087
-0.200242
-0.200379
-0.200523
-0.200684
-0.200815
-0.201005
-0.20115
-0.201301
-0.201451
-0.201579
-0.201701
-0.201827
-0.201933
-0.202018
-0.202089
-0.202154
-0.202239
-0.202327
-0.202373
-0.20247
-0.202555
-0.202636
-0.20275
-0.202862
-0.202962
-0.203093
-0.20323
-0.203397
-0.203574
-0.203744
-0.203903
-0.204074
-0.204249
-0.204432
-0.204606
-0.204788
-0.204973
-0.205175
-0.205405
-0.205642
-0.205908
-0.20613
-0.206334
-0.206568
-0.206811
-0.207042
-0.207298
-0.207577
-0.207884
-0.208152
-0.208399
-0.208669
-0.208966
-0.209274
-0.209577
-0.209863
-0.210155
-0.210432
-0.210724
-0.211011
-0.21129
-0.211574
-0.211836
-0.212088
-0.212338
-0.212608
-0.212877
-0.213141
-0.213426
-0.213715
-0.214013
-0.214334
-0.214616
-0.214878
-0.215171
-0.215464
-0.215765
-0.216064
-0.216394
-0.216739
-0.217085
-0.217428
-0.217791
-0.218169
-0.21853
-0.218923
-0.21926
-0.219607
-0.219968
-0.220327
-0.22068
-0.221025
-0.221332
-0.221604
-0.221879
-0.222122
-0.222376
-0.222624
-0.222873
-0.223119
-0.223433
-0.223783
-0.224163
-0.224529
-0.224909
-0.225293
-0.225683
-0.226049
-0.226434
-0.226821
-0.227208
-0.227565
-0.227913
-0.228309
-0.228667
-0.229057
-0.229413
-0.229775
-0.230132
-0.230488
-0.230883
-0.231283
-0.231717
-0.232168
-0.232632
-0.233085
-0.233549
-0.23403
-0.23454
-0.235053
-0.23559
-0.236144
-0.236709
-0.237251
-0.237799
-0.238344
-0.238914
-0.239454
-0.239979
-0.240518
-0.241065
-0.24162
-0.242182
-0.242752
-0.243308
-0.243874
-0.244453
-0.245049
-0.245641
-0.246264
-0.246885
-0.247519
-0.248138
-0.248766
-0.249373
-0.250006
-0.250617
-0.251229
-0.251824
-0.252411
-0.252987
-0.25356
-0.254125
-0.254695
-0.255275
-0.25584
-0.256389
-0.256899
-0.257405
-0.257921
-0.258444
-0.258942
-0.259458
-0.259961
-0.260471
-0.260991
-0.26153
-0.262057
-0.262591
-0.263121
-0.263658
-0.264182
-0.264691
-0.265206
-0.265717
-0.266243
-0.266782
-0.267302
-0.26783
-0.268392
-0.268928
-0.26948
-0.270064
-0.27069
-0.27135
-0.272015
-0.272745
-0.273503
-0.274303
-0.27514
-0.275975
-0.276824
-0.277707
-0.278627
-0.279559
-0.28052
-0.28152
-0.2825
-0.283519
-0.284553
-0.28563
-0.286723
-0.287855
-0.288997
-0.290176
-0.291365
-0.29257
-0.293793
-0.295052
-0.296319
-0.297596
-0.298902
-0.30021
-0.301522
-0.302836
-0.304126
-0.305403
-0.306661
-0.307913
-0.309127
-0.310312
-0.311502
-0.3127
-0.313867
-0.315018
-0.316149
-0.317267
-0.318362
-0.31945
-0.320492
-0.321543
-0.322607
-0.323676
-0.324736
-0.325787
-0.326801
-0.327817
-0.328817
-0.329805
-0.330776
-0.331732
-0.332697
-0.333677
-0.334677
-0.335676
-0.336721
-0.337774
-0.338828
-0.339893
-0.340983
-0.342067
-0.343178
-0.344316
-0.345435
-0.3466
-0.347819
-0.349028
-0.35027
-0.351512
-0.352761
-0.353996
-0.355289
-0.356599
-0.357909
-0.359246
-0.360604
-0.361971
-0.363359
-0.364766
-0.366224
-0.367719
-0.369229
-0.370764
-0.372327
-0.373934
-0.375559
-0.377192
-0.378816
-0.380453
-0.382101
-0.383699
-0.385289
-0.386869
-0.388412
-0.389874
-0.391296
-0.392701
-0.394084
-0.395432
-0.396771
-0.398076
-0.3994
-0.400648
-0.401851
-0.403034
-0.404203
-0.405345
-0.406454
-0.407556
-0.408677
-0.409756
-0.410828
-0.411885
-0.412946
-0.413996
-0.415074
-0.416171
-0.417256
-0.418342
-0.419403
-0.420496
-0.421612
-0.422732
-0.423858
-0.424988
-0.426121
-0.427276
-0.428443
-0.429582
-0.430743
-0.431911
-0.433088
-0.43424
-0.435427
-0.436633
-0.437881
-0.439177
-0.440478
-0.441825
-0.443177
-0.4446
-0.446103
-0.447625
-0.449157
-0.450697
-0.452212
-0.453719
-0.455206
-0.456645
-0.458055
-0.459452
-0.460819
-0.462166
-0.463491
-0.464764
-0.465848
-0.466602
-0.466949
-0.466844
-0.466303
-0.46562
-0.464672
-0.463467
-0.462122
-0.460842
-0.459713
-0.458908
-0.458473
-0.458351
-0.45863
-0.459225
-0.460052
-0.461091
-0.462182
-0.463312
-0.464365
-0.465322
-0.466119
-0.466793
-0.467337
-0.46777
-0.468123
-0.468394
-0.468683
-0.469029
-0.469485
-0.470054
-0.470752
-0.471559
-0.472473
-0.47353
-0.474662
-0.475865
-0.477101
-0.478314
-0.479528
-0.480741
-0.481916
-0.483034
-0.48409
-0.485024
-0.48586
-0.486603
-0.487253
-0.487855
-0.488368
-0.488847
-0.4893
-0.489709
-0.490085
-0.490429
-0.490735
-0.491003
-0.491257
-0.491458
-0.491627
-0.491742
-0.491818
-0.491819
-0.491719
-0.491564
-0.491365
-0.491112
-0.490802
-0.490416
-0.489984
-0.489521
-0.489021
-0.488485
-0.487912
-0.487315
-0.486749
-0.486215
-0.485727
-0.485266
-0.484819
-0.484374
-0.483942
-0.483553
-0.483197
-0.482856
-0.482581
-0.482301
-0.482039
-0.481816
-0.481648
-0.48147
-0.481374
-0.481265
-0.481175
-0.481088
-0.481061
-0.534641
-0.458057
-0.383727
-0.311713
-0.241816
-0.181498
-0.128809
-0.0930021
-0.0685105
-0.0535954
-0.0431439
-0.036717
-0.0326415
-0.0292527
-0.028149
-0.0273681
-0.0267721
-0.0239952
-0.019564
-0.0111606
0.00817295
0.0393883
0.0763434
0.116995
0.158648
0.198788
0.234371
0.262701
0.283393
0.296026
0.302032
0.304795
0.30736
0.309697
0.30964
0.309025
0.308931
0.309265
0.309158
0.308344
0.308315
0.308012
0.308704
0.311344
0.315612
0.322862
0.33346
0.346741
0.361153
0.377538
0.394538
0.410721
0.423025
0.432971
0.440644
0.445456
0.447658
0.449639
0.448575
0.447003
0.445803
0.445068
0.444357
0.443271
0.441495
0.439503
0.437826
0.438238
0.441241
0.446177
0.453057
0.460344
0.466836
0.472419
0.476988
0.480382
0.483143
0.483076
0.482765
0.482398
0.48207
0.481063
0.479959
0.478762
0.477352
0.476494
0.475464
0.473894
0.473097
0.472087
0.471644
0.471453
0.472114
0.471432
0.470053
0.468442
0.467273
0.465972
0.464184
0.461756
0.458267
0.45419
0.449658
0.446006
0.443367
0.440398
0.438101
0.435701
0.43361
0.432293
0.430484
0.428881
0.428793
0.427517
0.426137
0.424804
0.423813
0.424667
0.423743
0.421213
0.418652
0.41707
0.416373
0.415603
0.415686
0.414804
0.41308
0.41078
0.408178
0.406762
0.406192
0.405193
0.405029
0.404304
0.401935
0.398319
0.396518
0.394864
0.392756
0.390609
0.387959
0.385263
0.383377
0.38231
0.38043
0.379596
0.376796
0.374052
0.371019
0.368159
0.364739
0.361729
0.360835
0.359748
0.35761
0.355454
0.353269
0.351396
0.350213
0.348154
0.345757
0.343855
0.342054
0.33905
0.3361
0.333029
0.330797
0.327882
0.325141
0.322033
0.319369
0.316957
0.315601
0.314364
0.314126
0.313875
0.312476
0.312047
0.310932
0.308774
0.308044
0.306561
0.304555
0.301226
0.298772
0.297587
0.29443
0.292513
0.290238
0.288601
0.286858
0.285832
0.284895
0.28466
0.283855
0.282008
0.279931
0.277027
0.275435
0.273812
0.27049
0.267569
0.264376
0.261056
0.259049
0.256859
0.255648
0.253729
0.251589
0.250397
0.248284
0.246112
0.243554
0.243411
0.243468
0.243596
0.242711
0.240903
0.238205
0.234929
0.231894
0.229711
0.227104
0.2263
0.225201
0.224807
0.223667
0.2227
0.221009
0.218624
0.217389
0.214669
0.21245
0.210955
0.21042
0.208699
0.206227
0.202207
0.197177
0.192972
0.188723
0.185118
0.181576
0.178846
0.17516
0.172018
0.169526
0.167645
0.167214
0.16638
0.165591
0.163579
0.16156
0.159442
0.157413
0.156777
0.154446
0.151965
0.149293
0.146274
0.143961
0.142363
0.141182
0.138892
0.137604
0.137144
0.134931
0.131971
0.131299
0.128577
0.125997
0.124866
0.12317
0.120082
0.116827
0.11484
0.112813
0.111814
0.109426
0.107479
0.104789
0.102565
0.101429
0.10106
0.0989753
0.0959748
0.0929934
0.089556
0.0865791
0.084178
0.0819202
0.0818207
0.0803484
0.0781472
0.0758984
0.0731756
0.0707815
0.0693537
0.0678569
0.066735
0.0647898
0.0622352
0.060563
0.060633
0.0595351
0.0571312
0.0555488
0.0544293
0.0548812
0.0550925
0.0545801
0.0549907
0.0548464
0.0549359
0.0542246
0.0534092
0.0530454
0.0531353
0.0517476
0.049615
0.0478796
0.0472613
0.046845
0.0468412
0.0470022
0.0481794
0.0479516
0.0470622
0.0462342
0.0470389
0.047078
0.0455095
0.0435812
0.0418396
0.0397011
0.037338
0.0344125
0.0316568
0.0296428
0.0274873
0.0256309
0.0246842
0.0225833
0.0196987
0.0188902
0.0179045
0.0145972
0.00911278
0.00417018
-0.000878648
-0.0038383
-0.00665067
-0.00891205
-0.0113654
-0.0110677
-0.0110858
-0.0113375
-0.0129306
-0.0135546
-0.0149593
-0.0167934
-0.0184841
-0.0198573
-0.0212636
-0.0222845
-0.0227978
-0.024544
-0.0261497
-0.0282298
-0.030826
-0.0325658
-0.0333382
-0.0326192
-0.0330168
-0.0342058
-0.0371074
-0.0396029
-0.0419468
-0.0449394
-0.0471719
-0.0486036
-0.0493215
-0.0494667
-0.0499552
-0.0507553
-0.0502619
-0.0504216
-0.0521828
-0.0523813
-0.0518104
-0.053224
-0.0536255
-0.0541719
-0.0554538
-0.0561859
-0.0581966
-0.0610325
-0.063191
-0.0643303
-0.0647768
-0.0655039
-0.0673491
-0.0681867
-0.0685161
-0.0707693
-0.0733667
-0.0746784
-0.0754509
-0.0763131
-0.0785235
-0.0798717
-0.0812015
-0.082161
-0.0824796
-0.0821694
-0.083581
-0.0854445
-0.0868695
-0.0879738
-0.0905057
-0.0923698
-0.0952798
-0.0970985
-0.0981517
-0.0975713
-0.0970027
-0.097676
-0.0975464
-0.0982204
-0.098413
-0.0983353
-0.0992506
-0.100067
-0.100104
-0.0999738
-0.0994285
-0.0999676
-0.100559
-0.101
-0.102357
-0.103833
-0.104539
-0.104687
-0.105105
-0.104658
-0.105126
-0.105135
-0.105024
-0.104659
-0.104585
-0.103853
-0.103337
-0.10315
-0.10226
-0.101404
-0.101259
-0.101406
-0.102511
-0.104587
-0.106068
-0.107673
-0.109586
-0.110338
-0.111602
-0.11302
-0.114429
-0.115375
-0.115116
-0.115646
-0.11649
-0.11829
-0.120757
-0.122807
-0.12458
-0.12644
-0.127222
-0.127997
-0.128645
-0.128385
-0.128317
-0.129565
-0.132094
-0.134755
-0.137436
-0.139977
-0.141807
-0.142674
-0.14347
-0.144653
-0.147054
-0.149021
-0.149205
-0.150455
-0.151745
-0.153385
-0.154987
-0.15526
-0.15646
-0.157319
-0.159289
-0.161846
-0.16321
-0.164386
-0.166718
-0.167898
-0.168948
-0.170764
-0.172558
-0.175325
-0.178446
-0.181716
-0.182686
-0.184113
-0.186346
-0.188382
-0.190636
-0.192106
-0.193669
-0.196484
-0.198968
-0.201715
-0.204435
-0.205701
-0.205927
-0.206307
-0.205984
-0.206558
-0.206378
-0.206657
-0.207973
-0.209277
-0.210721
-0.211614
-0.212179
-0.212146
-0.212829
-0.214266
-0.215391
-0.216329
-0.216266
-0.217467
-0.219884
-0.222764
-0.224775
-0.226434
-0.226338
-0.225468
-0.224537
-0.227152
-0.228552
-0.229564
-0.230747
-0.23259
-0.235505
-0.236259
-0.238043
-0.23941
-0.241138
-0.241392
-0.242338
-0.243655
-0.24583
-0.248455
-0.250118
-0.250674
-0.250764
-0.250047
-0.250906
-0.252069
-0.253305
-0.25344
-0.254142
-0.255261
-0.256196
-0.255551
-0.255476
-0.254939
-0.255781
-0.257348
-0.257775
-0.256514
-0.255769
-0.255405
-0.25657
-0.257922
-0.259567
-0.261666
-0.26404
-0.265899
-0.269309
-0.271208
-0.272637
-0.273849
-0.274758
-0.274725
-0.276913
-0.278955
-0.281006
-0.282456
-0.283845
-0.285223
-0.28614
-0.288697
-0.290024
-0.291533
-0.293137
-0.294783
-0.296948
-0.300404
-0.302523
-0.304948
-0.30739
-0.309395
-0.312374
-0.316074
-0.318713
-0.320126
-0.321719
-0.322486
-0.323875
-0.325539
-0.327326
-0.328462
-0.328953
-0.329073
-0.330076
-0.332015
-0.333804
-0.335225
-0.336851
-0.33902
-0.341677
-0.344401
-0.347105
-0.349473
-0.349781
-0.349824
-0.35077
-0.351419
-0.35211
-0.351757
-0.351804
-0.353109
-0.353768
-0.355557
-0.357555
-0.359395
-0.361175
-0.362595
-0.364104
-0.363455
-0.364446
-0.364219
-0.364401
-0.364315
-0.364022
-0.365113
-0.365419
-0.367639
-0.370371
-0.372536
-0.374483
-0.375594
-0.377399
-0.379949
-0.383313
-0.386848
-0.389018
-0.391545
-0.393811
-0.395939
-0.398776
-0.401505
-0.404126
-0.40712
-0.409769
-0.411092
-0.412319
-0.413748
-0.417487
-0.421182
-0.424584
-0.428171
-0.430966
-0.433536
-0.437169
-0.44077
-0.443703
-0.446213
-0.447408
-0.449211
-0.4504
-0.452312
-0.454279
-0.455097
-0.456358
-0.45789
-0.459728
-0.461685
-0.463828
-0.466282
-0.469308
-0.471928
-0.474485
-0.475859
-0.475794
-0.47586
-0.476614
-0.478156
-0.47948
-0.480598
-0.481573
-0.482854
-0.484322
-0.484957
-0.484572
-0.486107
-0.488016
-0.490209
-0.492459
-0.495136
-0.496719
-0.498666
-0.500514
-0.501118
-0.501328
-0.5037
-0.506669
-0.508314
-0.510591
-0.512475
-0.51433
-0.515387
-0.515972
-0.518173
-0.520429
-0.522468
-0.524474
-0.526531
-0.527478
-0.528599
-0.53052
-0.533354
-0.535566
-0.536092
-0.536889
-0.536797
-0.534716
-0.525643
-0.506202
-0.474959
-0.436196
-0.384639
-0.324537
-0.259826
-0.191869
-0.122976
-0.0553208
0.00885148
0.0692382
0.122422
0.162972
0.195144
0.219618
0.238377
0.252833
0.266196
0.279541
0.296803
0.320651
0.300967
0.299902
0.298889
0.297975
0.297157
0.296559
0.296168
0.295919
0.295739
0.295588
0.295485
0.295393
0.29533
0.29528
0.295242
0.295181
0.295096
0.294932
0.294703
0.294417
0.294086
0.29374
0.293382
0.293038
0.292676
0.29233
0.292013
0.291719
0.291444
0.291161
0.290875
0.290586
0.290309
0.290035
0.289731
0.289414
0.289096
0.288766
0.2884
0.288009
0.287602
0.287225
0.286875
0.286551
0.286253
0.28597
0.285744
0.285556
0.285369
0.285238
0.285156
0.285109
0.285144
0.285237
0.285399
0.285634
0.285916
0.286219
0.286548
0.286915
0.287331
0.287753
0.288176
0.28858
0.28899
0.289401
0.289828
0.290267
0.290687
0.291129
0.291619
0.292118
0.292644
0.293183
0.293762
0.294361
0.294994
0.295633
0.296294
0.296982
0.2977
0.298451
0.299214
0.299988
0.30076
0.301556
0.302355
0.303129
0.303878
0.304641
0.305376
0.306103
0.306815
0.307507
0.308172
0.308825
0.309459
0.310111
0.310768
0.311439
0.312113
0.3128
0.31349
0.314169
0.314866
0.315598
0.316321
0.317021
0.317725
0.31844
0.319126
0.319785
0.320437
0.32108
0.321725
0.322335
0.322945
0.323539
0.324131
0.324721
0.325346
0.325956
0.326599
0.327225
0.327871
0.328543
0.32923
0.329921
0.330638
0.331382
0.332133
0.332889
0.333662
0.33444
0.335209
0.335995
0.336795
0.337583
0.338373
0.339142
0.339924
0.340714
0.341556
0.342411
0.343323
0.344272
0.345256
0.346246
0.347212
0.348162
0.349079
0.350011
0.350966
0.351913
0.352875
0.353824
0.354743
0.35563
0.356519
0.357429
0.358368
0.359301
0.360265
0.36129
0.362314
0.363328
0.364357
0.365364
0.366376
0.36738
0.368408
0.369444
0.370519
0.371636
0.372775
0.373945
0.375101
0.376255
0.377391
0.378473
0.37947
0.380425
0.381358
0.382266
0.383145
0.383971
0.384746
0.385519
0.386281
0.387014
0.387733
0.388436
0.38914
0.389854
0.390567
0.391269
0.391954
0.39263
0.39328
0.393902
0.394455
0.394984
0.395542
0.396076
0.396618
0.397166
0.397685
0.398221
0.398778
0.399365
0.399977
0.400591
0.401202
0.401788
0.402324
0.402894
0.403487
0.404106
0.404762
0.405522
0.406349
0.407249
0.408212
0.409197
0.410201
0.411237
0.412266
0.41329
0.41432
0.415322
0.416293
0.417282
0.4183
0.419294
0.420289
0.421344
0.422416
0.423515
0.424646
0.425776
0.426894
0.428062
0.429222
0.430395
0.431604
0.432827
0.434089
0.435422
0.436742
0.438039
0.439327
0.440612
0.441859
0.443034
0.444092
0.44506
0.445929
0.446772
0.447588
0.448441
0.449328
0.450266
0.451301
0.452419
0.453621
0.454864
0.456193
0.457627
0.459135
0.460717
0.462327
0.46395
0.465568
0.46717
0.468759
0.470386
0.472053
0.473753
0.4755
0.477303
0.479118
0.480975
0.482876
0.484739
0.486586
0.488418
0.49023
0.492005
0.493771
0.495501
0.49725
0.499079
0.500971
0.502906
0.504959
0.507226
0.509608
0.51207
0.514577
0.517126
0.519667
0.522195
0.524712
0.527197
0.529648
0.532058
0.534442
0.536818
0.539171
0.541505
0.543786
0.546012
0.548238
0.550442
0.552641
0.554884
0.557151
0.559491
0.561873
0.564286
0.566724
0.569198
0.571685
0.574177
0.576695
0.579205
0.581684
0.5841
0.586465
0.588759
0.590988
0.59317
0.595359
0.597568
0.59989
0.602447
0.605199
0.60859
0.61241
0.616516
0.620709
0.624921
0.62906
0.633068
0.636873
0.640449
0.643746
0.646827
0.649633
0.652289
0.654608
0.656774
0.658754
0.660655
0.662509
0.664333
0.66616
0.668052
0.670017
0.672024
0.674064
0.676084
0.678079
0.680055
0.681968
0.683791
0.685589
0.687355
0.689065
0.690731
0.692354
0.693935
0.695539
0.697162
0.69879
0.70038
0.70202
0.703665
0.705348
0.707009
0.708673
0.710377
0.712097
0.713827
0.715561
0.717384
0.719313
0.721319
0.723396
0.725489
0.727624
0.729768
0.731935
0.73414
0.736351
0.738587
0.740804
0.742983
0.74519
0.747383
0.749611
0.751825
0.754022
0.756207
0.758394
0.760551
0.762707
0.764826
0.766872
0.768854
0.770803
0.772705
0.774568
0.776401
0.778165
0.779888
0.781573
0.78322
0.784824
0.786383
0.787904
0.789378
0.790834
0.792263
0.793661
0.795025
0.796311
0.797526
0.798717
0.799862
0.643331
0.727106
0.811155
0.893012
0.971144
1.04927
1.1249
1.19681
1.26465
1.3223
1.37269
1.40631
1.43359
1.45119
1.4634
1.47498
1.48799
1.50318
1.51927
1.53869
1.56145
1.58655
1.61288
1.6409
1.66917
1.69648
1.72354
1.74599
1.76484
1.77939
1.79074
1.7995
1.80735
1.81301
1.81854
1.82395
1.8313
1.83952
1.84805
1.85921
1.87137
1.88627
1.90124
1.91601
1.93102
1.94535
1.95697
1.96584
1.97489
1.98161
1.98991
1.99761
2.00374
2.00853
2.01342
2.01666
2.02001
2.02202
2.02401
2.02651
2.02674
2.02477
2.02446
2.02598
2.02896
2.03174
2.03386
2.03578
2.03831
2.03805
2.03882
2.0388
2.03819
2.03625
2.03369
2.03
2.02623
2.0213
2.01479
2.00914
2.00275
1.99738
1.99336
1.99035
1.98579
1.97999
1.97412
1.96856
1.96301
1.95787
1.95411
1.949
1.94499
1.9405
1.93652
1.93007
1.92464
1.91886
1.91511
1.91055
1.90467
1.89971
1.89562
1.89229
1.89007
1.88705
1.88359
1.8798
1.87694
1.87476
1.8713
1.8675
1.86336
1.85913
1.85667
1.85288
1.85087
1.84764
1.84266
1.83932
1.83511
1.83217
1.82783
1.82156
1.8161
1.8116
1.80637
1.80225
1.79872
1.79441
1.79341
1.79045
1.78675
1.78251
1.77877
1.77716
1.77544
1.77273
1.76967
1.76725
1.76601
1.76276
1.75996
1.75663
1.7536
1.75015
1.74502
1.74035
1.73561
1.731
1.72548
1.72052
1.71452
1.71268
1.71167
1.70941
1.70808
1.70635
1.70586
1.70284
1.69876
1.69456
1.69026
1.68817
1.68581
1.6831
1.67918
1.67574
1.67308
1.66996
1.66584
1.66255
1.65854
1.65456
1.65063
1.64692
1.64294
1.6374
1.63114
1.62664
1.62267
1.61804
1.61302
1.60847
1.60602
1.60268
1.59954
1.59727
1.59401
1.5897
1.58646
1.5834
1.58033
1.57767
1.57414
1.57144
1.56914
1.56474
1.56072
1.55723
1.55372
1.54956
1.5453
1.54137
1.53713
1.53343
1.53038
1.52661
1.52342
1.5199
1.51679
1.51399
1.51089
1.50628
1.5016
1.49609
1.49168
1.48661
1.48194
1.47728
1.47122
1.4664
1.46093
1.45884
1.45816
1.45693
1.4543
1.44879
1.44602
1.44252
1.43926
1.43562
1.43165
1.42658
1.42284
1.41872
1.41557
1.4118
1.40635
1.40285
1.39695
1.3919
1.38781
1.38516
1.38263
1.37938
1.37524
1.36914
1.36542
1.36057
1.3547
1.3504
1.34605
1.34174
1.33911
1.33628
1.3355
1.33199
1.3291
1.32682
1.3225
1.31804
1.31573
1.31435
1.31303
1.31229
1.31127
1.31037
1.30818
1.30525
1.30119
1.29748
1.29233
1.28855
1.28611
1.28362
1.28182
1.27887
1.27701
1.27569
1.27376
1.27212
1.26845
1.26385
1.25875
1.25396
1.24961
1.24501
1.24128
1.23847
1.23639
1.2334
1.23056
1.22815
1.22475
1.22299
1.22054
1.21707
1.21414
1.21065
1.20627
1.20167
1.19708
1.19275
1.18917
1.18592
1.18474
1.18312
1.18214
1.17931
1.17608
1.1727
1.17081
1.16778
1.16387
1.16075
1.15782
1.15491
1.1524
1.14969
1.14775
1.14404
1.13944
1.1364
1.13398
1.13085
1.12802
1.12519
1.1234
1.12
1.11781
1.11508
1.1142
1.11055
1.10851
1.10765
1.10546
1.10269
1.09905
1.09709
1.09488
1.09237
1.09063
1.08834
1.08488
1.08176
1.07766
1.07282
1.06911
1.06753
1.06541
1.0629
1.0618
1.06033
1.05791
1.05594
1.05341
1.05055
1.04837
1.04631
1.04456
1.04283
1.04143
1.03916
1.03664
1.03409
1.02952
1.02392
1.01922
1.01604
1.01221
1.00883
1.00503
1.00228
0.999696
0.996513
0.994787
0.993727
0.993825
0.991205
0.988604
0.985009
0.982347
0.979686
0.974878
0.971092
0.968172
0.963466
0.958981
0.954764
0.951731
0.949261
0.945904
0.943071
0.939026
0.935763
0.932526
0.92824
0.92436
0.921075
0.918855
0.916746
0.912966
0.909478
0.90515
0.902065
0.899776
0.896108
0.892673
0.889582
0.885613
0.881343
0.879345
0.878882
0.878458
0.877693
0.876343
0.873713
0.870871
0.868714
0.866042
0.863517
0.85931
0.855843
0.851276
0.846801
0.84406
0.841098
0.836393
0.831814
0.828215
0.825264
0.82396
0.821881
0.821613
0.820863
0.821865
0.817793
0.814662
0.812111
0.810079
0.809488
0.806781
0.804071
0.800474
0.79758
0.794833
0.792416
0.792363
0.790281
0.786497
0.783643
0.781552
0.77911
0.776396
0.772401
0.767475
0.764124
0.761218
0.759077
0.755912
0.751798
0.748316
0.746083
0.744755
0.744848
0.743756
0.742063
0.740627
0.73725
0.733003
0.72844
0.724336
0.721494
0.719342
0.718024
0.716108
0.714621
0.711314
0.708891
0.708073
0.707546
0.705056
0.703103
0.701797
0.69923
0.696478
0.69459
0.692385
0.689973
0.689115
0.686681
0.682725
0.679919
0.678271
0.676649
0.673502
0.671678
0.668992
0.666726
0.665808
0.663666
0.660945
0.657677
0.653697
0.650487
0.648286
0.646674
0.644727
0.642492
0.639097
0.634175
0.630892
0.628324
0.626257
0.62345
0.622872
0.621703
0.620205
0.618237
0.616833
0.615917
0.61456
0.612686
0.611463
0.609561
0.608648
0.60818
0.607176
0.605349
0.604107
0.60279
0.602085
0.600037
0.598674
0.598142
0.597472
0.59602
0.595485
0.59328
0.590605
0.587846
0.585628
0.58274
0.578495
0.574752
0.572014
0.568738
0.567739
0.566717
0.564991
0.5637
0.56118
0.559027
0.557918
0.555866
0.553725
0.551726
0.549939
0.547174
0.546423
0.547265
0.546779
0.546372
0.546673
0.546198
0.544491
0.541516
0.538726
0.537406
0.536465
0.535576
0.532833
0.530087
0.526657
0.522047
0.518877
0.516115
0.514463
0.512583
0.512211
0.511859
0.512137
0.511783
0.510892
0.509829
0.508863
0.509541
0.509867
0.510782
0.510483
0.509359
0.508174
0.505901
0.504433
0.503187
0.502975
0.5031
0.503914
0.503859
0.503472
0.502079
0.500143
0.49969
0.498005
0.497706
0.498038
0.497707
0.494884
0.49173
0.488901
0.485905
0.482942
0.47925
0.475364
0.471724
0.469415
0.468237
0.466231
0.46343
0.460941
0.460464
0.459217
0.456806
0.454766
0.452537
0.449909
0.446231
0.442422
0.439997
0.438796
0.437902
0.438674
0.440177
0.438788
0.437443
0.436834
0.437696
0.438447
0.439454
0.439835
0.438993
0.437365
0.435693
0.434888
0.43469
0.432885
0.431223
0.429041
0.428653
0.426998
0.425113
0.42254
0.420814
0.418161
0.415493
0.412668
0.409822
0.408604
0.406732
0.406029
0.405594
0.405163
0.403041
0.399769
0.396995
0.395243
0.393638
0.392013
0.389427
0.386788
0.384571
0.383681
0.382147
0.379578
0.379089
0.376647
0.37346
0.371035
0.36791
0.366459
0.365646
0.364222
0.363245
0.362104
0.361459
0.358797
0.355625
0.35406
0.351795
0.348973
0.345623
0.342615
0.34144
0.339276
0.337036
0.33561
0.334214
0.332846
0.330448
0.328967
0.327413
0.324503
0.32289
0.321663
0.32109
0.32043
0.321205
0.321297
0.321325
0.320705
0.320031
0.317751
0.316694
0.315271
0.313056
0.311254
0.310257
0.308323
0.308057
0.308224
0.309063
0.311682
0.313214
0.313075
0.310846
0.310449
0.309741
0.309128
0.308702
0.307483
0.305291
0.304669
0.304566
0.303678
0.301718
0.300729
0.299092
0.296699
0.293725
0.293493
0.294145
0.29437
0.29437
0.29389
0.291731
0.289761
0.288127
0.289
0.287042
0.284927
0.282894
0.28061
0.278872
0.277806
0.276147
0.273167
0.271859
0.270354
0.271062
0.27231
0.273885
0.274677
0.272461
0.26993
0.268358
0.266114
0.263788
0.262923
0.262944
0.200322
0.200942
0.201594
0.20226
0.202945
0.203638
0.204302
0.204982
0.205655
0.206406
0.207115
0.207822
0.208559
0.209275
0.209993
0.210725
0.211465
0.212197
0.212866
0.21344
0.213909
0.214305
0.214516
0.214618
0.214452
0.214056
0.213472
0.212676
0.211803
0.210873
0.209055
0.207936
0.206658
0.205305
0.203902
0.202455
0.20096
0.19944
0.197887
0.196292
0.194665
0.193
0.191359
0.189684
0.187999
0.186307
0.184624
0.182941
0.181245
0.179545
0.177841
0.176151
0.174464
0.172816
0.171198
0.169637
0.168173
0.166716
0.165308
0.164013
0.162805
0.161614
0.160501
0.159408
0.158404
0.157457
0.156578
0.155766
0.155012
0.15435
0.153701
0.153077
0.152487
0.15194
0.151497
0.151057
0.150695
0.150361
0.150075
0.14984
0.149639
0.149464
0.149298
0.149148
0.149043
0.148936
0.148806
0.148624
0.148438
0.148213
0.147939
0.147641
0.147354
0.147061
0.146731
0.146342
0.145919
0.145494
0.145064
0.144594
0.144088
0.143527
0.142918
0.14226
0.141624
0.140913
0.140185
0.139408
0.138545
0.137633
0.136646
0.135591
0.134486
0.133344
0.132171
0.130941
0.129667
0.128309
0.126872
0.125394
0.123889
0.122274
0.120607
0.118864
0.117039
0.11514
0.113203
0.111164
0.109081
0.106908
0.104632
0.102263
0.0998378
0.0973663
0.0948327
0.0921768
0.0885517
0.0856941
0.0828002
0.0798446
0.0768624
0.0738751
0.0708876
0.0678793
0.0648903
0.0619612
0.0590233
0.0561129
0.0532186
0.0503602
0.0475436
0.0447686
0.042071
0.0394477
0.0369234
0.0344588
0.0320767
0.0297768
0.0276268
0.0256191
0.023751
0.0219363
0.0202003
0.0186075
0.0170998
0.0157073
0.0143374
0.013062
0.0118494
0.0106818
0.0095482
0.00845631
0.00736542
0.00632042
0.00527147
0.00425641
0.00323691
0.00225114
0.00125284
0.000233926
-0.000834307
-0.00191138
-0.00302658
-0.00419925
-0.00542206
-0.00670437
-0.00805223
-0.00942642
-0.010831
-0.0122572
-0.0137251
-0.0152463
-0.0167817
-0.0183375
-0.0199066
-0.0214597
-0.0230103
-0.0244991
-0.0259969
-0.0274763
-0.0289425
-0.0303738
-0.031804
-0.0332485
-0.0347327
-0.0362577
-0.0379115
-0.0396381
-0.0414513
-0.0433231
-0.0454097
-0.0475786
-0.0498726
-0.0522457
-0.0546739
-0.0572014
-0.0598313
-0.0625637
-0.0653493
-0.0681797
-0.0710992
-0.0740916
-0.0771855
-0.0802921
-0.0834313
-0.0866051
-0.0898646
-0.093161
-0.0965235
-0.09989
-0.103332
-0.106798
-0.110319
-0.113852
-0.117449
-0.120981
-0.1245
-0.128003
-0.131499
-0.134994
-0.1385
-0.142012
-0.145498
-0.148941
-0.152365
-0.155756
-0.159107
-0.16243
-0.165712
-0.169023
-0.172286
-0.17554
-0.178784
-0.182069
-0.185318
-0.188628
-0.19186
-0.195061
-0.19811
-0.201139
-0.204073
-0.207042
-0.209961
-0.212929
-0.215875
-0.218832
-0.221761
-0.224757
-0.227755
-0.230883
-0.234065
-0.237315
-0.240576
-0.243861
-0.247126
-0.250462
-0.253718
-0.256992
-0.26019
-0.263335
-0.26644
-0.269554
-0.272655
-0.27585
-0.279137
-0.282505
-0.286003
-0.289627
-0.293419
-0.297299
-0.301316
-0.305445
-0.309696
-0.313976
-0.318312
-0.322666
-0.327101
-0.331516
-0.335985
-0.340408
-0.344859
-0.349289
-0.353796
-0.358346
-0.362966
-0.367671
-0.372461
-0.377297
-0.382241
-0.387253
-0.392347
-0.397604
-0.402935
-0.408311
-0.413866
-0.419443
-0.425126
-0.430852
-0.436579
-0.442321
-0.448065
-0.453892
-0.459705
-0.465515
-0.471309
-0.477047
-0.482747
-0.488368
-0.493977
-0.499564
-0.505124
-0.510671
-0.516199
-0.521636
-0.526897
-0.531939
-0.536595
-0.540856
-0.544879
-0.54866
-0.552304
-0.555795
-0.559216
-0.562597
-0.565973
-0.56945
-0.572963
-0.57657
-0.580338
-0.584252
-0.58828
-0.592407
-0.59652
-0.600734
-0.60491
-0.609017
-0.613079
-0.617075
-0.620964
-0.624716
-0.628381
-0.631965
-0.635492
-0.639
-0.642496
-0.646093
-0.649726
-0.65341
-0.657135
-0.660947
-0.664834
-0.668807
-0.672809
-0.676858
-0.680928
-0.684965
-0.689033
-0.69316
-0.697375
-0.701615
-0.705915
-0.71024
-0.714533
-0.718912
-0.723271
-0.727635
-0.73203
-0.736392
-0.740714
-0.744988
-0.749218
-0.753394
-0.757547
-0.761647
-0.765687
-0.769703
-0.773652
-0.777505
-0.781318
-0.785077
-0.788777
-0.79241
-0.795983
-0.799488
-0.802922
-0.806338
-0.809705
-0.813037
-0.816276
-0.819467
-0.822599
-0.825659
-0.828718
-0.831687
-0.83455
-0.837309
-0.839985
-0.842579
-0.845118
-0.847607
-0.850061
-0.852477
-0.854839
-0.857188
-0.859487
-0.861755
-0.863994
-0.866195
-0.868354
-0.870483
-1.07722
-1.04734
-1.01929
-0.994395
-0.974086
-0.954709
-0.932496
-0.907436
-0.879791
-0.849584
-0.817418
-0.784955
-0.752955
-0.723306
-0.696129
-0.673289
-0.657503
-0.64697
-0.639199
-0.633772
-0.630043
-0.626666
-0.623924
-0.619315
-0.613294
-0.60399
-0.590601
-0.574303
-0.556977
-0.53611
-0.514408
-0.491899
-0.471139
-0.453241
-0.437787
-0.423485
-0.411439
-0.402709
-0.397632
-0.394477
-0.392421
-0.391316
-0.390459
-0.389228
-0.387571
-0.387445
-0.387895
-0.386691
-0.386491
-0.38531
-0.382973
-0.381757
-0.38044
-0.379568
-0.378739
-0.376996
-0.376418
-0.376189
-0.374754
-0.374418
-0.373174
-0.373916
-0.374239
-0.372993
-0.37144
-0.369976
-0.36747
-0.36515
-0.363917
-0.3638
-0.364494
-0.364219
-0.36444
-0.364711
-0.364851
-0.365187
-0.36539
-0.364782
-0.364993
-0.363235
-0.363876
-0.365456
-0.366379
-0.367656
-0.368415
-0.367663
-0.36611
-0.364506
-0.363432
-0.362716
-0.361994
-0.362178
-0.361557
-0.361534
-0.361893
-0.361726
-0.362224
-0.361567
-0.361315
-0.361218
-0.361187
-0.362193
-0.361719
-0.360632
-0.360266
-0.35912
-0.358029
-0.35741
-0.357319
-0.357416
-0.35703
-0.357023
-0.357557
-0.357495
-0.359148
-0.360786
-0.361986
-0.363118
-0.363798
-0.365561
-0.367522
-0.36745
-0.368212
-0.369196
-0.371302
-0.372673
-0.372964
-0.372946
-0.372807
-0.37364
-0.372747
-0.371658
-0.369047
-0.36772
-0.367136
-0.366658
-0.365786
-0.366585
-0.368028
-0.36883
-0.369446
-0.368827
-0.369299
-0.370756
-0.372014
-0.373592
-0.374879
-0.375297
-0.375898
-0.377537
-0.378593
-0.379807
-0.380416
-0.381142
-0.381948
-0.383575
-0.383029
-0.381865
-0.381327
-0.381345
-0.381254
-0.381051
-0.380637
-0.381843
-0.382494
-0.382518
-0.383199
-0.383225
-0.383042
-0.382297
-0.380601
-0.379493
-0.379235
-0.378502
-0.377985
-0.376882
-0.377243
-0.378071
-0.378174
-0.377512
-0.378623
-0.379729
-0.380271
-0.38088
-0.381215
-0.38054
-0.378972
-0.377468
-0.376079
-0.374048
-0.371409
-0.36882
-0.368778
-0.370108
-0.37084
-0.37015
-0.370114
-0.370659
-0.370094
-0.370261
-0.369653
-0.368177
-0.366506
-0.364114
-0.361739
-0.359757
-0.358078
-0.356984
-0.356644
-0.355835
-0.355254
-0.354718
-0.355235
-0.355077
-0.354194
-0.353485
-0.354084
-0.353781
-0.35231
-0.351138
-0.348509
-0.346675
-0.344985
-0.343642
-0.341248
-0.340175
-0.339121
-0.339252
-0.338982
-0.338519
-0.338311
-0.338465
-0.338219
-0.338263
-0.33874
-0.340126
-0.341679
-0.342855
-0.34344
-0.344219
-0.345324
-0.34656
-0.347505
-0.347146
-0.346609
-0.346223
-0.345318
-0.344741
-0.344219
-0.344496
-0.344104
-0.344993
-0.344109
-0.343635
-0.344196
-0.343846
-0.344297
-0.343899
-0.342652
-0.341609
-0.341187
-0.341335
-0.341532
-0.340247
-0.338638
-0.337387
-0.336371
-0.335781
-0.335175
-0.335534
-0.334638
-0.33338
-0.333115
-0.332533
-0.334216
-0.3359
-0.338154
-0.339051
-0.338911
-0.338385
-0.337816
-0.336594
-0.336494
-0.336638
-0.335802
-0.334452
-0.333214
-0.332617
-0.332322
-0.331348
-0.329286
-0.327915
-0.327059
-0.326855
-0.326509
-0.325607
-0.324788
-0.323908
-0.323571
-0.323209
-0.322982
-0.323607
-0.323435
-0.322508
-0.322703
-0.322098
-0.321227
-0.320675
-0.320072
-0.320521
-0.321441
-0.32029
-0.31978
-0.319587
-0.319378
-0.319602
-0.319968
-0.321905
-0.322903
-0.324302
-0.325555
-0.324486
-0.322616
-0.321485
-0.322883
-0.324312
-0.324528
-0.326301
-0.327555
-0.328184
-0.328951
-0.329911
-0.330671
-0.330526
-0.329727
-0.331708
-0.335115
-0.337148
-0.336859
-0.336127
-0.335662
-0.335873
-0.33525
-0.335719
-0.337289
-0.337354
-0.33743
-0.338939
-0.341046
-0.341653
-0.342342
-0.342094
-0.343527
-0.344955
-0.34549
-0.345884
-0.346272
-0.347704
-0.348943
-0.349147
-0.349844
-0.350397
-0.350221
-0.350166
-0.350648
-0.351511
-0.352147
-0.352679
-0.352537
-0.351381
-0.351392
-0.353025
-0.354621
-0.356288
-0.356383
-0.355578
-0.35728
-0.358434
-0.357707
-0.357794
-0.358569
-0.360337
-0.361282
-0.361031
-0.361277
-0.361932
-0.361913
-0.363046
-0.362919
-0.36202
-0.362593
-0.362482
-0.361805
-0.362095
-0.362166
-0.362263
-0.362349
-0.362216
-0.362506
-0.362785
-0.363262
-0.362982
-0.362668
-0.362907
-0.364433
-0.365377
-0.36671
-0.367657
-0.367464
-0.366602
-0.367354
-0.366893
-0.366003
-0.364747
-0.363486
-0.362698
-0.361859
-0.361282
-0.360735
-0.360625
-0.361019
-0.361837
-0.362196
-0.36358
-0.365088
-0.365998
-0.366393
-0.368265
-0.370538
-0.371787
-0.371978
-0.372799
-0.373063
-0.372552
-0.372783
-0.371612
-0.369674
-0.36785
-0.366431
-0.365976
-0.36714
-0.367628
-0.369814
-0.372082
-0.373261
-0.374596
-0.376489
-0.378119
-0.380085
-0.381326
-0.382538
-0.383798
-0.38467
-0.38377
-0.382303
-0.381062
-0.379757
-0.378598
-0.378046
-0.376636
-0.37507
-0.374763
-0.374715
-0.375804
-0.378774
-0.381083
-0.382159
-0.383915
-0.386346
-0.387011
-0.388152
-0.389127
-0.389594
-0.390704
-0.391674
-0.393485
-0.396246
-0.398321
-0.399842
-0.400237
-0.400565
-0.400364
-0.400271
-0.400865
-0.402202
-0.403106
-0.403267
-0.402323
-0.403353
-0.404456
-0.405374
-0.407197
-0.408353
-0.409406
-0.410631
-0.411748
-0.41523
-0.418178
-0.420195
-0.421798
-0.422872
-0.42404
-0.425114
-0.425316
-0.426177
-0.426849
-0.427308
-0.427834
-0.42977
-0.430165
-0.430558
-0.430843
-0.432013
-0.433308
-0.434045
-0.43506
-0.436496
-0.439232
-0.442829
-0.445331
-0.447502
-0.449294
-0.451987
-0.454907
-0.457956
-0.459242
-0.459801
-0.460259
-0.462133
-0.463128
-0.465374
-0.46643
-0.46749
-0.467455
-0.468225
-0.468632
-0.46932
-0.46891
-0.47025
-0.473127
-0.475032
-0.477084
-0.478352
-0.479563
-0.481424
-0.484443
-0.487418
-0.489095
-0.489522
-0.489784
-0.489477
-0.489681
-0.490859
-0.490845
-0.489492
-0.488537
-0.488213
-0.489757
-0.491002
-0.490842
-0.491223
-0.492031
-0.492874
-0.493226
-0.49223
-0.491325
-0.489551
-0.488743
-0.487634
-0.487684
-0.488864
-0.489963
-0.490954
-0.492329
-0.493651
-0.494138
-0.49299
-0.492655
-0.491496
-0.490933
-0.492142
-0.492173
-0.491057
-0.489937
-0.488889
-0.488055
-0.488018
-0.4895
-0.490944
-0.492007
-0.493084
-0.493883
-0.494521
-0.496315
-0.497513
-0.49811
-0.497936
-0.497713
-0.498681
-0.500091
-0.501183
-0.501825
-0.502268
-0.502284
-0.502162
-0.503012
-0.503896
-0.505553
-0.506057
-0.505579
-0.505222
-0.504615
-0.504388
-0.505604
-0.506652
-0.509692
-0.510652
-0.511047
-0.512158
-0.512443
-0.512738
-0.513328
-0.514539
-0.516441
-0.518752
-0.519694
-0.520561
-0.520461
-0.520783
-0.521893
-0.522033
-0.522669
-0.522847
-0.524418
-0.526116
-0.527329
-0.528506
-0.530195
-0.531447
-0.532716
-0.532763
-0.533288
-0.533691
-0.533101
-0.532469
-0.531262
-0.530595
-0.532232
-0.532587
-0.531703
-0.532461
-0.532644
-0.532963
-0.532886
-0.532842
-0.534217
-0.535354
-0.535574
-0.537796
-0.538945
-0.538888
-0.539402
-0.541081
-0.542319
-0.544642
-0.546434
-0.547788
-0.548243
-0.54859
-0.54928
-0.5511
-0.553003
-0.553368
-0.554401
-0.556384
-0.559467
-0.561707
-0.563205
-0.566692
-0.570163
-0.57344
-0.576045
-0.578178
-0.579591
-0.581209
-0.582688
-0.583366
-0.585707
-0.588114
-0.589168
-0.591065
-0.592526
-0.593606
-0.594111
-0.594128
-0.593334
-0.594227
-0.595966
-0.598129
-0.601239
-0.602451
-0.603829
-0.605207
-0.606136
-0.606416
-0.610088
-0.613424
-0.615893
-0.617682
-0.619333
-0.622095
-0.622988
-0.623263
-0.623459
-0.624963
-0.62557
-0.626997
-0.626818
-0.627247
-0.628722
-0.630138
-0.631717
-0.632262
-0.63433
-0.636802
-0.640167
-0.643163
-0.645519
-0.645183
-0.645872
-0.646014
-0.647216
-0.649032
-0.649747
-0.65062
-0.650801
-0.65096
-0.650455
-0.650625
-0.650856
-0.651701
-0.652181
-0.652948
-0.652014
-0.651386
-0.651427
-0.652457
-0.652497
-0.65273
-0.653701
-0.653886
-0.653159
-0.652934
-0.652498
-0.651607
-0.651076
-0.650085
-0.649136
-0.648688
-0.648377
-0.648671
-0.647567
-0.646192
-0.645887
-0.646226
-0.647428
-0.649156
-0.649456
-0.650177
-0.650363
-0.715639
-0.715206
-0.714774
-0.714352
-0.713875
-0.713264
-0.712449
-0.71141
-0.710141
-0.708674
-0.707027
-0.705217
-0.703251
-0.701233
-0.699117
-0.696897
-0.694526
-0.692086
-0.689624
-0.687136
-0.684634
-0.682102
-0.679556
-0.677023
-0.674517
-0.672043
-0.669575
-0.667095
-0.664619
-0.662117
-0.659628
-0.657159
-0.654704
-0.65228
-0.649865
-0.647465
-0.645101
-0.642801
-0.640577
-0.638382
-0.636252
-0.634162
-0.632118
-0.630132
-0.628249
-0.626441
-0.624692
-0.623015
-0.621406
-0.619827
-0.618301
-0.616837
-0.615438
-0.61407
-0.61271
-0.611369
-0.610044
-0.608729
-0.607423
-0.606141
-0.604835
-0.603522
-0.602184
-0.600861
-0.599511
-0.598133
-0.596755
-0.595353
-0.593913
-0.592457
-0.590956
-0.589438
-0.587911
-0.586369
-0.584802
-0.583196
-0.581576
-0.579911
-0.578183
-0.576393
-0.574574
-0.572693
-0.570763
-0.568753
-0.56667
-0.564494
-0.562254
-0.559948
-0.557565
-0.555157
-0.552693
-0.55021
-0.547654
-0.545041
-0.542369
-0.539642
-0.536875
-0.534085
-0.531235
-0.528351
-0.525427
-0.522498
-0.519548
-0.516573
-0.5136
-0.510598
-0.507577
-0.504564
-0.501577
-0.498578
-0.495576
-0.492569
-0.489585
-0.486616
-0.483705
-0.480826
-0.477964
-0.475126
-0.472306
-0.469541
-0.466847
-0.464222
-0.461639
-0.459101
-0.456603
-0.45412
-0.451682
-0.449305
-0.446984
-0.444708
-0.442493
-0.440332
-0.438285
-0.436321
-0.434455
-0.432697
-0.431002
-0.42932
-0.427636
-0.425961
-0.424318
-0.422702
-0.421113
-0.419542
-0.417995
-0.416471
-0.414951
-0.413479
-0.411993
-0.410529
-0.409101
-0.407708
-0.406298
-0.404882
-0.403448
-0.401994
-0.400545
-0.399087
-0.397564
-0.39602
-0.394429
-0.392818
-0.391183
-0.389497
-0.387794
-0.386075
-0.384342
-0.382561
-0.380723
-0.378828
-0.376937
-0.375021
-0.373048
-0.371029
-0.36897
-0.366853
-0.364684
-0.362492
-0.360297
-0.358075
-0.35584
-0.353572
-0.351261
-0.348919
-0.346584
-0.344216
-0.34182
-0.33942
-0.336991
-0.334567
-0.332136
-0.329739
-0.327324
-0.324917
-0.322513
-0.320124
-0.317754
-0.315411
-0.313085
-0.310787
-0.308536
-0.306343
-0.304234
-0.302155
-0.300109
-0.298091
-0.296109
-0.29414
-0.292168
-0.290229
-0.288264
-0.286309
-0.284378
-0.282452
-0.280573
-0.278721
-0.276942
-0.275193
-0.273467
-0.271735
-0.270052
-0.268413
-0.266803
-0.265206
-0.263633
-0.262066
-0.260515
-0.258974
-0.257446
-0.255944
-0.254434
-0.252916
-0.251392
-0.249858
-0.248288
-0.246691
-0.245053
-0.243396
-0.241748
-0.240093
-0.238406
-0.236683
-0.234942
-0.233207
-0.231425
-0.229649
-0.22786
-0.226017
-0.224176
-0.222294
-0.220381
-0.218413
-0.216428
-0.214439
-0.212416
-0.210394
-0.208355
-0.206295
-0.204216
-0.202089
-0.199951
-0.197786
-0.195572
-0.193303
-0.190994
-0.188602
-0.186146
-0.183637
-0.181093
-0.178539
-0.175973
-0.173404
-0.170798
-0.168185
-0.165562
-0.162896
-0.160227
-0.15756
-0.154901
-0.152198
-0.149469
-0.146739
-0.144017
-0.141271
-0.138534
-0.135807
-0.13311
-0.13045
-0.127813
-0.125205
-0.122601
-0.120006
-0.117432
-0.114857
-0.112299
-0.109746
-0.107171
-0.1046
-0.102021
-0.0994478
-0.0968682
-0.0943001
-0.0917528
-0.0892398
-0.0867828
-0.084377
-0.0820215
-0.0797202
-0.0774605
-0.0752531
-0.0730908
-0.070979
-0.0688982
-0.066857
-0.064815
-0.0627321
-0.0606365
-0.0584839
-0.0563006
-0.0541044
-0.0517576
-0.0493043
-0.0467871
-0.0442133
-0.0416575
-0.039071
-0.0365297
-0.0340634
-0.0317075
-0.0294242
-0.0271773
-0.0249908
-0.0228632
-0.0207942
-0.0187754
-0.0167533
-0.0147359
-0.0126781
-0.0105921
-0.00850224
-0.00633608
-0.00411298
-0.00190011
0.000305227
0.00252666
0.00472604
0.00693841
0.00915577
0.0113882
0.0136452
0.0159126
0.0181451
0.020338
0.0224676
0.0245419
0.0265783
0.0285191
0.0304303
0.0322907
0.0341128
0.0359013
0.0376831
0.0394643
0.0412253
0.0429381
0.0446256
0.046323
0.0480364
0.0497926
0.0515435
0.0533414
0.0551591
0.0569777
0.058773
0.0605332
0.0623167
0.0640524
0.0657311
0.0673142
0.0688287
0.0702688
0.0716358
0.0729551
0.0742623
0.075588
0.0769362
0.0782574
0.0795857
0.0809356
0.0823337
0.0837593
0.0851542
0.0865459
0.0878996
0.0892471
0.0905502
0.0918627
0.0931359
0.0944148
0.0956733
0.0969297
0.0982097
0.0995178
0.100842
0.102147
0.103437
0.104726
0.105985
0.10721
0.108414
0.109604
0.110787
0.111965
0.113143
0.114299
0.115488
0.116692
0.117894
0.11911
0.120291
0.121442
0.122584
0.123701
0.124805
0.125909
0.127041
0.128199
0.129376
0.130586
0.131801
0.0543326
0.202166
0.345892
0.482551
0.612643
0.731324
0.839749
0.92845
0.993121
1.0365
1.06246
1.07741
1.08797
1.09323
1.09538
1.09841
1.11017
1.13178
1.16208
1.19723
1.24044
1.29861
1.372
1.44936
1.52437
1.59206
1.64973
1.69462
1.72801
1.75142
1.76759
1.77734
1.78392
1.79041
1.79973
1.8129
1.83075
1.854
1.88163
1.91217
1.94668
1.98287
2.02978
2.08314
2.13664
2.18603
2.23142
2.27009
2.30099
2.32613
2.34783
2.36356
2.37675
2.38787
2.40169
2.41515
2.43101
2.44857
2.46865
2.48995
2.51223
2.53357
2.55193
2.5702
2.58404
2.59514
2.60579
2.61531
2.62363
2.6299
2.63298
2.63646
2.64224
2.64977
2.65625
2.66396
2.67052
2.67523
2.67991
2.68228
2.68472
2.68691
2.68901
2.69122
2.6928
2.69259
2.69236
2.69058
2.68794
2.68654
2.68353
2.67864
2.67316
2.66778
2.66379
2.6592
2.65472
2.65005
2.64408
2.63688
2.63171
2.62606
2.62011
2.61307
2.60725
2.60069
2.59385
2.58748
2.58111
2.5746
2.56797
2.56186
2.55446
2.5475
2.54094
2.53477
2.52951
2.52528
2.52102
2.51543
2.51037
2.50404
2.49704
2.48966
2.48137
2.47444
2.46967
2.46546
2.45991
2.45419
2.44998
2.44625
2.44362
2.43973
2.43565
2.43159
2.42676
2.42239
2.41904
2.41432
2.40903
2.40396
2.39798
2.39199
2.38434
2.37701
2.36974
2.36236
2.35541
2.34922
2.34237
2.33581
2.33029
2.32535
2.31981
2.31416
2.30763
2.30272
2.29823
2.29427
2.29162
2.28484
2.27703
2.27026
2.2653
2.25981
2.25363
2.25053
2.24642
2.24207
2.2374
2.23149
2.22429
2.219
2.21401
2.21047
2.20623
2.20234
2.19881
2.19544
2.19125
2.18642
2.18285
2.17975
2.17607
2.17316
2.16941
2.16305
2.15712
2.15255
2.14834
2.14269
2.13702
2.13225
2.12691
2.12193
2.11696
2.11105
2.1039
2.0965
2.08978
2.08243
2.07543
2.06943
2.06323
2.05747
2.05058
2.04345
2.03869
2.03418
2.0296
2.02547
2.02078
2.01479
2.00706
2.00262
1.99716
1.99057
1.98464
1.97937
1.97404
1.96794
1.96302
1.95878
1.95365
1.94739
1.94247
1.93947
1.93633
1.93224
1.92718
1.92195
1.917
1.9125
1.90781
1.90134
1.89644
1.8913
1.88574
1.87972
1.87504
1.87095
1.86736
1.8637
1.86125
1.85758
1.85537
1.85273
1.85049
1.84814
1.84458
1.84127
1.83588
1.82999
1.82509
1.82123
1.81732
1.81406
1.81104
1.80704
1.80315
1.79991
1.7961
1.79357
1.78994
1.7862
1.78331
1.77992
1.7763
1.77205
1.76659
1.76175
1.75815
1.7538
1.74994
1.74647
1.74322
1.73955
1.73657
1.73386
1.73073
1.726
1.72283
1.71983
1.71571
1.71158
1.70698
1.70295
1.69857
1.69509
1.69168
1.68762
1.68745
1.68532
1.68174
1.67931
1.67679
1.67376
1.67169
1.66868
1.66568
1.66362
1.66027
1.65524
1.65047
1.64421
1.63854
1.63429
1.63011
1.627
1.62417
1.62105
1.61718
1.61159
1.60637
1.59983
1.59685
1.59401
1.59192
1.58795
1.58287
1.57829
1.57312
1.56822
1.56346
1.55954
1.55575
1.55109
1.54661
1.54231
1.53763
1.53421
1.53072
1.52761
1.52418
1.51995
1.51748
1.51467
1.51131
1.50882
1.50542
1.50272
1.49837
1.49523
1.49124
1.48613
1.48302
1.48069
1.47778
1.4756
1.47276
1.46855
1.46459
1.46126
1.45733
1.45335
1.44988
1.44611
1.4413
1.43703
1.4336
1.43278
1.43132
1.42935
1.42643
1.42364
1.42105
1.41795
1.41475
1.4107
1.40843
1.40696
1.40551
1.40384
1.40081
1.39675
1.394
1.39021
1.38463
1.37955
1.37571
1.37482
1.3728
1.37
1.36696
1.36463
1.36099
1.35752
1.35383
1.35175
1.35021
1.34771
1.34305
1.33974
1.33637
1.33261
1.32781
1.32404
1.32153
1.31988
1.31872
1.31661
1.31576
1.31427
1.31411
1.31218
1.30777
1.30273
1.29709
1.29297
1.28778
1.28228
1.27713
1.27415
1.27112
1.26837
1.26795
1.26534
1.2619
1.25841
1.25641
1.25518
1.25231
1.2481
1.24528
1.24138
1.23797
1.23539
1.23139
1.22916
1.22755
1.22648
1.22322
1.21975
1.21814
1.21709
1.21511
1.21391
1.21098
1.20692
1.20224
1.19817
1.19507
1.19305
1.18992
1.19085
1.18861
1.18586
1.18091
1.17599
1.17367
1.17081
1.1675
1.16333
1.16073
1.15808
1.15488
1.15465
1.15255
1.15187
1.14918
1.1466
1.14353
1.13969
1.13575
1.1343
1.13179
1.12995
1.12813
1.12506
1.12154
1.11711
1.11291
1.10852
1.10639
1.10425
1.10246
1.10037
1.09901
1.09657
1.09367
1.09028
1.08858
1.08615
1.08392
1.08211
1.08048
1.07839
1.07797
1.07767
1.07615
1.0728
1.07012
1.06845
1.06816
1.06665
1.06536
1.06396
1.0614
1.05898
1.0565
1.05342
1.05097
1.04928
1.04738
1.04444
1.04104
1.03811
1.03514
1.03263
1.02991
1.02804
1.02526
1.02208
1.01899
1.0158
1.01269
1.00977
1.00744
1.003
0.999246
0.996097
0.992219
0.989115
0.98482
0.982817
0.981542
0.980266
0.977247
0.973825
0.97025
0.967832
0.965684
0.961883
0.956464
0.954437
0.954229
0.954648
0.955448
0.956746
0.956073
0.953947
0.953777
0.950561
0.948212
0.947329
0.94586
0.942983
0.938683
0.934615
0.930934
0.926211
0.921868
0.917147
0.914005
0.912756
0.910925
0.909167
0.906069
0.902923
0.900465
0.898391
0.895843
0.893023
0.890084
0.887695
0.88685
0.885633
0.88363
0.882124
0.879727
0.875802
0.872051
0.867285
0.86457
0.860728
0.85612
0.852124
0.84724
0.843153
0.839299
0.837425
0.83638
0.833526
0.832733
0.832063
0.830181
0.830149
0.829072
0.828337
0.827182
0.825398
0.82392
0.821233
0.821032
0.820994
0.820585
0.819057
0.815626
0.813563
0.811004
0.809973
0.808497
0.806003
0.803597
0.800936
0.798227
0.796766
0.796258
0.794437
0.790291
0.787128
0.784738
0.782542
0.779843
0.777394
0.773968
0.769795
0.765105
0.762063
0.759534
0.756571
0.752751
0.750714
0.748429
0.747168
0.744415
0.742937
0.740629
0.738708
0.735939
0.733313
0.730717
0.726859
0.722624
0.719877
0.716404
0.712193
0.7101
0.708104
0.707038
0.704489
0.70194
0.700348
0.698231
0.695979
0.692945
0.69028
0.687217
0.684164
0.681284
0.678463
0.676104
0.675423
0.673499
0.670812
0.668355
0.668473
0.668631
0.669223
0.669313
0.669168
0.668356
0.664837
0.663839
0.66263
0.660744
0.658516
0.656081
0.652372
0.648759
0.646563
0.645693
0.644633
0.644527
0.643221
0.642604
0.641241
0.6386
0.638104
0.63893
0.640406
0.642081
0.642353
0.641887
0.641831
0.63964
0.635275
0.631339
0.630889
0.629142
0.626897
0.624271
0.621358
0.618714
0.616203
0.615055
0.614461
0.612686
0.611332
0.608851
0.605799
0.6018
0.597506
0.594372
0.593611
0.593928
0.592644
0.592532
0.59144
0.59054
0.590387
0.589686
0.58737
0.586195
0.585054
0.584387
0.583557
0.581954
0.582445
0.581377
0.581046
0.582348
0.582602
0.581304
0.579188
0.576633
0.574028
0.570788
0.569948
0.570165
0.568284
0.564861
0.562348
0.559624
0.556701
0.553812
0.552226
0.550849
0.55111
0.549087
0.546612
0.543757
0.540538
0.537705
0.536545
0.53565
0.533012
0.529232
0.526243
0.523849
0.522198
0.520907
0.519868
0.5185
0.516254
0.514256
0.510975
0.507101
0.50306
0.501445
0.500877
0.500792
0.498476
0.495975
0.49341
0.491652
0.490388
0.486595
0.482009
0.470194
0.469244
0.468268
0.467299
0.466337
0.465391
0.464427
0.463453
0.462479
0.461499
0.460548
0.459609
0.458661
0.4577
0.456741
0.455795
0.454859
0.453932
0.453007
0.452069
0.451129
0.450204
0.449291
0.448392
0.447492
0.446584
0.445662
0.44474
0.443821
0.442904
0.441996
0.441094
0.440216
0.439335
0.438458
0.437576
0.436689
0.435781
0.434882
0.433976
0.433073
0.432175
0.431285
0.430406
0.429524
0.428634
0.427732
0.426829
0.425948
0.425043
0.424138
0.423247
0.422366
0.421473
0.420567
0.41965
0.418706
0.417737
0.416743
0.415737
0.414736
0.413749
0.412752
0.411737
0.410719
0.409724
0.408689
0.407655
0.406617
0.405564
0.404485
0.403405
0.402292
0.401144
0.399987
0.398808
0.397628
0.396457
0.395289
0.394127
0.392945
0.391763
0.390611
0.389465
0.388322
0.387175
0.386035
0.384874
0.383712
0.382522
0.381346
0.380175
0.379018
0.377868
0.376703
0.37559
0.374501
0.373409
0.372336
0.371285
0.370249
0.369281
0.368368
0.367489
0.366627
0.365797
0.365014
0.364269
0.363551
0.362864
0.36219
0.36151
0.360823
0.360132
0.359428
0.35873
0.358029
0.357352
0.356684
0.356002
0.355312
0.354603
0.353901
0.353203
0.352453
0.3517
0.350947
0.350215
0.349496
0.348763
0.348056
0.34735
0.346628
0.345901
0.345204
0.344496
0.343762
0.342999
0.342202
0.341351
0.340434
0.339508
0.338531
0.337547
0.33663
0.335661
0.334677
0.333678
0.332648
0.331592
0.330548
0.329513
0.328505
0.32749
0.326466
0.325433
0.324401
0.323354
0.322266
0.321149
0.320006
0.31884
0.317671
0.316456
0.315271
0.314079
0.312889
0.311696
0.310475
0.309257
0.308022
0.30676
0.305519
0.304307
0.303083
0.301896
0.300705
0.299496
0.298298
0.297093
0.2959
0.29473
0.293544
0.292364
0.291172
0.29
0.288818
0.287634
0.286421
0.285215
0.283982
0.28275
0.281536
0.280297
0.279046
0.277763
0.276471
0.275175
0.273868
0.272539
0.271234
0.2699
0.268535
0.267177
0.265803
0.264421
0.263024
0.261594
0.260191
0.258776
0.257379
0.256011
0.254591
0.253168
0.251713
0.250243
0.248803
0.247302
0.2458
0.244293
0.242778
0.24127
0.239778
0.238309
0.236895
0.235424
0.233955
0.232529
0.231109
0.229725
0.228367
0.227025
0.225714
0.22447
0.223275
0.222101
0.220941
0.219761
0.218535
0.217285
0.216028
0.214743
0.213411
0.212021
0.210575
0.209103
0.207597
0.206055
0.204519
0.202909
0.201217
0.199492
0.19775
0.195979
0.19418
0.192361
0.190525
0.188616
0.186704
0.184794
0.182875
0.180942
0.178987
0.177033
0.175014
0.173033
0.171065
0.169093
0.167121
0.165123
0.163126
0.161146
0.159179
0.157225
0.155306
0.153364
0.151394
0.149407
0.147415
0.145366
0.1433
0.141171
0.138984
0.136714
0.134384
0.132049
0.129665
0.127236
0.124801
0.122352
0.11992
0.117499
0.115133
0.112825
0.110617
0.108515
0.106506
0.104571
0.10269
0.100871
0.0990884
0.0973495
0.0955841
0.0938124
0.0920217
0.0901917
0.0883095
0.0863844
0.0844347
0.0823763
0.0802029
0.0779554
0.0756366
0.0732719
0.0708632
0.0684706
0.066081
0.0637587
0.0614809
0.05929
0.0571704
0.0551033
0.0530801
0.0511291
0.04921
0.0473338
0.0454659
0.0436183
0.0417783
0.0398564
0.0378742
0.0358518
0.0337309
0.0315216
0.0292552
0.0269285
0.0244798
0.021952
0.0194041
0.0168531
0.0143395
0.0118832
0.00950864
0.00722357
0.00502804
0.00294704
0.000942824
-0.000986007
-0.00283101
-0.00461279
-0.00631689
-0.00798419
-0.00963361
-0.0113063
-0.0129646
-0.0146443
-0.0163164
-0.0180306
-0.0198557
-0.021766
-0.0237366
-0.0257104
-0.0277756
-0.0298593
-0.0320163
-0.0341646
-0.036283
-0.0383734
-0.040426
-0.0424351
-0.0444026
-0.0463307
-0.0483017
-0.0501844
-0.0520651
-0.0539191
-0.0557397
-0.0575838
-0.0594451
-0.0614158
-0.0633642
-0.06533
-0.0672885
-0.0692625
-0.071213
-0.0731966
-0.075192
-0.0771804
-0.0791393
-0.0810694
-0.082976
-0.0848527
-0.0866443
-0.088383
-0.0900955
-0.0917285
-0.0933064
-0.0948579
-0.0963888
-0.0978925
-0.0993926
-0.100858
-0.1023
-0.103696
-0.105067
-0.106421
-0.107771
-0.109147
-0.11056
-0.111978
-0.113398
-0.11483
-0.116323
-0.117844
-0.119395
-0.120963
-0.122556
-0.12415
-0.125758
-0.127357
-0.128979
-0.130639
-0.132254
-0.133856
-0.135429
-0.136959
-0.138445
-0.139907
-0.141366
-0.142813
-0.144209
-0.145568
-0.146893
-0.148185
-0.149467
-0.150752
-0.152007
-0.153267
-0.154533
-0.155839
-0.157145
-0.158461
-0.159789
-0.161164
-0.162552
-0.163927
-0.165285
-0.166623
-0.167978
-0.169325
-0.170663
-0.171982
-0.173305
-0.174647
-0.176053
-0.177416
-0.178789
-0.180183
-0.181584
-0.182964
-0.184344
-0.185753
-0.187148
-0.188561
-0.189979
-0.191366
-0.192747
-0.194096
-0.195402
-0.196677
-0.197895
-0.199086
-0.20025
-0.201379
-0.202467
-0.203503
-0.204521
-0.205525
-0.206504
-0.207495
-0.208475
-0.209455
-0.21044
-0.211426
-0.212418
-0.213421
-0.214415
-0.215399
-0.216374
-0.217341
-0.218285
-0.219233
-0.220146
-0.221055
-0.221956
-0.222854
-0.223768
-0.224671
-0.225599
-0.226541
-0.227475
-0.228396
-0.229345
-0.230311
-0.23133
-0.232353
-0.233368
-0.234394
-0.235429
-0.236462
-0.237496
-0.238519
-0.239585
-0.240594
-0.241597
-0.242595
-0.243592
-0.24456
-0.245513
-0.246447
-0.247376
-0.248286
-0.249184
-0.25008
-0.250964
-0.251861
-0.252755
-0.25368
-0.254575
-0.255452
-0.256304
-0.257171
-0.258053
-0.258894
-0.259724
-0.260551
-0.261373
-0.262192
-0.262995
-0.26378
-0.264552
-0.265329
-0.266109
-0.26685
-0.267571
-0.268292
-0.269025
-0.269761
-0.270493
-0.271249
-0.271943
-0.272637
-0.273332
-0.274023
-0.274743
-0.275463
-0.27617
-0.276882
-0.277582
-0.278287
-0.278981
-0.279708
-0.280439
-0.28117
-0.281912
-0.282688
-0.28346
-0.284284
-0.285085
-0.285875
-0.286674
-0.287449
-0.28825
-0.289032
-0.289832
-0.290625
-0.291415
-0.292187
-0.29297
-0.293748
-0.294538
-0.295342
-0.296123
-0.296912
-0.297707
-0.298537
-0.299367
-0.300212
-0.301074
-0.301965
-0.302861
-0.303744
-0.304607
-0.305465
-0.306325
-0.30717
-0.308013
-0.308843
-0.309667
-0.310482
-0.311286
-0.312093
-0.312917
-0.31373
-0.314535
-0.315329
-0.316118
-0.316892
-0.317643
-0.318358
-0.319105
-0.319834
-0.320561
-0.32126
-0.32196
-0.322646
-0.323341
-0.323999
-0.324663
-0.325314
-0.32596
-0.326596
-0.327257
-0.327908
-0.328571
-0.329223
-0.329883
-0.330533
-0.331208
-0.331884
-0.332559
-0.33323
-0.333924
-0.334608
-0.33525
-0.335908
-0.336627
-0.337314
-0.337986
-0.338665
-0.339371
-0.340125
-0.340844
-0.341615
-0.342348
-0.343121
-0.343857
-0.344614
-0.345516
-0.346268
-0.347021
-0.347794
-0.348576
-0.349323
-0.350067
-0.350848
-0.351618
-0.352361
-0.353133
-0.353883
-0.354634
-0.355402
-0.356167
-0.356945
-0.357724
-0.358469
-0.359222
-0.359981
-0.360712
-0.361441
-0.36216
-0.362845
-0.363545
-0.364243
-0.364932
-0.365589
-0.366292
-0.366968
-0.367635
-0.368312
-0.368966
-0.369612
-0.370242
-0.370841
-0.371422
-0.372012
-0.372606
-0.373204
-0.3738
-0.374373
-0.374978
-0.375561
-0.376144
-0.376734
-0.377309
-0.37789
-0.378499
-0.379111
-0.379732
-0.380357
-0.380984
-0.381602
-0.382214
-0.382845
-0.383499
-0.384151
-0.384838
-0.385516
-0.386196
-0.386866
-0.387538
-0.388196
-0.38886
-0.389504
-0.390155
-0.390812
-0.391485
-0.392132
-0.3928
-0.393465
-0.394117
-0.39476
-0.395396
-0.396042
-0.396697
-0.397358
-0.397968
-0.398571
-0.399144
-0.399708
-0.400274
-0.400837
-0.401426
-0.402034
-0.402643
-0.403246
-0.40385
-0.404452
-0.405056
-0.40564
-0.406214
-0.406724
-0.407254
-0.407802
-0.408323
-0.408854
-0.409371
-0.409866
-0.410395
-0.410933
-0.411433
-0.411928
-0.412424
-0.412928
-0.413429
-0.413959
-0.414506
-0.415027
-0.415545
-0.416068
-0.416611
-0.41718
-0.417692
-0.418189
-0.418692
-0.419212
-0.41974
-0.420223
-0.420698
-0.421189
-0.421707
-0.422175
-0.422657
-0.42317
-0.423654
-0.424159
-0.424671
-0.425161
-0.425666
-0.426159
-0.426646
-0.427136
-0.427634
-0.428128
-0.428634
-0.429159
-0.429664
-0.430171
-0.430649
-0.431088
-0.431573
-0.432035
-0.432484
-0.432937
-0.433378
-0.433823
-0.434291
-0.434752
-0.43518
-0.435623
-0.436097
-0.436553
-0.436985
-0.437426
-0.437858
-0.438311
-0.438758
-0.439182
-0.439593
-0.440016
-0.440393
-0.440784
-0.441186
-0.441582
-0.441975
-0.442407
-0.4428
-0.443215
-0.443607
-0.443982
-0.444356
-0.444769
-0.44515
-0.445543
-0.445938
-0.446289
-0.446662
-0.447021
-0.447404
-0.447773
-0.448166
-0.448561
-0.448963
-0.449374
-0.449735
-0.450123
-0.450491
-0.45085
-0.451205
-0.451532
-0.451859
-0.452185
-0.452516
-0.452855
-0.453184
-0.453509
-0.453808
-0.45411
-0.4544
-0.454705
-0.455007
-0.455329
-0.455645
-0.456005
-0.456344
-0.456684
-0.457014
-0.457355
-0.457727
-0.458086
-0.458454
-0.458811
-0.459156
-0.459498
-0.459846
-0.460181
-0.460505
-0.460836
-0.461163
-0.461484
-0.461821
-0.462165
-0.462503
-0.462852
-0.463168
-0.463489
-0.463788
-0.464065
-0.464367
-0.464657
-0.464949
-0.465234
-0.465516
-0.465778
-0.466067
-0.466348
-0.466641
-0.466907
-0.467176
-0.467447
-0.46771
-0.467965
-0.468252
-0.468679
-0.46895
-0.46923
-0.469506
-0.469794
-0.47005
-0.47031
-0.470578
-0.470857
-0.471118
-0.471396
-0.471668
-0.471894
-0.472142
-0.472399
-0.472653
-0.472902
-0.47316
-0.473428
-0.47371
-0.473999
-0.474294
-0.474597
-0.474884
-0.475188
-0.475459
-0.475779
-0.47607
-0.476346
-0.476637
-0.47691
-0.477187
-0.477466
-0.477728
-0.477997
-0.478275
-0.478553
-0.478812
-0.47907
-0.479334
-0.479579
-0.479826
-0.480075
-0.480325
-0.480601
-0.48086
-0.481097
-0.481348
-0.48161
-0.481854
-0.482103
-0.482365
-0.482652
-0.482949
-0.483243
-0.483531
-0.483829
-0.484127
-0.484417
-0.4847
-0.484997
-0.485252
-0.485481
-0.485694
-0.485895
-0.486105
-0.486288
-0.486473
-0.486643
-0.486819
-0.486977
-0.487159
-0.487314
-0.487493
-0.487655
-0.487823
-0.487989
-0.488158
-0.488311
-0.48846
-0.488598
-0.488742
-0.4889
-0.489053
-0.489173
-0.48933
-0.489485
-0.489613
-0.489731
-0.489909
-0.490061
-0.490198
-0.490314
-0.490439
-0.490561
-0.490716
-0.490818
-0.490961
-0.491088
-0.491213
-0.491332
-0.491428
-0.491501
-0.491558
-0.491617
-0.491728
-0.49182
-0.491922
-0.492049
-0.49223
-0.492372
-0.492496
-0.492642
-0.492807
-0.492944
-0.49311
-0.493254
-0.493474
-0.493645
-0.493802
-0.493968
-0.494129
-0.494275
-0.494452
-0.494601
-0.494761
-0.494896
-0.495012
-0.49511
-0.495218
-0.495311
-0.495391
-0.495466
-0.495536
-0.495636
-0.495721
-0.495806
-0.495935
-0.496031
-0.496128
-0.496233
-0.496335
-0.496412
-0.496464
-0.496504
-0.49655
-0.496608
-0.496702
-0.496775
-0.49684
-0.496899
-0.49695
-0.497028
-0.497118
-0.497215
-0.497321
-0.497436
-0.497539
-0.49768
-0.497805
-0.497926
-0.498027
-0.4981
-0.498163
-0.498224
-0.498288
-0.498363
-0.49844
-0.498524
-0.498617
-0.498731
-0.49887
-0.498994
-0.499131
-0.499279
-0.499454
-0.499588
-0.49973
-0.499877
-0.499985
-0.500064
-0.50012
-0.500219
-0.500311
-0.500377
-0.500476
-0.500581
-0.500667
-0.500763
-0.500867
-0.500979
-0.501099
-0.501201
-0.501305
-0.501423
-0.501553
-0.501637
-0.501718
-0.501782
-0.501854
-0.50189
-0.501969
-0.50203
-0.502103
-0.502195
-0.502248
-0.502346
-0.502463
-0.502595
-0.502756
-0.502919
-0.503089
-0.503279
-0.503464
-0.50364
-0.503801
-0.503935
-0.504066
-0.504166
-0.504264
-0.50435
-0.504456
-0.504542
-0.504629
-0.504711
-0.504785
-0.504853
-0.504919
-0.504996
-0.505078
-0.505156
-0.505241
-0.505365
-0.505503
-0.505608
-0.505731
-0.505867
-0.505996
-0.506079
-0.506183
-0.506278
-0.50639
-0.506493
-0.506604
-0.5067
-0.506818
-0.506927
-0.507036
-0.507129
-0.507228
-0.507333
-0.50743
-0.50752
-0.507611
-0.507719
-0.507812
-0.507915
-0.508016
-0.508134
-0.508248
-0.508382
-0.508528
-0.508683
-0.508839
-0.508999
-0.509164
-0.50934
-0.509522
-0.509711
-0.509905
-0.510093
-0.510282
-0.510483
-0.510647
-0.510812
-0.510968
-0.511108
-0.511252
-0.51139
-0.511517
-0.511661
-0.511817
-0.51196
-0.51211
-0.512271
-0.512428
-0.512571
-0.512728
-0.512895
-0.513073
-0.513193
-0.51335
-0.513491
-0.513635
-0.513772
-0.513913
-0.514041
-0.514193
-0.514345
-0.514503
-0.514659
-0.514834
-0.515001
-0.515195
-0.5154
-0.515605
-0.515819
-0.516073
-0.516302
-0.516543
-0.516801
-0.517041
-0.517265
-0.517465
-0.517685
-0.517897
-0.518103
-0.518308
-0.518494
-0.518696
-0.518888
-0.51912
-0.519382
-0.519634
-0.519886
-0.520145
-0.520409
-0.520692
-0.520999
-0.521265
-0.52153
-0.52179
-0.522038
-0.522299
-0.522531
-0.522754
-0.52301
-0.523267
-0.52196
-0.520657
-0.519357
-0.51806
-0.516767
-0.515476
-0.514189
-0.512905
-0.511625
-0.510347
-0.509073
-0.507802
-0.506534
-0.505269
-0.504008
-0.502749
-0.501494
-0.500242
-0.498993
-0.497747
-0.496504
-0.495264
-0.494027
-0.492794
-0.491564
-0.490336
-0.489112
-0.487891
-0.486672
-0.485457
-0.484245
-0.483036
-0.48183
-0.480627
-0.479427
-0.47823
-0.477036
-0.475845
-0.474656
-0.473471
-0.472289
-0.47111
-0.469933
-0.46876
-0.46759
-0.466422
-0.465258
-0.464096
-0.462937
-0.461781
-0.460628
-0.459478
-0.458331
-0.457186
-0.456045
-0.454906
-0.45377
-0.452637
-0.451507
-0.45038
-0.449255
-0.448133
-0.447015
-0.445898
-0.444785
-0.443674
-0.442567
-0.441462
-0.440359
-0.43926
-0.438163
-0.437069
-0.435978
-0.434889
-0.433803
-0.43272
-0.43164
-0.430562
-0.429487
-0.428414
-0.427345
-0.426278
-0.425213
-0.424152
-0.423093
-0.422036
-0.420982
-0.419931
-0.418883
-0.417837
-0.416794
-0.415753
-0.414715
-0.413679
-0.412646
-0.411616
-0.410588
-0.409563
-0.408541
-0.40752
-0.406503
-0.405488
-0.404476
-0.403466
-0.402458
-0.401453
-0.400451
-0.399451
-0.398454
-0.397459
-0.396466
-0.395476
-0.394489
-0.393504
-0.392521
-0.391541
-0.390564
-0.389589
-0.388616
-0.387645
-0.386678
-0.385712
-0.384749
-0.383788
-0.38283
-0.381874
-0.380921
-0.37997
-0.379021
-0.378074
-0.37713
-0.376189
-0.37525
-0.374313
-0.373378
-0.372446
-0.371516
-0.370588
-0.369663
-0.36874
-0.367819
-0.366901
-0.365985
-0.365071
-0.364159
-0.36325
-0.362343
-0.361438
-0.360536
-0.359636
-0.358738
-0.357842
-0.356948
-0.356057
-0.355168
-0.354281
-0.353397
-0.352514
-0.351634
-0.350756
-0.34988
-0.349007
-0.348135
-0.347266
-0.346399
-0.345534
-0.344671
-0.343811
-0.342952
-0.342096
-0.341242
-0.34039
-0.33954
-0.338692
-0.337846
-0.337003
-0.336161
-0.335322
-0.334485
-0.33365
-0.332816
-0.331985
-0.331157
-0.33033
-0.329505
-0.328682
-0.327861
-0.327043
-0.326226
-0.325412
-0.324599
-0.323789
-0.32298
-0.322174
-0.321369
-0.320567
-0.319767
-0.318968
-0.318172
-0.317377
-0.316585
-0.315794
-0.315006
-0.314219
-0.313435
-0.312652
-0.311871
-0.311093
-0.310316
-0.309541
-0.308768
-0.307997
-0.307228
-0.306461
-0.305696
-0.304933
-0.304171
-0.303412
-0.302654
-0.301899
-0.301145
-0.300393
-0.299643
-0.298895
-0.298148
-0.297404
-0.296661
-0.295921
-0.295182
-0.294445
-0.293709
-0.292976
-0.292245
-0.291515
-0.290787
-0.290061
-0.289337
-0.288614
-0.287894
-0.287175
-0.286458
-0.285743
-0.285029
-0.284317
-0.283607
-0.282899
-0.282193
-0.281488
-0.280786
-0.280084
-0.279385
-0.278688
-0.277992
-0.277298
-0.276605
-0.275915
-0.275226
-0.274538
-0.273853
-0.273169
-0.272487
-0.271807
-0.271128
-0.270451
-0.269776
-0.269102
-0.26843
-0.26776
-0.267091
-0.266425
-0.265759
-0.265096
-0.264434
-0.263774
-0.263115
-0.262458
-0.261803
-0.261149
-0.260497
-0.259847
-0.259198
-0.258551
-0.257905
-0.257261
-0.256619
-0.255978
-0.255339
-0.254701
-0.254065
-0.253431
-0.252798
-0.252167
-0.251537
-0.250909
-0.250283
-0.249658
-0.249034
-0.248413
-0.247792
-0.247174
-0.246556
-0.245941
-0.245327
-0.244714
-0.244103
-0.243494
-0.242886
-0.242279
-0.241674
-0.241071
-0.240469
-0.239869
-0.23927
-0.238672
