-9.56878	-74.7421	
-9.46738	-74.8517	
-9.28205	-74.8138	
-9.45439	-74.7992	
-9.37313	-74.7687	
-9.35291	-74.7534	
-9.29785	-75.0647	
-9.17186	-74.8407	
-9.46779	-74.6695	
-9.42432	-74.6698	
-9.39222	-74.6863	
-9.38185	-74.7747	
-9.42135	-74.9204	
-9.13484	-75.0382	
-9.0848	-75.0291	
-9.06716	-75.0516	
-9.0389	-75.0105	
-9.0589	-74.819	
-9.16206	-74.8631	
-9.12495	-74.9427	
-9.21362	-74.832	
-9.11051	-74.8475	
-9.17793	-74.695	
-9.17212	-74.6896	
-9.11613	-74.8594	
-9.29632	-74.7179	
-9.26651	-74.6217	
-9.19855	-74.8061	
-9.36086	-74.5998	
-9.54881	-74.6482	
-9.09753	-75.0057	
-9.09779	-74.8181	
-9.16898	-74.7863	
-8.93707	-74.7806	
-9.06273	-74.6944	
-8.89744	-74.8023	
-8.81266	-75.0606	
-8.80109	-74.8949	
-8.79854	-74.7539	
-8.92893	-74.8752	
-9.00988	-75.124	
-8.84845	-75.064	
-9.13642	-75.0648	
-8.815	-75.2318	
-9.04882	-75.1698	
-9.0755	-75.1222	
-9.03298	-74.9294	
-9.14787	-74.6112	
-8.9864	-74.7891	
-8.83958	-74.8193	
-8.73297	-74.8144	
-8.78904	-75.0609	
-8.67789	-74.7095	
-9.12559	-74.5818	
-9.12368	-74.6555	
-9.08048	-74.6252	
-9.17555	-74.4893	
-9.20599	-74.6111	
-9.00229	-74.8908	
-9.31128	-74.7103	
-9.34922	-74.5191	
-9.25307	-74.4435	
-9.34516	-74.5921	
-9.1428	-74.7916	
-8.91299	-74.8114	
-9.2169	-74.6672	
-9.0477	-74.5332	
-9.02755	-74.44	
-9.3396	-74.2169	
-9.1265	-74.3949	
-8.9076	-74.5237	
-9.07807	-74.5264	
-9.16608	-74.549	
-9.05558	-74.5203	
-9.01328	-74.5262	
-8.90722	-74.7909	
-8.82169	-74.8668	
-8.49025	-74.909	
-8.63134	-74.8363	
-8.98348	-74.7516	
-9.01286	-74.6769	
-9.02767	-74.7578	
-8.83688	-74.8006	
-8.55662	-74.5921	
-8.31182	-74.7393	
-8.18365	-74.8761	
-8.31001	-74.7178	
-8.55678	-74.9613	
-8.264	-75.2238	
-8.4809	-75.0786	
-8.44636	-75.2034	
-7.89276	-74.8681	
-8.65075	-74.9761	
-8.72128	-75.322	
-8.09859	-75.2078	
-8.35075	-75.0198	
-8.51301	-74.8532	
-8.16294	-74.8873	
-8.05219	-74.8336	
-8.36307	-74.8445	
-8.19961	-75.0109	
-7.87723	-75.0094	
-7.86814	-74.9909	
-8.00979	-74.9924	
-7.84378	-74.8257	
-7.85212	-74.7702	
-7.69161	-74.5766	
-7.65386	-74.7648	
-7.7272	-75.0781	
-7.81829	-74.776	
-7.92718	-74.5731	
-8.04116	-74.4676	
-7.836	-74.7365	
-7.70746	-75.0197	
-7.50244	-75.1114	
-7.63775	-74.8682	
-7.55894	-74.7943	
-7.39338	-74.857	
-7.6224	-74.9785	
-7.32785	-74.8618	
-7.48243	-74.9443	
-7.63731	-74.9362	
-7.77034	-74.78	
-7.86383	-74.6373	
-7.79773	-74.5029	
-7.58749	-74.5859	
-7.38051	-74.6165	
-7.25617	-75.0776	
-7.21196	-75.0311	
-7.1636	-74.8233	
-6.69472	-74.9938	
-6.82071	-74.9982	
-6.71665	-74.8643	
-6.81673	-74.8399	
-7.1198	-74.6016	
-6.9684	-74.8442	
-6.56527	-74.7581	
-6.43097	-74.4669	
-6.72405	-74.4316	
-6.92724	-74.3476	
-7.1321	-74.2855	
-7.11915	-74.4582	
-7.32911	-74.4472	
-7.27483	-74.4503	
-7.11669	-74.3795	
-6.49781	-74.2845	
-6.73489	-74.1819	
-6.75913	-74.4521	
-6.37043	-74.2274	
-6.53349	-74.2419	
-6.45469	-74.2516	
-6.27661	-74.0854	
-6.31988	-74.0132	
-6.27473	-74.4065	
-5.83894	-74.5138	
-5.81329	-74.5253	
-5.74717	-74.0885	
-5.59917	-74.091	
-6.01224	-74.0867	
-6.21162	-74.036	
-6.37048	-74.0687	
-6.66843	-73.8992	
-7.00795	-73.9317	
-7.09431	-73.9597	
-7.3185	-73.7402	
-7.4068	-73.688	
-7.76445	-73.7534	
-8.06945	-73.8298	
-8.11726	-73.8433	
-8.04611	-73.8316	
-7.78199	-73.6457	
-7.86396	-73.6407	
-7.61069	-73.6281	
-7.55685	-73.5811	
-7.49096	-73.4763	
-7.43114	-73.3012	
-7.47787	-73.3436	
-7.22861	-73.5937	
-6.98422	-73.4376	
-7.0843	-73.6361	
-7.15775	-73.5631	
-7.1978	-73.4841	
-7.27896	-73.4743	
-7.12216	-73.2621	
-7.06382	-73.1572	
-7.24723	-73.088	
-7.36614	-73.2809	
-7.47955	-73.2882	
-7.48911	-73.4828	
-7.37692	-73.4933	
-7.24714	-73.4702	
-7.20263	-73.37	
-7.11312	-73.5714	
-7.20933	-73.9134	
-7.27845	-74.1618	
-7.3651	-74.2185	
-7.67685	-74.1317	
-7.66429	-74.1134	
-7.1376	-74.2129	
-7.17381	-74.3352	
-7.11655	-74.4034	
-6.81233	-74.7718	
-6.66436	-75.1327	
-6.57428	-75.1793	
-6.51572	-75.367	
-6.5495	-75.3428	
-6.49911	-75.7265	
-6.37595	-75.6645	
-6.08815	-75.7931	
-5.79176	-75.9951	
-5.44957	-76.2946	
-5.20232	-76.4196	
-5.50566	-76.3578	
-5.37107	-76.6107	
-5.42039	-76.6393	
-5.37285	-76.4313	
-5.09235	-76.6352	
-5.51774	-76.8358	
-5.5459	-76.9496	
-5.85502	-77.0015	
-5.93749	-77.1422	
-5.91307	-77.3093	
-5.71077	-77.1602	
-5.70565	-77.2058	
-6.01831	-77.2495	
-6.22431	-77.2454	
-6.05979	-77.1845	
-6.19598	-77.3504	
-6.50962	-77.3196	
-7.01683	-77.5529	
-7.11384	-77.5762	
-7.03936	-77.7852	
-7.17439	-77.6219	
-7.33851	-77.7824	
-7.258	-77.8564	
-7.36245	-77.9098	
-7.56661	-77.7278	
-7.76071	-77.582	
-7.83939	-77.4498	
-7.9146	-77.6685	
-7.66046	-77.4545	
-7.52046	-77.6324	
-7.39444	-77.5671	
-7.31297	-77.6739	
-7.18837	-77.6684	
-7.18974	-77.9131	
-7.28386	-77.8986	
-7.71185	-78.0462	
-7.83293	-77.9935	
-7.99603	-77.8504	
-8.4075	-77.9913	
-8.44907	-77.9665	
-8.59635	-78.0471	
-8.56771	-78.1419	
-8.75535	-78.2529	
-9.03342	-78.2363	
-8.81519	-78.0858	
-8.78664	-78.5191	
-8.82489	-78.3523	
-9.09773	-77.9323	
-9.12893	-77.6931	
-9.07023	-77.6455	
-9.18645	-77.5621	
-9.35237	-77.4857	
-9.30108	-77.2651	
-9.13619	-77.371	
-9.17097	-77.3408	
-9.42619	-77.2419	
-9.29265	-77.0747	
-9.16946	-77.1254	
-9.17488	-77.0209	
-9.19301	-76.7906	
-8.98414	-76.5997	
-9.22482	-76.5469	
-9.28597	-76.3927	
-9.04918	-76.1833	
-8.80777	-75.959	
-8.83849	-75.7392	
-8.95648	-75.6656	
-8.98266	-75.5025	
-9.29148	-75.3896	
-9.42026	-75.1306	
-9.50311	-74.4826	
-9.54069	-74.2884	
-9.56296	-74.1844	
-9.58312	-74.0248	
-9.63509	-73.3997	
-9.22207	-73.0044	
-9.16473	-72.6613	
-8.81515	-72.3933	
-8.58551	-72.1293	
-8.41535	-71.9407	
-8.19733	-71.6466	
-8.10495	-71.5246	
-8.02724	-71.537	
-7.82095	-71.4537	
-7.80801	-71.3568	
-7.74208	-71.2217	
-7.63667	-71.0709	
-7.54382	-70.9207	
-7.43781	-70.7337	
-7.41751	-70.758	
-7.50189	-70.6061	
-7.45394	-70.62	
-7.29011	-70.517	
-7.26294	-70.4922	
-7.22361	-70.4472	
-7.0955	-70.6552	
-6.99682	-70.7239	
-6.66838	-70.6736	
-6.4065	-70.9926	
-6.40822	-70.9907	
-6.40065	-70.9211	
-6.75335	-71.0729	
-6.78212	-71.4441	
-6.56531	-71.408	
-6.57069	-71.5172	
-6.43758	-71.6561	
-6.35122	-71.7005	
-6.69895	-71.4884	
-6.84642	-71.5546	
-6.52715	-71.4794	
-6.50973	-71.5944	
-6.42001	-71.3923	
-6.35351	-71.2258	
-6.32088	-71.1069	
-6.30652	-71.0345	
-6.35654	-71.064	
-6.27624	-70.8159	
-6.35952	-70.6309	
-6.40888	-70.4188	
-6.58139	-70.3624	
-6.79085	-70.3971	
-7.0616	-70.0033	
-6.97021	-69.9458	
-6.93106	-69.7907	
-7.12736	-69.5606	
-7.57567	-69.3637	
-7.56415	-69.2671	
-7.7517	-69.1095	
-7.89632	-69.1715	
-8.05876	-69.0992	
-8.47956	-68.6842	
-8.47729	-68.5541	
-8.0166	-68.4415	
-8.01564	-68.3415	
-8.3249	-68.1505	
-8.56194	-68.0555	
-8.50014	-67.9316	
-8.23237	-67.947	
-8.32827	-67.7307	
-8.29953	-67.6362	
-8.16132	-67.3182	
-8.17563	-66.8583	
-8.15002	-67.1464	
-7.93055	-67.2047	
-8.12896	-66.9623	
-8.38508	-66.9965	
-7.94307	-66.9784	
-7.50519	-67.1333	
-7.03986	-67.4654	
-6.71443	-67.2129	
-6.93015	-67.4589	
-6.55684	-67.7181	
-6.91954	-67.879	
-6.97964	-68.2252	
-7.18204	-68.3026	
-7.25428	-68.6467	
-6.78818	-69.2382	
-7.19691	-69.5816	
-7.57183	-70.1646	
-7.72247	-70.5568	
-7.58447	-70.91	
-7.83875	-71.1792	
-7.81427	-71.3116	
-8.1443	-71.686	
-8.32166	-72.2705	
-8.25784	-72.5518	
-8.37064	-73.1757	
-8.34603	-73.4681	
-8.6038	-73.5144	
-8.57625	-74.1266	
-8.67191	-74.431	
-8.82294	-74.5652	
-8.98154	-74.7509	
-9.00106	-74.8766	
-9.29759	-74.9008	
-9.3552	-75.1061	
-9.31202	-75.2522	
-9.34701	-75.1113	
-9.39014	-74.8122	
-9.50749	-74.7883	
-9.31888	-74.545	
-8.9955	-74.3524	
-8.992	-73.9768	
-8.5781	-73.7295	
-8.54162	-73.4869	
-8.12586	-73.059	
-7.92628	-72.7526	
-7.63891	-72.2708	
-7.33292	-71.7091	
-7.36319	-71.2605	
-7.3841	-70.5585	
-7.28027	-69.9752	
-7.22346	-69.2247	
-7.24498	-68.6695	
-7.12708	-67.8242	
-6.82903	-66.8491	
-6.68341	-66.3435	
-6.64308	-65.8062	
-6.46748	-65.241	
-6.11223	-64.7324	
-5.85387	-64.2683	
-5.46886	-63.8421	
-5.43363	-63.759	
-5.37147	-63.8047	
-5.34093	-63.7071	
-5.26326	-63.6389	
-5.34957	-63.4786	
-5.09744	-63.1704	
-5.34016	-63.0516	
-5.953	-63.1283	
-5.92146	-63.6268	
-6.15471	-63.6638	
-6.28768	-64.068	
-6.37767	-64.0618	
-6.29433	-64.2785	
-6.30455	-64.246	
-6.33083	-64.436	
-6.39633	-64.5626	
-6.58126	-64.9069	
-6.54506	-65.2436	
-6.84123	-65.4675	
-7.01721	-66.0111	
-7.34867	-66.3083	
-7.68754	-66.3927	
-8.08247	-66.6347	
-7.99904	-66.8272	
-7.9849	-67.0899	
-8.19677	-67.3581	
-8.40786	-67.457	
-8.48958	-67.7005	
-8.55539	-67.8023	
-8.54347	-67.6535	
-8.65851	-67.7654	
-8.38059	-67.8792	
-8.27099	-67.7582	
-8.18371	-67.5392	
-8.2143	-67.4058	
-8.27081	-67.1486	
-8.35306	-66.4721	
-7.95833	-66.127	
-7.24061	-65.7057	
-7.41866	-65.4119	
-7.40563	-64.9319	
-7.47918	-64.3107	
-7.2794	-64.1597	
-7.27268	-63.8912	
-6.66793	-63.4351	
-6.08914	-63.1537	
-5.93921	-63.2252	
-6.11842	-63.6001	
-6.56425	-63.4701	
-6.81733	-63.5191	
-7.1127	-63.418	
-7.53182	-63.2969	
-7.52497	-63.4078	
-7.8425	-63.3918	
-7.97844	-63.4035	
-8.02877	-63.5363	
-8.21333	-63.6255	
-8.64972	-63.9	
-9.20857	-64.1373	
-9.24132	-64.4084	
-9.27424	-64.3111	
-9.55356	-64.6025	
-9.81406	-64.8049	
-9.93471	-65.1298	
-10.1378	-65.3162	
-10.3059	-65.8243	
-10.5431	-66.5892	
-10.6665	-66.9279	
-10.6091	-67.6602	
-10.5675	-68.0328	
-10.6033	-68.6596	
-10.5385	-68.7636	
-10.2526	-68.9804	
-10.0706	-68.9273	
-9.96911	-69.0847	
-9.33122	-69.3234	
-9.03798	-69.3586	
-9.01042	-69.137	
-8.87628	-68.8078	
-8.52225	-68.6339	
-8.5315	-68.2564	
-8.45728	-67.843	
-7.94685	-66.9071	
-8.0358	-66.3224	
-7.9635	-65.8273	
-7.28376	-65.1266	
-6.95965	-64.576	
-6.89239	-64.0696	
-6.97438	-63.5528	
-6.89213	-63.1832	
-6.92417	-62.7573	
-7.12601	-62.5023	
-7.15696	-62.4216	
-7.34876	-62.0406	
-7.41849	-61.8749	
-7.46973	-61.5738	
-7.34236	-61.058	
-7.06886	-60.88	
-6.95841	-60.5104	
-6.7107	-60.2762	
-7.19143	-59.7487	
-7.10363	-59.8899	
-6.9429	-59.5221	
-6.8579	-59.6885	
-6.96401	-59.6292	
-7.09561	-59.782	
-7.21186	-59.6288	
-7.4925	-59.6959	
-7.54267	-60.063	
-7.55983	-59.9973	
-7.75777	-60.4245	
-7.9667	-60.8443	
-7.94028	-60.8206	
-7.74975	-61.1462	
-7.87247	-61.3358	
-8.0312	-61.4271	
-7.82132	-61.9049	
-7.64024	-61.9759	
-7.57741	-62.3329	
-7.45879	-62.8625	
-7.15422	-62.9754	
-6.85443	-63.0545	
-6.82104	-63.0864	
-6.6827	-63.1392	
-6.40789	-63.2269	
-6.458	-63.266	
-6.545	-63.0903	
-6.24569	-62.7628	
-6.19998	-62.7614	
-6.32479	-62.562	
-5.78331	-62.5076	
-5.34686	-62.2994	
-5.5258	-62.1077	
-5.81334	-62.3182	
-6.11972	-62.5847	
-6.32299	-62.6712	
-6.55193	-62.543	
-7.02603	-62.3985	
-7.22032	-62.4803	
-7.54549	-62.4332	
-8.03253	-62.2453	
-8.09157	-62.2428	
-8.61284	-61.9868	
-8.47079	-61.8105	
-8.87919	-62.0323	
-9.48039	-62.0425	
-9.96501	-62.1829	
-10.1649	-62.0822	
-10.5508	-62.2306	
-10.6231	-62.4003	
-10.5969	-62.4256	
-10.9551	-62.539	
-11.3204	-62.966	
-11.7045	-63.2645	
-11.804	-63.478	
-11.6986	-63.5828	
-11.6388	-63.8084	
-11.5271	-64.0322	
-11.3374	-64.4605	
-11.083	-64.383	
-10.7787	-64.4322	
-10.4473	-64.3503	
-10.3025	-64.3946	
-10.0421	-64.3262	
-9.71212	-64.3572	
-9.07269	-64.3474	
-8.57944	-63.7986	
-8.4176	-63.5934	
-8.45515	-63.5638	
-8.2431	-63.4758	
-7.96031	-63.0165	
-7.72163	-62.8592	
-7.55267	-62.5412	
-7.20796	-62.0488	
-6.5748	-61.3928	
-6.43001	-61.1425	
-6.34427	-60.7901	
-5.79804	-60.364	
-5.6008	-60.2261	
-5.67565	-60.0588	
-5.80803	-59.9607	
-5.76165	-59.7445	
-5.86954	-59.6052	
-5.82694	-59.4451	
-5.78318	-59.0438	
-6.02546	-58.8016	
-6.32941	-58.5395	
-6.58996	-58.6245	
-6.69513	-58.1241	
-7.10679	-57.8546	
-7.22695	-57.754	
-7.46629	-57.6957	
-7.75354	-57.6054	
-8.21517	-57.491	
-8.30374	-57.2273	
-8.42811	-57.3229	
-8.51158	-57.4236	
-8.92276	-57.459	
-9.07988	-57.4472	
-9.50495	-57.469	
-9.81512	-57.5977	
-9.92252	-58.0855	
-9.89851	-58.5252	
-9.9903	-58.4785	
-9.98456	-58.4356	
-10.1353	-58.5781	
-10.1895	-58.6567	
-10.3504	-58.7273	
-10.1546	-59.0818	
-9.58583	-59.3647	
-9.68882	-59.2499	
-9.22729	-59.6311	
-9.0846	-59.6892	
-8.94648	-59.8573	
-8.75951	-59.9254	
-8.73007	-60.013	
-8.44836	-59.8671	
-8.11508	-59.7896	
-7.85023	-59.7527	
-7.64922	-59.5399	
-7.24648	-59.6324	
-7.00293	-59.8704	
-6.72059	-59.5509	
-6.82175	-59.7945	
-6.54393	-59.848	
-6.44733	-59.8996	
-6.36027	-60.166	
-6.45164	-60.2546	
-6.37626	-60.2994	
-6.7844	-60.368	
-7.00888	-60.4848	
-7.23093	-60.3859	
-7.40825	-60.421	
-7.64559	-60.2909	
-7.70089	-60.3117	
-7.81047	-60.0113	
-7.86026	-59.9644	
-7.87757	-60.0373	
-7.83169	-59.917	
-7.87118	-59.634	
-8.06046	-59.3821	
-8.31275	-59.3554	
-9.11093	-59.4299	
-9.52594	-59.2089	
-9.50926	-59.2769	
-9.9183	-59.4418	
-10.0607	-59.3737	
-10.546	-59.2724	
-10.7036	-59.3131	
-10.8269	-59.5229	
-10.9574	-59.8598	
-10.9281	-59.9491	
-10.9068	-60.2199	
-10.8925	-60.2503	
-10.9454	-60.632	
-10.7648	-60.7968	
-10.7843	-60.8332	
-10.7674	-61.0556	
-10.8894	-61.0095	
-11.0173	-61.1232	
-11.0998	-61.0093	
-10.9446	-61.2152	
-10.8185	-61.2316	
-10.84	-61.2587	
-10.7598	-61.2555	
-10.5279	-61.1988	
-10.5059	-61.407	
-10.4213	-61.3824	
-10.1381	-61.518	
-10.0988	-61.5214	
-9.94009	-61.5669	
-9.95302	-61.5234	
-9.82045	-61.4299	
-9.88372	-61.3241	
-9.73316	-61.3578	
-9.90572	-61.2669	
-9.87088	-60.7982	
-9.61113	-60.5478	
-9.73801	-60.0963	
-9.71359	-60.0151	
-9.48328	-59.6107	
-9.49263	-59.4696	
-9.30053	-59.2428	
-8.87329	-58.8833	
-8.41079	-58.4112	
-8.20715	-58.1588	
-8.04875	-58.0277	
-7.75648	-57.7705	
-7.68295	-57.7357	
-7.77861	-57.6979	
-7.94924	-57.3399	
-7.86791	-57.2463	
-7.89286	-57.0802	
-7.89382	-56.8796	
-7.76544	-56.791	
-7.76216	-56.7336	
-7.74282	-56.6949	
-7.65194	-56.5941	
-7.88699	-56.5789	
-7.82046	-56.5311	
-7.78638	-56.2878	
-7.7828	-56.4979	
-7.66971	-56.5989	
-7.61414	-56.7983	
-7.57204	-56.8062	
-7.75644	-56.6735	
-7.95735	-56.5538	
-8.1354	-56.6598	
-8.37609	-56.8361	
-8.54611	-56.9929	
-8.80709	-57.1794	
-9.06147	-57.4376	
-9.1935	-57.6643	
-9.37928	-57.7562	
-9.25987	-57.8136	
-9.11351	-57.8803	
-9.07611	-57.999	
-8.91594	-58.2327	
-8.45075	-58.1874	
-8.55256	-58.0969	
-8.61077	-58.5089	
-8.36377	-58.784	
-8.48886	-58.8319	
-8.43243	-59.1982	
-8.55436	-59.1724	
-8.55727	-59.1591	
-8.65133	-59.2363	
-8.91052	-59.2353	
-9.00353	-59.4108	
-9.15644	-59.4035	
-9.32531	-59.3975	
-9.42826	-59.4237	
-9.53826	-59.3216	
-9.52051	-59.1324	
-9.66862	-59.0464	
-9.82577	-58.9659	
-9.8802	-58.8172	
-9.80344	-58.8476	
-9.64622	-58.5415	
-9.39873	-58.481	
-9.55436	-58.282	
-9.63364	-58.1005	
-9.35623	-58.0699	
-9.5762	-57.8848	
-9.76384	-57.6383	
-9.94105	-57.4521	
-10.1784	-57.2013	
-10.2895	-56.9811	
-10.4508	-57.0749	
-10.4721	-56.9359	
-10.4459	-56.92	
-10.1292	-56.6272	
-10.0722	-56.27	
-10.2815	-56.2944	
-10.4524	-56.3661	
-10.4552	-56.3011	
-10.2388	-56.3286	
-10.1105	-56.3241	
-10.3034	-56.3132	
-10.2189	-56.2832	
-9.94371	-56.0911	
-9.9457	-56.0067	
-9.71448	-56.3108	
-9.76809	-56.283	
-9.76344	-56.3225	
-9.32269	-56.3483	
-9.20059	-56.2388	
-9.2073	-56.1471	
-9.59972	-56.165	
-9.15227	-56.4359	
-8.95706	-56.4355	
-9.20612	-56.3488	
-9.24208	-56.5897	
-9.24885	-56.4959	
-9.08625	-56.3565	
-8.91565	-56.4492	
-8.46422	-56.7034	
-8.78303	-56.8863	
-8.76115	-57.1926	
-8.53461	-57.1032	
-8.30507	-57.327	
-8.00653	-57.3232	
-7.94828	-57.3824	
-8.05166	-57.3236	
-7.98234	-57.3696	
-8.08307	-57.5341	
-7.75849	-57.7211	
-7.73394	-58.0136	
-7.71169	-58.075	
-7.61842	-57.9511	
-7.4593	-58.0151	
-7.54144	-57.9954	
-7.6347	-57.8677	
-7.57431	-57.8558	
-7.7872	-57.8407	
-7.71596	-57.9617	
-7.71339	-58.1851	
-7.66553	-58.4101	
-7.69705	-58.4555	
-7.60728	-58.3892	
-7.62078	-58.1243	
-7.94318	-57.8287	
-8.15467	-57.7107	
-8.11376	-57.7895	
-8.34694	-57.8458	
-8.23219	-57.8331	
-8.38942	-57.8019	
-8.44723	-57.7495	
-8.37921	-57.5777	
-8.51258	-57.5208	
-8.81246	-57.7672	
-8.52192	-57.9169	
-8.54738	-57.7402	
-8.64882	-58.2579	
-8.67908	-58.4181	
-8.84995	-58.5263	
-9.02362	-58.5378	
-9.11018	-58.4216	
-9.23233	-58.492	
-9.4414	-58.3848	
-9.45914	-58.4454	
-9.30182	-58.6192	
-9.27267	-58.3504	
-9.42729	-58.2105	
-9.3872	-58.3242	
-9.44014	-58.5264	
-9.40337	-58.5303	
-9.33001	-58.8409	
-9.16752	-58.773	
-9.18509	-58.8923	
-9.06145	-59.2719	
-9.12734	-59.2852	
-9.18803	-59.3445	
-9.21431	-59.3463	
-9.28081	-59.5807	
-9.42969	-59.5784	
-9.53063	-59.6119	
-9.25877	-59.7923	
-9.21086	-59.8582	
-9.54577	-59.8436	
-9.64748	-59.8883	
-9.62122	-59.8831	
-9.50331	-60.1252	
-9.37375	-60.33	
-9.77205	-60.1876	
-9.97814	-60.1414	
-10.192	-60.3128	
-10.4081	-60.3003	
-10.4966	-60.2248	
-10.4724	-60.038	
-10.3878	-59.9977	
-10.3798	-59.8604	
-10.5268	-60.1593	
-10.226	-59.7069	
-10.2662	-59.5182	
-10.3261	-59.5131	
-10.2524	-59.7405	
-10.2075	-59.9776	
-10.4152	-59.7533	
-10.3557	-59.861	
-10.6054	-59.6596	
-10.828	-59.2926	
-10.8567	-59.2904	
-10.5911	-59.2157	
-10.7588	-59.2678	
-10.8888	-59.2988	
-11.096	-59.2635	
-11.1691	-59.2823	
-11.1247	-59.4477	
-10.885	-59.2572	
-10.9589	-59.2614	
-10.7617	-59.3476	
-10.7844	-59.3921	
-10.865	-59.4153	
-10.7339	-59.5347	
-10.4015	-59.632	
-10.2541	-59.686	
-10.193	-59.8199	
-10.1387	-59.8335	
-10.2472	-59.8477	
-9.79468	-59.9826	
-9.58852	-60.1532	
-9.5179	-59.9212	
-9.63774	-59.7979	
-9.40283	-59.9417	
-9.14422	-59.8428	
-9.28525	-60.0388	
-9.36446	-60.2067	
-9.62017	-60.1484	
-9.55115	-60.1316	
-9.53112	-60.2203	
-9.7497	-60.1598	
-9.75641	-60.249	
-9.6571	-60.2611	
-9.63217	-60.2165	
-9.61514	-60.0853	
-9.58693	-60.1108	
-9.44933	-60.0542	
-9.68748	-60.1209	
-9.80248	-60.0339	
-9.7707	-60.1657	
-9.60912	-60.0192	
-9.67214	-59.8166	
-9.32402	-59.7747	
-9.21474	-59.7566	
-9.29361	-59.8201	
-9.12814	-59.9907	
-9.23589	-59.8536	
-9.29167	-59.7354	
-9.0995	-59.6702	
-9.23113	-59.6882	
-9.42766	-59.4233	
-9.8468	-59.5918	
-9.58979	-59.5605	
-9.35882	-59.3318	
-9.34521	-59.5334	
-9.37635	-59.3631	
-9.67297	-59.3009	
-9.84584	-59.3792	
-9.80569	-59.5092	
-9.54747	-59.394	
-9.54278	-59.6159	
-9.8594	-59.566	
-9.75684	-59.4377	
-10.2241	-59.433	
-10.2576	-59.7338	
-10.3095	-59.7432	
-10.3151	-59.7672	
-10.1298	-59.8897	
-10.146	-59.7926	
-10.2074	-59.6705	
-9.92017	-59.6204	
-9.70823	-59.4801	
-9.87649	-59.4819	
-9.80766	-59.6657	
-9.76855	-59.4854	
-9.73362	-59.6179	
-9.57827	-59.769	
-9.40212	-59.8688	
-9.6411	-59.8222	
-9.8143	-59.9391	
-9.99022	-59.8589	
-9.99183	-59.8798	
-10.1824	-60.0827	
-10.2627	-60.064	
-10.5047	-60.1947	
-10.7324	-60.2417	
-10.7518	-60.3102	
-10.8113	-60.3515	
-11.1779	-60.4013	
-11.1938	-60.431	
-11.0833	-60.352	
-10.9204	-60.2115	
-10.8114	-60.2837	
-10.7759	-60.4569	
-11.1029	-60.3128	
-11.1482	-60.2897	
-11.2143	-60.2149	
-11.0626	-60.4163	
-10.8838	-60.3764	
-11.0002	-60.3981	
-10.9779	-60.4016	
-11.0169	-60.5287	
-11.0069	-60.3905	
-10.9911	-60.4476	
-10.9704	-60.2909	
-11.1434	-60.3846	
-11.2947	-60.0174	
-11.223	-59.9773	
-11.2068	-60.0644	
-11.1505	-60.0618	
-11.0879	-60.0159	
-11.1068	-59.6925	
-10.9161	-59.6513	
-10.9562	-59.7155	
-10.8272	-59.7809	
-10.8477	-59.5735	
-10.7179	-59.4975	
-10.7709	-59.3563	
-10.3979	-59.5258	
-10.3846	-59.683	
-10.2477	-59.789	
-10.3086	-59.7333	
-10.4422	-59.645	
-10.3685	-59.5264	
-10.1989	-59.4959	
-10.3123	-59.6823	
-10.0934	-59.8335	
-9.6965	-59.871	
-9.56654	-59.8827	
-10.0549	-59.7842	
-9.95889	-60.185	
-10.3545	-59.8927	
-10.5318	-60.0839	
-10.4322	-60.064	
-10.502	-60.1906	
-10.1987	-60.4509	
-10.097	-60.4721	
-9.77507	-60.5374	
-9.78223	-60.4801	
-9.79072	-60.3132	
-9.74681	-60.1799	
-9.95052	-60.0018	
-9.98679	-60.2074	
-10.1416	-60.2627	
-10.3418	-60.3977	
-9.88401	-60.4269	
-9.92203	-60.3587	
-9.81033	-60.2643	
-9.89604	-59.9728	
-10.1407	-60.07	
-10.0492	-60.3733	
-9.84936	-60.3054	
-10.0218	-60.2114	
-9.78461	-60.2557	
-9.99486	-60.2111	
-10.2473	-60.2324	
-9.94835	-60.2452	
-10.0211	-60.2185	
-10.0969	-59.9668	
-10.0856	-59.9327	
-10.0084	-60.0521	
-10.2569	-59.8183	
-10.3732	-59.8976	
-10.4619	-59.7793	
-10.5151	-59.7043	
-10.4617	-59.7723	
-10.3978	-59.8574	
-10.5421	-59.943	
-10.5594	-60.1975	
-10.7174	-60.1732	
-10.9952	-60.0031	
-10.8555	-60.0745	
-10.8595	-60.0392	
-10.6437	-59.9805	
-10.6357	-60.0568	
-10.8193	-60.0202	
-10.9238	-60.0765	
-10.9708	-60.1238	
-10.8063	-60.184	
-10.7752	-59.8312	
-10.8343	-59.8979	
-10.8645	-59.797	
-10.934	-59.9386	
-11.0352	-59.9306	
-10.8957	-60.096	
-10.8734	-60.1878	
-10.9567	-60.1405	
-11.044	-60.036	
-11.2022	-60.0842	
-11.2437	-60.0186	
-11.1675	-60.1311	
-11.1065	-60.1276	
-10.9776	-60.156	
-10.9455	-60.1802	
-10.7996	-60.3817	
-10.7767	-60.4234	
-10.7678	-60.4552	
-10.5761	-60.3882	
-10.5993	-60.5234	
-10.5016	-60.5467	
-10.5176	-60.5151	
-10.4856	-60.3698	
-10.4316	-60.3285	
-10.3942	-60.2954	
-10.1949	-60.1204	
-10.1941	-59.9253	
-10.2713	-59.9023	
-10.3351	-60.0154	
-10.3311	-60.0049	
-10.0932	-59.9946	
-10.0527	-60.1603	
-10.1983	-60.2571	
-9.71862	-60.0801	
-9.65993	-60.203	
-9.67942	-60.3696	
-9.79536	-60.2202	
-9.61257	-60.0912	
-9.81558	-60.1555	
-10.2019	-59.9441	
-10.1544	-60.0392	
-10.1924	-59.8006	
-10.2401	-59.8364	
-9.95285	-59.7376	
-9.95068	-59.7666	
-10.1195	-59.853	
-10.2982	-59.8267	
-10.4404	-59.7959	
-10.7112	-59.8062	
-10.8535	-59.888	
-10.9502	-60.2137	
-10.685	-60.2558	
-10.7372	-60.2423	
-10.8098	-60.1958	
-10.9098	-60.2723	
-10.7979	-60.4881	
-10.7093	-60.5851	
-10.7514	-60.5526	
-10.898	-60.5012	
-10.653	-60.3119	
-10.4849	-60.4543	
-10.5826	-60.2055	
-10.7538	-60.1726	
-10.7887	-60.127	
-10.7073	-60.1177	
-11.1152	-60.3157	
-11.3438	-60.1368	
-11.4901	-60.3027	
-11.5215	-60.1727	
-10.9948	-60.0361	
-11.0748	-60.1677	
-11.2002	-60.221	
-11.1684	-60.234	
-11.0074	-60.1203	
-11.0072	-59.8871	
-11.3463	-59.9258	
-11.2594	-60.0278	
-11.0946	-60.0403	
-10.8613	-59.9469	
-10.9561	-60.0402	
-11.4225	-59.8909	
-11.5161	-59.762	
-11.5099	-59.8087	
-11.3503	-59.8834	
-11.1631	-60.0704	
-11.0499	-59.953	
-11.0594	-60.0322	
-10.9546	-59.9788	
-10.9393	-59.9368	
-10.9586	-59.8491	
-11.2771	-59.816	
-11.5204	-59.6661	
-11.3716	-59.8437	
-11.0315	-60.0925	
-10.8453	-60.0444	
-11.007	-60.1356	
-10.9642	-60.1008	
-10.7934	-60.1216	
-10.6074	-59.9765	
-10.6289	-60.0652	
-10.8533	-60.1779	
-10.5781	-60.0068	
-10.7313	-59.9212	
-10.5413	-60.1784	
-10.4714	-59.884	
-10.1562	-59.765	
-9.92923	-59.8016	
-10.5744	-59.9716	
-10.8421	-59.9789	
-10.4452	-59.9229	
-10.1958	-59.8726	
-10.0457	-59.9547	
-9.90424	-59.8759	
-9.64458	-59.7961	
-9.78923	-59.6723	
-10.5354	-59.8762	
-10.2557	-59.8262	
-10.1949	-59.9189	
-10.035	-59.845	
-9.71141	-59.8093	
-9.99756	-59.8347	
-10.3145	-59.7535	
-10.0154	-60.0497	
-9.84985	-60.3083	
-9.97735	-60.2795	
-10.2049	-60.1262	
-10.4492	-60.1577	
-10.6555	-60.3954	
-10.3881	-60.2067	
-9.91153	-59.8838	
-9.63327	-59.7385	
-9.73926	-59.8197	
-10.1621	-59.9322	
-10.2066	-59.7152	
-10.1244	-59.8437	
-9.92558	-59.8699	
-10.3609	-59.8568	
-10.6549	-60.1348	
-10.4189	-60.1377	
-10.1148	-59.9333	
-10.1361	-59.8228	
-10.5666	-59.887	
-10.9405	-59.7639	
-10.9638	-59.6866	
-10.864	-59.7862	
-10.7235	-59.8765	
-10.9554	-59.7763	
-11.3119	-59.7967	
-11.2281	-59.8121	
-11.1865	-59.93	
-11.3237	-59.8925	
-11.5157	-59.9211	
-11.3442	-60.0691	
-11.2703	-60.2096	
-11.6916	-60.166	
-11.8526	-60.2251	
-11.7377	-59.9765	
-11.6575	-59.9175	
-11.5555	-59.9358	
-11.8909	-59.9709	
-11.6672	-59.969	
-11.5842	-60.1458	
-11.7541	-60.3008	
-12.1469	-60.4086	
-12.0928	-60.4027	
-12.1022	-60.0809	
-12.5192	-60.1442	
-12.9493	-60.4647	
-12.93	-60.3729	
-12.8946	-60.2965	
-12.8282	-60.3178	
-12.9843	-60.3326	
-12.4659	-60.3607	
-12.4289	-60.4007	
-12.3795	-60.3035	
-11.9851	-60.0199	
-12.1162	-59.907	
-12.3263	-59.8506	
-12.3873	-59.8174	
-12.3927	-59.8296	
-12.4159	-59.7473	
-12.2599	-59.532	
-12.2162	-59.6168	
-12.2496	-59.7424	
-11.9097	-60.0136	
-12.1429	-59.9182	
-12.1038	-59.9183	
-11.9942	-59.6982	
-12.4026	-59.6752	
-12.3342	-59.6211	
-12.2239	-59.6824	
-12.3194	-59.8657	
-12.3203	-59.8044	
-12.1208	-59.4387	
-12.3194	-59.483	
-12.4854	-59.554	
-11.9174	-59.6533	
-12.1175	-59.6783	
-12.0534	-59.7077	
-11.8926	-59.5072	
-12.0221	-59.5248	
-12.0167	-59.5548	
-11.6847	-59.4088	
-11.8783	-59.3989	
-12.1316	-59.638	
-11.9608	-59.5626	
-12.0474	-59.5882	
-11.9459	-59.5828	
-11.5571	-59.1769	
-11.9069	-59.1418	
-12.055	-59.5625	
-11.6076	-59.5521	
-11.7967	-59.7638	
-11.9341	-59.7962	
-11.6131	-59.7371	
-11.6854	-59.9112	
-12.0043	-59.7882	
-12.0581	-59.9585	
-11.9587	-59.9652	
-11.8878	-59.742	
-11.957	-59.6959	
-11.7672	-59.8462	
-11.5076	-59.8728	
-11.3717	-59.9028	
-11.4519	-59.8096	
-11.0625	-59.7356	
-11.1376	-59.7465	
-11.0981	-59.551	
-10.9942	-59.8152	
-10.9067	-60.0313	
-10.8372	-59.9639	
-10.6283	-59.9928	
-10.8149	-59.9168	
-11.0341	-59.992	
-11.368	-59.7631	
-11.7281	-59.7461	
-11.9096	-59.731	
-11.7919	-59.4921	
-11.8712	-59.1221	
-11.8588	-59.3119	
-11.9872	-59.2006	
-11.9239	-59.4263	
-11.9772	-59.1376	
-11.7581	-58.9718	
-11.9355	-58.5784	
-11.9209	-58.4775	
-11.8335	-58.3074	
-11.7252	-58.4951	
-11.8135	-58.6534	
-11.8563	-58.6064	
-12.0967	-58.6231	
-11.9357	-58.524	
-11.8484	-58.5547	
-11.671	-58.3631	
-11.5983	-58.1362	
-11.2481	-58.1744	
-11.2062	-58.0951	
-11.2644	-58.3414	
-11.392	-58.3371	
-11.5812	-58.2326	
-11.9879	-58.0762	
-11.685	-58.3417	
-11.6259	-58.2307	
-11.7358	-57.9419	
-11.9213	-57.7756	
-11.9426	-57.7928	
-11.725	-57.741	
-11.8242	-57.6162	
-12.084	-57.8689	
-12.1181	-57.9092	
-11.7988	-57.6247	
-11.5997	-57.9158	
-11.506	-58.0787	
-11.5737	-57.9447	
-11.3753	-57.9206	
-11.1895	-58.2115	
-11.2546	-58.2414	
-11.2568	-58.1597	
-11.0472	-58.0863	
-10.9804	-57.969	
-11.2085	-57.7157	
-11.2269	-57.676	
-11.3247	-57.5455	
-11.2351	-57.536	
-11.3672	-57.7553	
-11.3262	-57.8965	
-10.8843	-57.5737	
-10.7811	-57.2658	
-10.7404	-57.2914	
-11.034	-57.2635	
-10.8588	-57.082	
-10.9223	-57.218	
-10.9075	-57.0035	
-10.8879	-57.1984	
-10.9227	-56.9761	
-10.909	-56.9474	
-10.7018	-56.6677	
-10.6571	-56.6322	
-10.6939	-56.7997	
-10.4698	-56.7113	
-10.3831	-56.66	
-10.3537	-56.6276	
-10.132	-56.6778	
-10.1304	-56.6893	
-10.1171	-56.5871	
-10.1074	-56.5391	
-10.0714	-56.4278	
-10.1294	-56.4161	
-9.63227	-55.9495	
-9.31599	-55.9316	
-9.1027	-56.0092	
-8.99734	-55.9014	
-9.05201	-55.7407	
-8.94124	-55.7773	
-8.79691	-55.7106	
-8.71436	-55.7523	
-8.30279	-55.7228	
-8.22405	-55.7415	
-8.46269	-55.5481	
-8.46902	-55.6231	
-7.95462	-55.6194	
-7.81747	-55.6217	
-7.81764	-55.4765	
-7.76766	-55.3708	
-7.85081	-55.3743	
-7.96336	-55.4742	
-8.09649	-55.6989	
-8.21807	-55.6248	
-8.19068	-55.5852	
-7.96694	-55.8615	
-7.86273	-55.8531	
-7.97497	-56.2992	
-8.03519	-55.9757	
-8.39266	-55.908	
-8.40131	-55.8863	
-8.08831	-55.8388	
-8.06328	-55.8121	
-8.20942	-55.8001	
-8.30664	-56.0837	
-8.43305	-55.9102	
-8.48264	-56.0231	
-8.33454	-56.1785	
-8.4171	-56.0993	
-8.09784	-56.0432	
-8.07638	-56.1485	
-8.39767	-56.0311	
-8.81841	-56.0963	
-8.89694	-56.3263	
-8.87183	-56.5059	
-8.85159	-56.3605	
-9.08345	-56.5165	
-9.47395	-56.5934	
-9.61769	-56.392	
-10.0164	-56.3595	
-9.72277	-56.2191	
-9.20544	-56.2316	
-9.36111	-56.353	
-9.90717	-56.4966	
-10.1816	-56.3745	
-10.4589	-56.2047	
-10.4867	-56.3619	
-10.2847	-56.4836	
-10.3127	-56.6534	
-10.127	-56.5653	
-10.3027	-56.5372	
-10.245	-56.6225	
-10.4281	-56.4938	
-10.5428	-56.3177	
-10.513	-56.1783	
-10.4333	-56.2025	
-10.4632	-56.1594	
-11.0322	-56.3099	
-11.1814	-56.1015	
-11.0233	-55.9847	
-11.1847	-55.8061	
-11.3451	-55.727	
-11.2678	-55.9023	
-11.3018	-55.7707	
-11.0404	-55.9421	
-10.9805	-56.1037	
-11.1025	-56.1637	
-10.96	-56.1513	
-10.995	-55.9858	
-11.2339	-56.2344	
-11.01	-56.0379	
-11.0119	-56.1343	
-10.7868	-56.1458	
-10.357	-56.37	
-10.4327	-56.5247	
-10.745	-56.6206	
-10.7201	-56.9408	
-10.6858	-56.8556	
-10.537	-56.7836	
-10.406	-56.5624	
-10.8193	-56.5241	
-10.6047	-56.2891	
-10.6367	-56.0508	
-10.5828	-56.071	
-10.6074	-56.1912	
-10.7477	-56.2152	
-10.7619	-56.1032	
-10.4718	-56.0703	
-10.3565	-56.4767	
-10.2252	-56.4146	
-10.0422	-56.5606	
-9.91994	-56.4851	
-10.0484	-56.4227	
-9.92997	-56.4639	
-9.76973	-56.346	
-9.81743	-56.3078	
-9.95626	-56.5664	
-9.92676	-56.627	
-9.91953	-56.7277	
-9.89936	-56.6951	
-9.7269	-56.6734	
-9.70416	-56.4913	
-9.56895	-56.3839	
-9.85506	-56.3918	
-10.1599	-56.2719	
-10.0382	-56.2442	
-10.1241	-56.5699	
-10.1435	-56.5334	
-10.1691	-56.4653	
-10.2668	-56.3897	
-10.413	-56.733	
-10.5411	-56.7522	
-10.7713	-56.8477	
-10.5519	-56.7695	
-10.806	-56.8369	
-10.8166	-56.8096	
-10.8562	-56.7041	
-10.9473	-56.3582	
-11.0415	-56.2649	
-11.0105	-56.187	
-10.7149	-56.4734	
-11.0014	-56.4435	
-11.1053	-56.2554	
-11.2834	-56.2149	
-11.3438	-56.0374	
-11.2914	-55.995	
-11.3876	-55.9705	
-11.1025	-55.9688	
-11.1078	-56.0379	
-11.125	-55.9162	
-10.9005	-55.8382	
-10.751	-55.5654	
-10.7255	-55.9899	
-11.0798	-56.0362	
-10.8967	-55.842	
-10.5436	-56.0153	
-10.8557	-55.6872	
-10.5365	-55.5678	
-10.348	-55.6291	
-10.3803	-55.5077	
-10.5288	-55.5513	
-10.4488	-55.4813	
-10.336	-55.5318	
-10.2249	-55.6935	
-10.0553	-55.638	
-10.0194	-55.6249	
-9.61087	-55.5703	
-9.35681	-55.5412	
-9.31465	-55.5534	
-8.83641	-55.2627	
-8.80922	-55.437	
-8.90276	-55.1449	
-9.04385	-55.4404	
-9.07376	-55.6924	
-9.1171	-55.5285	
-8.97624	-55.5314	
-8.70369	-55.5942	
-8.81782	-55.5686	
-8.89761	-55.5084	
-9.06446	-55.6553	
-8.81528	-55.7215	
-8.78741	-55.9216	
-8.92526	-56.1708	
-9.03302	-56.1231	
-9.09382	-56.2491	
-9.21994	-56.276	
-9.37816	-56.3476	
-9.78676	-56.1427	
-10.0687	-56.3184	
-10.2017	-56.546	
-10.1595	-56.379	
-10.3309	-56.2092	
-10.3891	-56.3184	
-10.7892	-56.4669	
-10.8808	-56.7259	
-10.7827	-56.6612	
-10.7531	-56.5544	
-10.8187	-56.6473	
-10.831	-56.8389	
-11.1113	-56.7627	
-11.2517	-56.9177	
-11.1611	-56.8178	
-11.1475	-56.7883	
-11.3831	-57.0465	
-11.4137	-57.0297	
-11.2718	-56.9909	
-11.2507	-57.2272	
-11.2155	-57.2799	
-11.2845	-57.2748	
-11.3882	-57.2279	
-11.6596	-57.3555	
-11.4692	-57.3905	
-11.6943	-57.4349	
-11.7164	-57.5485	
-11.7719	-57.717	
-12.1561	-57.8398	
-12.3305	-57.6586	
-12.3028	-57.6882	
-12.1924	-57.6137	
-12.2159	-57.5311	
-12.007	-57.6823	
-11.9328	-57.7606	
-11.7196	-57.8428	
-11.7207	-57.8808	
-11.782	-58.012	
-11.6752	-58.0688	
-11.6418	-57.6717	
-11.6588	-57.7666	
-11.3205	-57.4327	
-11.144	-57.5665	
-10.99	-57.5374	
-11.0966	-57.5077	
-11.2375	-57.5569	
-11.0127	-57.7059	
-10.8983	-57.4074	
-10.4283	-57.3076	
-10.3378	-57.2799	
-10.7449	-57.1771	
-10.8965	-57.2498	
-10.8967	-57.4185	
-10.8651	-57.586	
-10.7358	-57.1817	
-10.8805	-57.1597	
-10.8909	-57.4766	
-10.8786	-57.5	
-10.9223	-57.8166	
-11.0086	-57.6516	
-11.078	-57.3473	
-11.0119	-57.2596	
-11.4757	-57.3972	
-11.5074	-57.304	
-11.3052	-57.3177	
-11.3437	-57.3677	
-11.2039	-57.2311	
-11.3668	-57.246	
-11.653	-57.2819	
-11.7002	-57.0873	
-11.8538	-56.9529	
-11.9091	-57.1168	
-11.8746	-57.0957	
-12.1609	-56.9341	
-12.0962	-56.9376	
-11.8182	-56.8664	
-11.9197	-57.0357	
-11.8486	-56.8206	
-12.0192	-56.9671	
-12.4658	-57.1226	
-12.5003	-57.1913	
-12.3839	-57.0897	
-12.2194	-56.6842	
-12.3056	-56.6342	
-12.0568	-56.8017	
-11.82	-56.5927	
-11.8639	-56.6194	
-11.6177	-56.6069	
-11.4987	-56.5758	
-11.1999	-56.6724	
-11.3295	-56.4911	
-11.3563	-56.2958	
-11.1174	-56.3693	
-11.0977	-56.4289	
-11.3949	-56.3933	
-11.4159	-56.3502	
-11.4214	-56.3599	
-11.3382	-56.2493	
-11.6773	-56.4609	
-11.6809	-56.4316	
-11.5907	-56.3348	
-11.9295	-56.1212	
-11.9127	-56.0812	
-11.9837	-56.0677	
-12.1442	-55.902	
-12.1374	-55.7526	
-12.206	-55.6505	
-11.9818	-55.6511	
-11.4824	-55.6179	
-11.1173	-55.5915	
-10.7274	-55.4421	
-10.7377	-55.3493	
-10.7189	-55.3521	
-10.6486	-55.3631	
-10.4784	-55.091	
-10.1125	-55.019	
-10.2873	-54.9915	
-10.4416	-54.9608	
-10.2454	-54.7913	
-10.293	-54.6662	
-10.3995	-54.7378	
-10.3199	-54.7238	
-10.0894	-54.664	
-10.0623	-54.5639	
-10.2022	-54.785	
-10.5522	-54.8306	
-10.7	-55.0515	
-10.7527	-55.0948	
-10.9461	-55.0926	
-10.8696	-54.8027	
-10.4133	-54.8363	
-10.38	-55.0011	
-10.4506	-54.8308	
-10.6306	-54.7502	
-10.7033	-55.0141	
-10.744	-54.9533	
-11.2814	-54.9684	
-11.3879	-55.1983	
-11.3344	-54.8889	
-11.6863	-54.9711	
-11.7267	-55.1539	
-11.862	-55.2496	
-12.1218	-55.1276	
-12.3031	-55.0882	
-12.2721	-55.1867	
-12.2986	-55.2255	
-12.2311	-55.1106	
-11.8915	-55.1642	
-11.8754	-55.2686	
-11.8255	-55.2418	
-11.5928	-55.3037	
-11.5095	-55.2683	
-11.2579	-55.5004	
-11.2663	-55.3898	
-11.3354	-55.4542	
-11.475	-55.3917	
-11.546	-55.3199	
-11.5874	-55.5088	
-11.4008	-55.4904	
-11.0903	-55.4649	
-10.88	-55.3399	
-10.8665	-55.4753	
-10.9167	-55.4071	
-10.8299	-55.2579	
-10.633	-55.2253	
-10.6512	-55.348	
-10.5678	-55.441	
-10.6516	-55.5357	
-10.6084	-55.6344	
-10.3899	-55.5939	
-10.403	-55.556	
-10.1272	-55.365	
-9.90109	-55.3606	
-9.83121	-55.3334	
-9.82243	-55.2927	
-9.53771	-55.3503	
-9.43015	-55.2908	
-9.24583	-55.1986	
-9.28034	-55.052	
-9.26974	-55.0783	
-9.15746	-55.0895	
-9.01142	-55.0572	
-9.23753	-55.4335	
-9.46618	-55.514	
-9.41544	-55.4316	
-8.98938	-55.164	
-9.1154	-55.1006	
-9.16232	-55.1166	
-9.26498	-55.2827	
-9.13382	-55.2661	
-8.80318	-55.2099	
-8.81029	-55.4454	
-8.78608	-55.302	
-8.78319	-55.1946	
-9.33011	-55.1634	
-9.6042	-55.0298	
-9.60609	-55.0902	
-9.86083	-55.0244	
-9.81045	-55.0254	
-9.78222	-55.0354	
-9.9144	-54.9697	
-10.2056	-55.1007	
-10.595	-55.2863	
-10.4136	-55.4135	
-10.3299	-55.2664	
-9.9451	-55.4975	
-10.0711	-55.3238	
-10.1963	-55.3385	
-10.6008	-55.3511	
-10.8825	-55.451	
-11.036	-55.029	
-10.9391	-55.0307	
-10.5692	-55.1466	
-10.3381	-55.0753	
-10.3624	-54.8677	
-10.4542	-54.8804	
-10.392	-55.0014	
-10.4734	-55.0529	
-10.4296	-55.1427	
-10.3488	-55.381	
-10.3043	-55.2754	
-10.1708	-55.1101	
-10.0508	-55.1276	
-10.0732	-54.9798	
-10.226	-55.1069	
-10.5244	-55.1586	
-10.6124	-55.1122	
-10.5178	-55.187	
-10.551	-55.3993	
-10.6235	-55.2437	
-10.7056	-54.9554	
-10.8822	-55.0163	
-11.0085	-55.0429	
-11.0898	-55.0622	
-11.1284	-55.1581	
-11.4252	-55.183	
-11.0428	-55.6056	
-10.9435	-55.3283	
-10.9196	-55.4944	
-11.1584	-55.551	
-10.9512	-55.1356	
-11.0374	-54.9674	
-11.1903	-55.0851	
-10.9984	-54.8673	
-10.9172	-55.0175	
-10.8846	-55.0431	
-10.9005	-54.8265	
-11.0328	-54.9377	
-10.9598	-54.7892	
-11.0115	-54.6481	
-11.5373	-54.6243	
-11.5923	-54.517	
-11.0662	-54.726	
-11.0314	-54.5253	
-11.0267	-54.4746	
-11.019	-54.4023	
-11.1739	-54.5839	
-11.2603	-54.5456	
-11.5585	-54.2935	
-11.0324	-54.2627	
-10.9492	-54.3745	
-10.9373	-54.2359	
-11.0888	-54.3475	
-11.2524	-54.2091	
-11.2674	-54.2477	
-11.4915	-54.2222	
-11.3428	-54.3537	
-11.118	-54.3433	
-10.9238	-54.1406	
-11.0124	-54.0428	
-11.1835	-54.0105	
-11.3475	-54.2883	
-11.4361	-54.238	
-11.7269	-54.0508	
-11.4697	-54.0344	
-11.3291	-53.9467	
-11.3683	-54.0409	
-11.5761	-54.0694	
-11.6807	-54.0935	
-11.8349	-54.2049	
-12.0988	-54.446	
-11.8827	-54.5174	
-11.746	-54.1689	
-11.6096	-54.2311	
-11.6324	-54.2451	
-11.5499	-54.2915	
-11.4682	-54.251	
-11.3397	-54.2115	
-11.1492	-54.174	
-10.9892	-54.1029	
-10.9093	-54.1328	
-10.9125	-54.2584	
-10.9821	-54.0952	
-10.7175	-54.1449	
-10.73	-54.1638	
-10.5965	-54.3974	
-10.6709	-54.4679	
-10.532	-54.2913	
-10.4715	-54.123	
-10.347	-54.3435	
-10.2316	-54.4452	
-10.2575	-54.536	
-10.04	-54.5711	
-9.90624	-54.3729	
-10.0753	-54.3962	
-10.1463	-54.3784	
-10.2902	-54.4114	
-10.4557	-54.4009	
-10.4356	-54.3869	
-10.42	-54.3711	
-10.4112	-54.3811	
-10.3549	-54.3789	
-10.3135	-54.6362	
-10.2333	-54.7029	
-10.0879	-54.7643	
-10.0376	-54.9503	
-10.2555	-55.1608	
-10.3745	-55.2214	
-10.4989	-55.0868	
-10.6421	-55.0705	
-10.6965	-55.0141	
-10.762	-54.8455	
-10.819	-54.7933	
-10.801	-54.8263	
-10.6402	-54.9208	
-10.4223	-55.0074	
-10.545	-55.1394	
-10.6546	-55.0209	
-10.464	-55.0831	
-10.3699	-55.1085	
-10.5109	-55.2597	
-10.4437	-55.2695	
-10.3385	-55.3725	
-10.0767	-55.3969	
-10.0204	-55.3795	
-10.1337	-55.4993	
-10.1625	-55.6213	
-10.1626	-55.6485	
-10.1526	-55.8292	
-10.022	-55.9643	
-9.91178	-55.9919	
-10.1813	-55.6506	
-10.2349	-55.6464	
-10.0693	-55.7128	
-10.0883	-55.6959	
-10.0311	-55.7441	
-10.1808	-55.808	
-10.1556	-55.8903	
-10.0184	-55.9878	
-10.1365	-55.946	
-10.3884	-55.8438	
-10.3932	-55.9015	
-10.4119	-55.8675	
-10.4052	-55.7902	
-10.3605	-55.9286	
-10.2798	-56.0117	
-10.2305	-55.9144	
-10.2689	-55.9103	
-10.3667	-55.9481	
-10.6069	-55.8879	
-10.4573	-55.7039	
-10.2645	-55.9567	
-10.4124	-56.0785	
-10.7701	-55.7273	
-10.8087	-55.6701	
-10.8805	-55.6215	
-10.9898	-55.6458	
-10.9842	-55.7978	
-11.0085	-55.8202	
-10.6997	-55.8668	
-11.0423	-55.9278	
-10.7114	-55.8031	
-10.609	-55.7088	
-10.2618	-55.7222	
-10.5786	-55.7896	
-10.5128	-55.7009	
-10.6943	-55.6037	
-10.7454	-55.5029	
-10.909	-55.4737	
-11.0407	-55.5226	
-11.148	-55.5685	
-11.3289	-55.6793	
-11.5106	-55.7687	
-11.6429	-55.6083	
-11.8281	-55.5848	
-11.8123	-55.5558	
-11.8768	-55.6382	
-11.8209	-55.7083	
-11.6178	-55.9039	
-11.6573	-55.9927	
-11.6385	-55.9967	
-11.7286	-55.9883	
-11.8566	-55.7404	
-12.1389	-55.776	
-12.3174	-55.7643	
-12.3939	-55.757	
-12.4458	-55.8519	
-12.5308	-55.8689	
-12.6719	-55.8134	
-12.7926	-55.985	
-12.9001	-56.0016	
-13.1359	-55.9327	
-13.1175	-55.8547	
-13.152	-55.9689	
-13.6358	-56.1468	
-13.5764	-55.985	
-13.4847	-55.8421	
-13.3839	-55.7516	
-13.3306	-56.0925	
-13.4643	-56.1425	
-13.7086	-56.0121	
-13.4536	-55.8411	
-13.6427	-55.9199	
-13.5258	-55.964	
-13.27	-56.162	
-13.2687	-56.0415	
-13.3234	-56.0863	
-13.3427	-55.8686	
-13.7325	-55.615	
-13.8861	-55.6515	
-13.8265	-55.5818	
-13.8092	-55.6318	
-13.6395	-55.6134	
-13.4843	-55.5917	
-13.4713	-55.5444	
-13.1078	-55.3894	
-13.0456	-55.5544	
-13.1447	-55.4568	
-13.1276	-55.5206	
-13.2322	-55.3902	
-13.1753	-55.0771	
-13.0501	-55.0081	
-13.2463	-55.0561	
-13.2788	-54.9329	
-13.2523	-55.0362	
-13.0866	-55.1229	
-13.4306	-55.0428	
-13.2412	-54.9586	
-13.1867	-54.938	
-13.0087	-54.7447	
-12.8861	-54.8472	
-12.8645	-54.8171	
-12.5679	-54.8832	
-12.5252	-54.8654	
-12.641	-54.9409	
-12.5328	-55.0919	
-12.3256	-55.2522	
-12.2307	-55.1491	
-12.2835	-55.2426	
-12.2814	-55.0726	
-12.314	-54.9553	
-12.3158	-54.8777	
-12.2696	-54.8367	
-12.2174	-54.7757	
-12.0749	-54.7883	
-12.0488	-54.9217	
-11.9714	-54.9521	
-12.0385	-55.0086	
-12.0166	-54.9976	
-11.9976	-54.9163	
-11.9116	-55.0444	
-11.8891	-55.0534	
-11.9904	-55.0862	
-12.0433	-54.9941	
-11.8182	-55.1603	
-11.5974	-55.1998	
-11.7868	-55.3247	
-11.8582	-55.2909	
-11.629	-55.1942	
-11.6981	-55.1864	
-11.6967	-54.8026	
-11.6239	-54.9627	
-11.4839	-55.2748	
-11.5338	-55.2842	
-11.8157	-55.3326	
-11.7349	-55.2952	
-11.8909	-55.1231	
-11.7049	-55.2939	
-11.4491	-55.3483	
-11.422	-55.59	
-11.3691	-55.3956	
-11.5872	-55.4231	
-11.6175	-55.4607	
-11.3526	-55.4086	
-11.252	-55.2497	
-11.052	-55.1563	
-11.2034	-55.085	
-11.4226	-55.1024	
-11.5636	-55.2112	
-11.67	-55.2674	
-11.7319	-55.4505	
-11.5741	-55.6331	
-11.5301	-55.4747	
-11.4805	-55.5605	
-11.5411	-55.4385	
-11.7324	-55.2923	
-11.7976	-55.3085	
-11.8009	-55.293	
-11.7485	-55.1002	
-11.8285	-55.0752	
-11.6748	-55.0497	
-11.564	-54.8826	
-11.5243	-54.809	
-11.5299	-54.8056	
-11.8042	-55.0253	
-11.9746	-54.7664	
-11.9462	-54.7579	
-11.8899	-54.8755	
-12.0941	-54.7166	
-12.0958	-54.613	
-12.2014	-54.5102	
-12.0929	-54.569	
-12.0959	-54.681	
-12.1477	-54.6859	
-12.2913	-54.6679	
-12.248	-54.5219	
-12.5822	-54.6595	
-12.8104	-54.6536	
-12.8191	-54.5861	
-13.1663	-54.5821	
-13.3272	-54.4607	
-13.3504	-54.4166	
-13.2497	-54.431	
-13.3316	-54.4392	
-13.3647	-54.1565	
-13.1202	-54.0051	
-13.2634	-54.0298	
-13.2062	-54.1976	
-13.267	-54.1977	
-13.2326	-54.1703	
-13.375	-54.1626	
-13.3147	-54.332	
-13.3408	-54.2663	
-13.3057	-54.1756	
-13.31	-54.3244	
-13.1766	-54.3312	
-13.2902	-54.284	
-13.4291	-54.165	
-13.5008	-54.0963	
-13.4519	-54.6031	
-13.5731	-54.6092	
-13.6059	-54.4911	
-13.6002	-54.4101	
-13.6431	-54.4203	
-13.6688	-54.5534	
-13.8551	-54.4744	
-13.8366	-54.6352	
-13.7926	-54.6197	
-13.8774	-54.5652	
-13.8868	-54.9187	
-13.9175	-54.6624	
-13.7729	-54.6979	
-13.636	-54.8425	
-13.8027	-54.8238	
-13.5435	-54.8985	
-13.6416	-54.7905	
-13.7274	-54.8597	
-13.9381	-54.9677	
-13.9319	-55.0804	
-13.7865	-55.1463	
-13.7233	-55.1781	
-13.8024	-55.1217	
-13.478	-55.2098	
-13.4939	-55.1761	
-13.5405	-55.0448	
-13.4884	-55.2601	
-13.5654	-55.313	
-13.5046	-55.4152	
-13.5146	-55.5948	
-13.3668	-55.8555	
-13.3489	-55.8636	
-13.1093	-55.9397	
-12.9583	-56.147	
-13.0503	-56.1359	
-13.0739	-56.2345	
-13.0309	-56.5301	
-13.3122	-56.6746	
-13.2729	-56.7563	
-13.0992	-56.9722	
-13.2664	-57.2458	
-13.1816	-57.323	
-13.2241	-57.2353	
-13.0008	-57.2992	
-12.9433	-57.1388	
-12.9131	-57.1302	
-12.9632	-57.1399	
-13.2775	-57.1278	
-13.1826	-57.1631	
-13.1667	-57.1626	
-13.2174	-56.9815	
-13.1705	-57.1617	
-13.1397	-57.0668	
-12.7978	-57.0128	
-12.751	-57.0986	
-12.7258	-57.0299	
-12.918	-56.8248	
-12.5186	-56.9874	
-12.394	-56.9407	
-12.3287	-56.7061	
-12.36	-56.7838	
-12.6785	-56.8445	
-12.8465	-56.7936	
-12.7901	-56.5529	
-12.7611	-56.3549	
-12.798	-56.1499	
-13.0682	-56.2395	
-12.9042	-56.3275	
-12.7634	-56.4393	
-12.5855	-56.396	
-12.5874	-56.2859	
-12.5787	-56.1584	
-12.6881	-56.1847	
-12.8054	-56.0653	
-12.6967	-56.0168	
-12.3967	-55.8617	
-12.2047	-55.906	
-11.9359	-55.7191	
-11.8946	-55.5628	
-11.8251	-55.3998	
-11.6507	-55.3176	
-11.4742	-55.1465	
-11.2455	-55.1367	
-11.1965	-55.1046	
-10.9985	-55.2477	
-10.9323	-55.3007	
-10.745	-55.4831	
-10.4481	-55.2821	
-10.5927	-55.1763	
-10.6218	-55.4133	
-10.6397	-55.3312	
-10.6523	-55.6163	
-10.6246	-55.8339	
-10.6521	-55.9238	
-10.7013	-56.0545	
-10.7265	-56.0486	
-10.6912	-56.2233	
-10.6406	-56.4598	
-10.5539	-56.581	
-10.6253	-56.7675	
-10.3434	-57.0893	
-9.95225	-57.2695	
-9.69678	-57.5583	
-9.76323	-57.7907	
-9.71394	-57.6936	
-9.719	-57.6243	
-9.41346	-57.6523	
-9.30268	-57.5935	
-9.27746	-57.5773	
-9.2692	-57.4735	
-9.12343	-57.4297	
-9.06768	-57.4871	
-8.83826	-57.4217	
-8.94836	-57.4142	
-9.06977	-57.4232	
-8.95031	-57.4617	
-8.8741	-57.304	
-8.94078	-57.3985	
-8.87542	-57.4213	
-9.13919	-57.2707	
-9.3233	-57.2185	
-9.44218	-57.3258	
-9.60551	-57.3799	
-9.40492	-57.3778	
-9.97935	-57.3501	
-9.86749	-57.34	
-9.70658	-57.1438	
-9.82973	-56.9625	
-9.78375	-56.7566	
-9.83618	-56.5184	
-9.45087	-56.4596	
-9.4935	-56.4029	
-9.44104	-56.0667	
-9.02577	-56.0202	
-8.87898	-55.8999	
-8.94359	-55.7969	
-8.91717	-55.7394	
-9.16169	-55.7458	
-8.95292	-55.5934	
-8.91694	-55.5667	
-8.52944	-55.5275	
-8.54246	-55.3429	
-8.63263	-55.302	
-8.60681	-55.3215	
-8.54509	-55.3529	
-8.54209	-55.6105	
-8.11241	-55.5946	
-7.99474	-55.496	
-8.0565	-55.2904	
-7.89048	-55.077	
-7.65342	-54.7076	
-7.79466	-54.3744	
-7.98822	-54.2658	
-8.01784	-54.4272	
-7.63413	-54.3998	
-7.62227	-54.3611	
-7.31301	-54.3892	
-6.99118	-54.4594	
-6.46153	-54.246	
-6.56508	-54.1056	
-6.52746	-54.1247	
-6.2602	-54.3728	
-6.20661	-54.3939	
-6.09965	-54.4046	
-5.90053	-54.3404	
-6.02007	-54.2844	
-5.79473	-54.3967	
-5.77301	-54.4679	
-5.9349	-55.0291	
-6.08509	-55.3217	
-6.22863	-55.2943	
-6.34748	-55.227	
-6.41987	-55.4879	
-6.39534	-55.5811	
-6.47913	-55.5216	
-6.7985	-55.2568	
-6.84683	-55.1023	
-7.01671	-55.068	
-6.71663	-55.1297	
-6.94718	-55.0167	
-6.99489	-54.9842	
-6.88244	-54.934	
-6.84528	-54.7914	
-6.73996	-54.822	
-6.57933	-54.8079	
-6.50469	-54.9004	
-6.72395	-54.8983	
-7.07049	-54.9026	
-7.07986	-54.8105	
-7.14986	-54.8435	
-7.08144	-54.8749	
-6.47044	-54.8784	
-6.23485	-54.9699	
-5.75897	-55.0282	
-5.17262	-55.0495	
-4.85394	-54.9033	
-4.46323	-54.7501	
-4.06116	-54.8784	
-3.89831	-54.7857	
-3.69602	-54.5779	
-3.49371	-54.4168	
-3.20158	-54.3348	
-2.65792	-54.3337	
-2.48954	-54.1868	
-2.12215	-53.7688	
-1.93805	-53.6052	
-1.48625	-53.501	
-1.09085	-53.2915	
-0.486772	-53.0159	
-0.129898	-52.9768	
0.645329	-52.7561	
1.17141	-52.4416	
1.3045	-52.326	
1.72433	-52.0928	
2.16272	-52.0898	
2.34208	-52.1459	
2.63095	-51.9638	
3.01458	-51.8096	
3.12348	-51.4693	
3.35797	-51.3404	
3.38603	-51.3831	
3.486	-51.2446	
3.74507	-51.0099	
3.86456	-50.8322	
4.04768	-50.636	
4.30477	-50.47	
4.29774	-50.3822	
4.43638	-50.1977	
4.51616	-50.2251	
4.44121	-49.9509	
4.40218	-49.8457	
4.5176	-49.775	
4.56646	-49.6888	
4.76734	-49.4102	
4.93137	-49.3461	
5.12713	-49.2934	
5.06822	-49.2573	
5.09664	-49.1168	
5.1142	-49.0246	
5.13117	-49.1493	
4.9266	-49.2517	
4.67267	-49.4113	
4.44894	-49.24	
3.98265	-49.2576	
3.47481	-49.3014	
3.39174	-49.6652	
3.37094	-49.5595	
3.44555	-49.3014	
3.17376	-49.356	
3.09735	-49.3989	
3.3943	-49.358	
3.72963	-49.5135	
4.05648	-49.4516	
4.7306	-49.4323	
5.27132	-49.4808	
5.53681	-49.5088	
5.67537	-49.3263	
5.85902	-49.2167	
5.82967	-49.3164	
5.85107	-49.5032	
5.77717	-49.5881	
5.71838	-49.7829	
5.61171	-49.9628	
5.53044	-49.9841	
5.73273	-50.0428	
5.87584	-50.2323	
5.78114	-50.2026	
5.87041	-50.0818	
5.57895	-50.4755	
5.2622	-50.6404	
5.21924	-50.7682	
5.17728	-50.9964	
5.39125	-50.9813	
5.5545	-50.9978	
5.39817	-51.2321	
5.25926	-51.3367	
5.10834	-51.4695	
5.0699	-51.4669	
4.84666	-51.5175	
4.80837	-51.6252	
4.65245	-51.9371	
4.6085	-52.0644	
4.42384	-52.072	
3.91822	-52.2758	
3.71606	-52.4532	
3.43554	-52.39	
3.16429	-52.5739	
2.9393	-52.6629	
2.70258	-52.9624	
2.34229	-53.2548	
2.23564	-53.3262	
2.11905	-53.6238	
1.77261	-54.0698	
1.63348	-54.146	
1.53216	-54.4168	
1.33641	-54.6106	
1.27357	-54.6653	
1.27619	-54.923	
1.12504	-55.1352	
0.964951	-55.3504	
0.825986	-55.6201	
0.879381	-55.9209	
0.94183	-56.058	
0.822448	-56.4216	
0.547833	-56.9553	
0.491326	-57.3625	
0.608581	-57.5663	
0.613611	-57.7836	
0.597127	-57.9072	
0.652621	-58.2581	
0.57146	-58.6998	
0.468597	-59.1565	
0.30365	-59.523	
0.323087	-60.064	
0.293207	-60.5764	
0.440682	-61.0025	
0.613263	-61.5318	
0.76277	-61.9669	
0.950398	-62.3303	
1.06211	-62.7381	
0.94678	-63.0524	
0.823365	-63.3852	
0.845151	-64.0779	
0.763571	-64.6981	
0.693437	-65.0002	
0.822341	-65.4452	
0.898724	-65.7714	
0.841458	-65.9672	
0.705036	-66.3492	
0.829646	-66.5317	
1.04166	-66.6855	
1.10866	-66.912	
1.1274	-67.0657	
1.02253	-67.3745	
0.837919	-67.5329	
0.797201	-67.8064	
0.651377	-68.0008	
0.745559	-68.236	
0.815086	-68.4579	
0.707442	-68.5117	
0.434391	-68.7252	
0.339041	-68.9502	
0.122557	-68.9705	
-0.0157737	-69.1367	
-0.0827332	-69.3694	
-0.303835	-69.4442	
-0.250701	-69.5799	
-0.259689	-69.57	
-0.333469	-69.6362	
-0.360688	-69.6083	
-0.340012	-69.5295	
-0.550475	-69.5881	
-0.602124	-69.4917	
-0.606936	-69.5256	
-0.648539	-69.5166	
-0.352418	-69.4372	
-0.116804	-69.51	
-0.198386	-69.4389	
-0.168959	-69.4228	
-0.166827	-69.2851	
-0.302313	-69.0953	
-0.291575	-69.0883	
-0.356882	-68.9583	
-0.413914	-68.8083	
-0.472644	-68.7009	
-0.462402	-68.5903	
-0.309405	-68.4481	
-0.0910556	-68.2581	
0.0739157	-68.2361	
0.197105	-68.1905	
0.160713	-67.9896	
0.155945	-67.8731	
0.276723	-67.7541	
0.498969	-67.6324	
0.761652	-67.4132	
1.00403	-67.345	
1.2251	-67.1935	
1.47932	-66.8624	
1.94841	-66.8289	
2.57341	-66.69	
2.88185	-66.6795	
3.07082	-66.6801	
3.13518	-66.6076	
3.30931	-66.5357	
3.59608	-66.2696	
3.69625	-66.0165	
4.05045	-65.6314	
4.24542	-65.4563	
4.34932	-65.3157	
4.2592	-65.0677	
4.12354	-64.8048	
4.01937	-64.7341	
4.13238	-64.5956	
4.20547	-64.4548	
4.26112	-64.2007	
4.4486	-63.8856	
4.59605	-63.7087	
4.59297	-63.6233	
4.49763	-63.4369	
4.7217	-63.083	
4.99319	-62.8772	
5.07939	-62.7794	
5.1692	-62.6663	
5.02703	-62.4892	
4.84547	-62.2298	
4.7841	-62.0633	
4.8248	-61.9264	
4.98543	-61.7118	
5.09199	-61.5181	
5.34934	-61.4318	
5.48637	-61.3366	
5.30188	-61.2136	
5.25272	-61.2745	
5.33115	-61.2671	
5.41243	-61.2441	
5.66518	-61.051	
5.69005	-60.9368	
5.4494	-60.8537	
5.10299	-60.8961	
4.82318	-60.9579	
4.50806	-61.0864	
4.43261	-61.0102	
3.99108	-61.2518	
3.773	-61.2334	
3.84559	-61.3467	
3.87333	-61.3727	
3.89473	-61.4531	
3.81872	-61.5292	
3.57883	-61.6726	
3.48476	-61.6685	
3.38589	-61.7234	
3.0944	-61.8313	
2.73301	-61.8939	
2.47192	-62.0818	
2.53056	-62.216	
2.75992	-62.518	
2.79073	-62.7057	
2.63118	-62.8014	
2.53553	-62.9595	
2.57078	-63.146	
2.69856	-63.2093	
2.95232	-63.4613	
3.03424	-63.6415	
3.24624	-63.8775	
3.41156	-64.1592	
3.49137	-64.3372	
3.49137	-64.5208	
3.06727	-64.8717	
2.67047	-65.0593	
2.47462	-65.141	
2.22155	-65.2907	
1.97794	-65.4791	
1.82017	-65.6629	
1.60143	-65.7764	
1.53251	-65.9407	
1.28037	-66.0677	
0.984905	-66.3501	
0.994539	-66.3882	
0.661112	-66.641	
0.470293	-66.6954	
0.348557	-66.7665	
0.210442	-66.7763	
-0.0140629	-66.7913	
-0.118314	-66.907	
-0.167197	-66.9738	
-0.291114	-67.0472	
-0.47897	-67.2509	
-0.535594	-67.4978	
-0.529376	-67.7904	
-0.530675	-67.9445	
-0.565148	-68.3526	
-0.387602	-68.6258	
-0.369981	-68.876	
-0.191666	-69.0993	
0.0785448	-69.3266	
0.202634	-69.5407	
0.415108	-69.9247	
0.844576	-70.3896	
0.971538	-70.7666	
1.22735	-71.1371	
1.51407	-71.4816	
1.66458	-71.6669	
1.80043	-71.8325	
1.81111	-72.1572	
2.00764	-72.3577	
1.73614	-72.6248	
1.59548	-72.7433	
1.40273	-73.0466	
1.15257	-73.3572	
0.988835	-73.5817	
0.948398	-73.8026	
0.665034	-74.1445	
0.586856	-74.1689	
0.63373	-74.0812	
0.480513	-74.2396	
0.344032	-74.4793	
0.247841	-74.6055	
0.235167	-74.5732	
-0.0290784	-74.554	
-0.0491972	-74.6126	
-0.00306972	-74.5328	
-0.192981	-74.4823	
-0.307948	-74.3481	
-0.336705	-74.2935	
-0.585273	-74.1116	
-0.708508	-73.9666	
-0.86009	-73.9233	
-1.19975	-73.9315	
-1.33246	-73.7569	
-1.39821	-73.5585	
-1.50761	-73.3551	
-1.59144	-73.036	
-1.76967	-72.8478	
-2.0379	-72.6768	
-2.4029	-72.3846	
-2.78486	-72.255	
-2.93058	-72.1696	
-3.32242	-71.7225	
-3.46976	-71.3092	
-3.27221	-70.9518	
-3.28008	-70.7302	
-3.12001	-70.4986	
-2.99669	-70.1742	
-2.87535	-69.8694	
-2.89955	-69.7028	
-2.55312	-69.4838	
-2.3991	-69.3537	
-2.17094	-69.0064	
-1.98017	-68.684	
-1.92765	-68.3199	
-2.08025	-68.0103	
-1.93705	-67.7447	
-1.92481	-67.4761	
-1.95359	-67.1191	
-1.86197	-66.6392	
-1.85559	-66.2861	
-1.91636	-66.0075	
-1.86909	-65.7184	
-1.87735	-65.6537	
-2.05675	-65.4513	
-2.30932	-65.3405	
-2.60704	-65.2043	
-2.7415	-65.1838	
-2.7662	-65.0299	
-2.77358	-64.9241	
-2.88254	-64.7141	
-2.68975	-64.4647	
-2.32762	-64.1629	
-2.15816	-64.1743	
-1.99761	-64.2634	
-1.97367	-64.1602	
-1.98165	-64.1286	
-1.64253	-64.1604	
-1.57633	-64.1021	
-1.28627	-63.926	
-1.03759	-63.9444	
-0.991152	-63.8344	
-1.0529	-63.7486	
-0.960729	-63.6162	
-0.966542	-63.5069	
-1.04252	-63.5174	
-1.08115	-63.4348	
-1.01768	-63.489	
-1.04966	-63.4547	
-1.22117	-63.4991	
-1.11456	-63.4472	
-1.25933	-63.4754	
-1.66722	-63.4653	
-2.04922	-63.6512	
-2.25348	-63.5577	
-2.35971	-63.6371	
-2.58691	-63.7125	
-2.77267	-63.816	
-2.97368	-63.8887	
-2.97891	-63.8609	
-2.99152	-63.9357	
-2.97273	-63.9321	
-3.1852	-63.9824	
-3.19706	-64.0634	
-3.08622	-63.9794	
-2.76992	-63.8158	
-2.61736	-63.6632	
-2.43232	-63.5195	
-2.34168	-63.6905	
-2.10445	-63.9006	
-1.99794	-64.0349	
-1.78943	-64.3229	
-1.43991	-64.3649	
-0.883993	-64.5272	
-0.700963	-64.6766	
-0.443324	-64.861	
-0.268633	-64.9894	
-0.34004	-65.035	
-0.178893	-65.1814	
-0.289073	-65.2677	
-0.476348	-65.5294	
-0.472098	-65.7042	
-0.464349	-65.7341	
-0.506636	-65.9873	
-0.4291	-66.1706	
-0.25544	-66.3413	
-0.359869	-66.5678	
-0.606787	-66.7408	
-0.516552	-66.91	
-0.474724	-66.9974	
-0.484733	-67.0431	
-0.182676	-66.9151	
-0.200389	-66.949	
-0.186473	-67.0933	
-0.133373	-67.2112	
0.00800711	-67.3892	
0.154978	-67.6577	
0.211183	-67.7612	
0.18461	-68.0397	
0.228809	-68.0546	
0.216198	-68.2778	
0.0653016	-68.429	
-0.0867963	-68.4837	
-0.285637	-68.6488	
-0.397065	-68.8158	
-0.493462	-69.0691	
-0.323343	-69.3486	
-0.14741	-69.6155	
-0.0959439	-69.7474	
0.0605221	-69.9842	
0.18679	-70.2549	
0.134962	-70.3687	
0.180539	-70.388	
0.176786	-70.3062	
0.29612	-70.3	
0.330432	-70.3734	
0.31714	-70.5117	
0.328897	-70.6487	
0.352348	-70.6926	
0.445858	-70.6863	
0.641011	-70.789	
0.617154	-70.819	
0.791639	-70.8572	
0.899825	-70.9933	
1.07352	-70.9563	
1.21287	-71.1124	
1.3146	-71.1057	
1.60396	-71.0675	
1.61467	-71.0944	
1.68581	-71.1203	
1.73261	-71.0451	
1.84781	-71.0608	
1.90329	-71.0035	
1.85746	-70.7453	
2.07733	-70.4529	
2.11269	-70.3615	
1.96583	-70.3078	
1.94927	-70.1653	
1.81401	-70.0934	
1.84613	-69.9894	
1.85821	-69.9773	
1.87661	-69.7773	
1.96637	-69.4146	
1.99112	-69.1463	
1.96311	-68.8548	
2.10919	-68.6777	
2.16679	-68.5728	
2.19438	-68.313	
2.3591	-68.1485	
2.45459	-67.9582	
2.58642	-67.7154	
2.60913	-67.4499	
2.76808	-67.3212	
2.90833	-67.0478	
3.19772	-66.8697	
3.27493	-66.6388	
3.53329	-66.4346	
3.72387	-66.1916	
3.8608	-65.8784	
4.00277	-65.7195	
4.08465	-65.5793	
4.04577	-65.4885	
4.03251	-65.4645	
4.11077	-65.1909	
4.05689	-64.9486	
3.85149	-64.7842	
3.67152	-64.6178	
3.48988	-64.3475	
3.44674	-64.3673	
3.10138	-64.3339	
2.94695	-64.152	
2.83011	-64.0592	
2.70889	-64.0673	
2.71809	-64.0645	
2.61811	-64.0029	
2.27655	-63.7899	
1.97862	-63.8548	
1.95309	-63.9247	
1.9911	-63.7542	
1.90453	-63.7098	
1.82326	-63.7563	
1.8373	-63.7549	
1.96738	-63.7469	
2.23587	-63.66	
2.27366	-63.6283	
2.41321	-63.68	
2.34687	-63.6748	
2.34579	-63.7816	
2.59646	-63.8202	
2.68975	-63.8306	
2.61349	-63.6756	
2.53469	-63.5826	
2.55551	-63.6482	
2.59853	-63.7051	
2.56808	-63.7913	
2.46167	-63.8545	
2.48237	-63.9033	
2.53538	-63.9179	
2.64074	-63.8747	
2.61396	-63.8771	
2.66185	-63.8877	
2.78431	-64.0276	
2.77065	-63.9828	
2.75873	-64.02	
2.84044	-64.0148	
2.83566	-64.0057	
2.88505	-64.0498	
2.95682	-64.2806	
3.03288	-64.3557	
3.0937	-64.4277	
3.06437	-64.4924	
2.9279	-64.6737	
2.78597	-64.8291	
2.7127	-64.9272	
2.66432	-65.0571	
2.66802	-65.1283	
2.60137	-65.1992	
2.53903	-65.4033	
2.66106	-65.7279	
2.61862	-65.9472	
2.30259	-66.3114	
2.09264	-66.4255	
1.91793	-66.6934	
1.8043	-66.9856	
1.45087	-67.1626	
1.2404	-67.316	
1.3181	-67.4007	
1.3478	-67.6246	
1.27239	-67.8055	
1.12634	-67.8931	
0.908781	-68.1643	
0.789616	-68.5181	
0.766716	-68.7059	
0.616288	-68.7896	
0.366936	-69.0078	
0.354982	-69.147	
0.385569	-69.2433	
0.446201	-69.3093	
0.218874	-69.5528	
0.0558076	-69.5563	
-0.168237	-69.7747	
-0.496692	-70.0071	
-0.336255	-70.2192	
-0.145125	-70.2719	
-0.212858	-70.3679	
-0.202464	-70.2087	
0.115746	-70.2752	
0.227344	-70.4967	
-0.0287851	-70.6237	
-0.117434	-70.6504	
-0.110511	-70.6366	
-0.223002	-70.5752	
-0.321963	-70.4894	
-0.101603	-70.4267	
-0.183481	-70.4254	
0.040531	-70.3575	
0.204391	-70.2736	
0.134105	-70.2962	
0.0173665	-70.3312	
-0.0303757	-70.3257	
0.0819301	-70.3094	
0.0161977	-70.2513	
-0.0819081	-70.1751	
-0.159703	-70.028	
-0.0280217	-69.9631	
0.00101579	-69.8982	
0.155051	-69.8308	
0.188523	-69.861	
0.0810343	-69.9332	
0.507515	-69.7685	
0.493337	-69.6639	
0.277341	-69.6283	
0.244259	-69.4599	
0.569708	-69.3365	
0.815872	-69.1677	
0.719796	-69.1021	
0.66733	-69.0403	
0.635949	-68.8122	
0.769011	-68.4616	
0.938173	-68.3122	
0.949358	-68.0861	
1.05521	-67.8134	
0.990158	-67.6755	
1.15247	-67.57	
1.1798	-67.4416	
1.14986	-67.3172	
1.3272	-67.0661	
1.61526	-66.7782	
1.67538	-66.7173	
1.56058	-66.6828	
1.39199	-66.6618	
1.30627	-66.4594	
1.16973	-66.2451	
1.08557	-66.1476	
0.929902	-66.0784	
0.620976	-65.9487	
0.688777	-65.8555	
0.623573	-65.8697	
0.67183	-65.8467	
0.754559	-65.8185	
0.973066	-65.6245	
0.986512	-65.5424	
0.974719	-65.4624	
1.24007	-65.386	
1.3156	-65.3223	
1.46218	-65.2525	
1.57338	-65.2828	
1.54138	-65.4084	
1.37234	-65.4231	
1.18358	-65.4039	
1.03191	-65.4989	
0.951076	-65.597	
0.953522	-65.849	
1.29518	-65.951	
1.4919	-66.1797	
1.61618	-66.104	
1.99742	-66.1573	
2.36929	-66.3077	
2.64434	-66.352	
3.11042	-66.4767	
3.50132	-66.4848	
3.86032	-66.527	
4.09418	-66.5548	
4.30584	-66.5326	
4.48937	-66.4241	
4.56132	-66.25	
4.94496	-66.273	
5.09601	-66.168	
5.10028	-66.2659	
5.25693	-66.26	
5.20625	-66.0919	
5.22982	-66.0923	
5.05363	-65.9238	
4.91317	-65.8196	
4.94613	-65.67	
4.79756	-65.7238	
4.77786	-65.7086	
4.6724	-65.7555	
4.4622	-65.7069	
4.47572	-65.6933	
4.68383	-65.7791	
4.86857	-65.824	
4.68284	-65.8065	
4.85775	-65.8086	
4.89393	-65.8418	
4.76319	-65.9817	
4.91827	-66.0074	
4.90155	-66.0964	
4.9517	-66.129	
5.28258	-66.033	
5.4868	-66.1904	
5.75658	-66.3216	
6.00322	-66.4687	
6.35385	-66.75	
6.66081	-66.8662	
7.15681	-67.0516	
7.75667	-67.2267	
8.34352	-67.3567	
8.92504	-67.5012	
9.52812	-67.624	
10.2754	-67.7927	
10.4973	-67.92	
10.5496	-67.9461	
10.5645	-68.0547	
10.548	-68.1211	
10.8366	-68.1598	
10.5122	-67.9314	
10.2572	-67.7549	
10.0366	-67.4546	
9.7217	-67.2982	
9.35393	-67.0955	
8.90263	-66.941	
8.40429	-66.8697	
7.5092	-66.7392	
6.43653	-66.6545	
5.27405	-66.6772	
3.76247	-66.9362	
2.67853	-67.3286	
1.2409	-67.7921	
-0.0150897	-68.5727	
-0.91193	-69.4099	
-1.74856	-70.7777	
-2.75583	-71.8884	
-3.43842	-73.1411	
-3.88942	-74.3923	
-4.26633	-75.2309	
-4.90431	-76.4645	
-5.63513	-77.9425	
-6.2345	-79.0481	
-6.95111	-80.5894	
-7.3251	-82.2356	
-7.52783	-83.6987	
-7.7361	-84.6924	
-7.88618	-86.2054	
-8.01623	-87.7945	
-8.18896	-88.9419	
-8.70249	-91.0191	
-9.02325	-92.7146	
-9.34653	-95.3322	
-9.73423	-97.6965	
-10.1817	-99.9308	
-10.4673	-101.711	
-11.0284	-103.721	
-11.4474	-105.479	
-11.7288	-107.39	
-11.8974	-108.971	
-12.4508	-111.446	
-12.9928	-113.123	
-13.4214	-115.135	
-14.0036	-117.389	
-14.764	-119.153	
-15.2065	-120.621	
-15.6932	-122.38	
-16.2197	-123.435	
-16.7377	-124.646	
-17.0234	-125.404	
-17.3468	-126.042	
-17.8617	-127.073	
-18.1463	-127.513	
-18.656	-128.422	
-19.17	-128.971	
-19.4397	-129.17	
-19.957	-129.798	
-20.1946	-129.949	
-20.8215	-130.279	
-21.3145	-130.619	
-21.4983	-130.832	
-21.7457	-131.058	
-22.1385	-131.142	
-22.5888	-131.255	
-23.1601	-131.526	
-23.6276	-131.785	
-24.0102	-131.832	
-24.3855	-131.639	
-25.0572	-131.882	
-25.6166	-131.763	
-26.1348	-131.601	
-26.5237	-131.475	
-27.1282	-131.434	
-27.8469	-131.342	
-28.7906	-131.259	
-29.9986	-131.034	
-30.8654	-130.574	
-32.1548	-130.194	
-33.139	-129.781	
-34.3585	-129.261	
-35.604	-129.056	
-36.6074	-128.544	
-37.2536	-128.187	
-37.7277	-128.018	
-38.46	-127.561	
-39.6718	-127.394	
-40.9243	-126.73	
-41.9749	-126.361	
-43.1362	-126.2	
-44.2881	-125.836	
-45.2079	-125.363	
-46.338	-124.979	
-47.0325	-124.512	
-47.9625	-124.13	
-48.549	-123.76	
-49.4908	-123.252	
-49.9502	-123.068	
-50.6482	-122.519	
-51.5233	-122.329	
-51.799	-121.881	
-52.1866	-121.663	
-52.5974	-121.47	
-52.6883	-121.204	
-53.0097	-120.989	
-53.5402	-121.139	
-53.6041	-121.044	
-53.8139	-121.215	
-53.8276	-121.373	
-53.5322	-121.298	
-53.6892	-121.242	
-53.6989	-121.334	
-53.6165	-121.379	
-53.6676	-121.604	
-53.5832	-122.021	
-53.7144	-122.323	
-53.7757	-122.645	
-53.5264	-122.742	
-53.3766	-122.607	
-53.2868	-122.558	
-53.0414	-122.848	
-53.1897	-123.01	
-52.9414	-123.03	
-52.9936	-123.446	
-52.8883	-123.732	
-52.806	-124.251	
-52.54	-124.463	
-52.1572	-124.833	
-52.0049	-124.877	
-51.8203	-125.068	
-51.4968	-125.355	
-51.3202	-125.527	
-51.2038	-126.018	
-50.6967	-126.3	
-50.3019	-126.765	
-49.9753	-127.231	
-49.5917	-127.667	
-49.1849	-128.305	
-48.9182	-128.506	
-48.4245	-128.723	
-48.2802	-129.047	
-47.9837	-129.474	
-47.7087	-129.993	
-47.4819	-130.451	
-46.9308	-130.656	
-46.6202	-130.862	
-46.4958	-131.432	
-46.1419	-131.735	
-45.5579	-131.598	
-45.3497	-131.721	
-45.2634	-131.976	
-45.0054	-132.569	
-44.7278	-132.926	
-44.1451	-133.114	
-43.5093	-133.632	
-43.0581	-133.943	
-41.9414	-133.48	
-41.3187	-133.686	
-41.0417	-133.693	
-40.6981	-133.806	
-40.2165	-133.71	
-39.9593	-133.895	
-39.5334	-134.41	
-39.2712	-134.618	
-38.3402	-134.794	
-37.471	-134.79	
-37.1029	-135.116	
-36.2919	-135.198	
-35.8738	-135.183	
-35.9589	-135.526	
-35.8067	-135.383	
-35.5666	-135.326	
-35.2661	-135.194	
-35.0836	-135.061	
-34.8533	-134.977	
-34.5326	-134.827	
-34.4235	-134.663	
-34.2897	-134.717	
-33.9474	-134.97	
-33.6002	-134.876	
-33.304	-135.022	
-32.7274	-134.375	
-32.5023	-134.343	
-32.1573	-134.84	
-32	-134.625	
-31.5664	-134.638	
-31.3089	-134.934	
-30.9342	-134.897	
-30.8225	-134.898	
-30.5093	-134.479	
-30.6317	-134.719	
-30.2515	-134.701	
-30.0312	-134.892	
-29.8774	-134.74	
-29.6219	-134.842	
-29.2899	-134.569	
-29.2289	-134.559	
-29.0487	-134.61	
-28.9125	-134.887	
-28.7522	-134.77	
-28.3267	-134.822	
-28.2399	-134.84	
-27.9289	-134.922	
-27.4079	-134.514	
-27.4215	-134.64	
-27.143	-134.757	
-26.8593	-134.573	
-26.6894	-134.736	
-26.3388	-135.083	
-25.8075	-135.31	
-25.0878	-135.397	
-24.7735	-135.277	
-24.4642	-135.28	
-24.3562	-135.679	
-24.146	-135.47	
-23.8988	-135.463	
-23.3313	-135.515	
-23.001	-135.247	
-22.7299	-135.245	
-22.1214	-135.077	
-21.7988	-135.119	
-21.754	-135.12	
-21.6237	-135.372	
-21.4175	-135.117	
-21.0488	-134.844	
-20.8666	-134.808	
-20.5023	-134.837	
-20.2342	-134.801	
-19.7705	-134.424	
-19.5423	-134.164	
-19.4897	-134.197	
-19.4824	-134.34	
-19.2947	-134.497	
-19.0983	-134.586	
-18.7471	-134.064	
-18.6263	-133.772	
-18.3334	-133.299	
-18.4482	-133.044	
-18.4831	-132.982	
-18.4052	-132.917	
-18.2234	-132.846	
-17.9927	-132.626	
-17.8896	-132.443	
-17.7029	-132.115	
-17.6147	-131.992	
-17.3639	-131.378	
-17.2315	-130.874	
-17.0309	-129.961	
-17.0767	-129.757	
-16.8959	-129.321	
-16.7974	-128.932	
-16.7305	-128.455	
-16.6169	-127.856	
-16.4758	-127.015	
-16.4615	-126.587	
-16.3038	-125.424	
-16.0953	-124.545	
-15.9045	-123.352	
-15.6072	-122.485	
-15.2744	-121.889	
-15.199	-121.46	
-15.105	-120.697	
-14.8661	-119.777	
-14.6583	-119.144	
-14.5281	-118.685	
-14.1919	-118.195	
-13.8821	-117.941	
-13.7701	-117.157	
-13.8854	-116.785	
-13.8845	-116.324	
-13.4641	-115.391	
-13.1895	-114.908	
-13.2306	-114.452	
-13.4048	-114.326	
-13.2926	-113.991	
-13.1973	-113.729	
-13.0843	-113.432	
-12.9182	-112.79	
-12.6657	-112.578	
-12.4845	-112.338	
-12.3334	-111.623	
-12.3643	-111.141	
-12.3956	-110.928	
-12.2675	-110.625	
-12.1015	-110.43	
-11.8709	-110.027	
-11.8911	-109.899	
-11.814	-109.403	
-11.5766	-109.074	
-11.5313	-108.84	
-11.5207	-108.439	
-11.3666	-108.361	
-11.2957	-108.283	
-10.9095	-107.926	
-10.746	-107.765	
-10.488	-107.614	
-10.3791	-107.452	
-10.1534	-107.172	
-9.64626	-107.017	
-9.3611	-106.784	
-9.04044	-106.855	
-8.81314	-106.675	
-8.4403	-106.672	
-7.99834	-106.944	
-7.4361	-106.923	
-6.92953	-106.545	
-6.6431	-106.525	
-6.07774	-106.596	
-5.5559	-106.674	
-4.97487	-106.864	
-4.52725	-106.933	
-4.04278	-107.029	
-3.47068	-106.997	
-3.22655	-106.969	
-2.74317	-107.041	
-2.40942	-107.305	
-2.17708	-107.452	
-2.09042	-107.728	
-1.61379	-107.931	
-1.25933	-108.071	
-1.08124	-108.122	
-0.579841	-108.125	
-0.173437	-107.792	
0.179295	-107.882	
0.594955	-107.716	
0.593466	-107.57	
0.655336	-107.553	
1.09795	-107.34	
1.50249	-107.039	
2.01615	-106.529	
2.76731	-105.854	
3.64951	-105.518	
4.75317	-105.031	
5.43582	-104.356	
6.18255	-104.124	
6.70508	-103.786	
7.60237	-103.543	
8.48113	-103.274	
9.42438	-102.849	
10.2955	-102.469	
10.9612	-102.478	
11.5124	-102.524	
12.14	-102.707	
12.9698	-102.853	
13.3058	-102.795	
13.9406	-102.813	
13.9104	-102.603	
13.9069	-102.651	
13.7311	-102.43	
13.7741	-102.268	
13.5353	-101.925	
13.5113	-101.694	
13.3067	-101.427	
13.1031	-101.431	
12.8168	-101.068	
12.3049	-100.816	
11.687	-100.392	
11.1192	-100.34	
10.5952	-100.029	
10.0945	-100.062	
9.9018	-99.9565	
9.53452	-99.9761	
9.23801	-100.04	
9.03098	-100.184	
8.46637	-99.9285	
7.80077	-99.5738	
7.3883	-99.4383	
7.33931	-99.2763	
6.99119	-99.1021	
6.9623	-99.0325	
7.11033	-98.5392	
7.0733	-97.9529	
7.17613	-97.1684	
7.18	-96.4567	
7.17341	-95.9941	
6.5241	-95.1674	
6.30232	-94.8678	
5.72648	-94.295	
5.3569	-93.9078	
4.76147	-93.35	
4.02357	-92.9907	
3.52208	-92.6494	
3.09696	-92.2879	
2.4234	-91.6388	
2.10929	-91.0712	
1.40124	-90.0813	
0.896865	-89.4511	
-0.225394	-88.0142	
-1.02718	-87.4264	
-1.86527	-86.6115	
-2.4558	-85.6974	
-3.39665	-84.8875	
-4.40012	-84.3758	
-4.52684	-83.1979	
-2.50086	-81.1613	
-0.703514	-79.2055	
-0.384164	-78.7702	
-0.368441	-78.4338	
-0.330452	-77.929	
-0.27077	-77.7751	
-0.185596	-77.7023	
-0.156355	-77.7214	
