6.26922	76.4768	
6.36252	76.1325	
6.28171	76.3228	
6.3146	76.2714	
6.4305	76.293	
6.37279	76.2151	
6.38169	76.1236	
6.34586	76.2543	
6.49599	76.3073	
6.19234	76.2171	
6.20013	76.0399	
6.44839	76.3433	
6.23188	76.4047	
6.29245	76.2154	
6.23243	76.2386	
6.42714	76.1028	
6.4642	76.193	
6.25751	76.1938	
6.3055	76.3855	
6.24987	76.3637	
6.19272	76.3713	
6.05311	76.4039	
5.94527	76.2798	
6.05878	76.2243	
5.90419	76.3637	
6.11681	76.2723	
6.30043	76.3167	
6.52955	76.3671	
6.48955	76.358	
6.35781	76.5049	
6.19395	76.5661	
6.12813	76.5103	
6.29348	76.2544	
6.46346	76.3395	
6.50607	76.41	
6.33694	76.4182	
6.52988	76.3965	
6.46212	76.4206	
6.43353	76.2812	
6.4723	76.2255	
6.30124	76.2746	
6.33833	76.3324	
6.47862	76.4704	
6.43071	76.2844	
6.63387	76.1532	
6.47654	76.2669	
6.48248	76.3021	
6.6326	76.3204	
6.56125	76.3837	
6.70179	76.4866	
6.58463	76.4344	
6.71276	76.4645	
6.51175	76.4717	
6.71914	76.3703	
6.54655	76.3725	
6.46978	76.2344	
6.59528	76.3951	
6.50185	76.4817	
6.39857	76.3539	
6.54228	76.2357	
6.54325	76.1813	
6.52566	76.2243	
6.49454	76.2835	
6.52482	76.3843	
6.14566	76.4302	
6.31307	76.3427	
6.41852	76.4329	
6.60072	76.4081	
6.53158	76.3656	
6.30426	76.1738	
6.44188	76.2328	
6.46592	76.3246	
6.46543	76.3578	
6.59627	76.4329	
6.65053	76.3591	
6.55464	76.4339	
6.55714	76.3026	
6.80851	76.3647	
6.83	76.2654	
6.93091	76.526	
6.89651	76.3886	
6.74981	76.2484	
6.74982	76.4653	
6.77417	76.5399	
6.89701	76.5508	
6.89624	76.483	
6.76393	76.3424	
6.66785	76.2785	
6.83261	76.2312	
6.83441	76.2012	
6.61621	76.1459	
7.06484	76.0432	
7.06878	76.2337	
7.0988	76.2947	
6.83861	76.3351	
7.03825	76.2035	
7.02649	76.2832	
7.12154	76.0741	
7.33504	76.3409	
7.325	76.4857	
7.24878	76.4732	
7.29912	76.3292	
7.48529	76.2747	
7.67738	76.196	
7.68678	76.4563	
7.66099	76.4245	
7.6943	76.2747	
7.80785	76.1817	
7.63632	76.2306	
7.64977	76.3607	
7.43735	76.4617	
7.30805	76.4091	
7.12865	76.4118	
7.21638	76.2556	
7.20499	76.3407	
7.21157	76.3031	
7.3086	76.3012	
7.01171	76.1673	
6.87875	76.1346	
6.71464	76.4177	
6.58697	76.4249	
6.23637	76.388	
5.99589	76.2845	
6.04298	76.204	
5.95749	76.3267	
5.80547	76.2553	
5.75917	76.2859	
5.78673	76.3496	
5.70959	76.3003	
5.46091	76.2571	
5.34966	76.1796	
5.41978	76.1116	
5.01733	76.0657	
5.04421	76.0248	
4.90921	76.0218	
4.53722	76.0434	
4.52195	75.995	
4.3923	75.9818	
4.26079	75.9873	
4.19028	75.9506	
3.97637	75.8499	
3.81338	75.8539	
3.50146	75.8177	
3.23121	75.6331	
3.09218	75.5906	
2.67392	75.8252	
2.28776	75.7154	
2.20367	75.6929	
2.03936	75.7502	
2.05822	75.7085	
1.84931	75.7252	
1.95354	75.6237	
1.67153	75.753	
1.65533	75.7561	
1.81781	75.7304	
1.75368	75.8394	
1.47339	75.8621	
1.2422	75.8383	
1.05275	75.7629	
1.17212	75.8482	
0.798999	75.7877	
0.703229	75.6814	
0.542438	75.6009	
0.247699	75.5319	
0.0973692	75.6261	
-0.061871	75.5611	
-0.14969	75.2413	
0.00860641	75.3383	
-0.0622824	75.3366	
-0.125624	75.4032	
-0.147024	75.3765	
-0.100909	75.3648	
-0.158689	75.332	
-0.333039	75.3349	
-0.827565	75.4148	
-1.02142	75.4023	
-0.931603	75.5248	
-1.19604	75.4165	
-1.12318	75.3889	
-1.09792	75.3336	
-1.08935	75.4495	
-1.05758	75.3806	
-1.05322	75.3801	
-0.870622	75.4386	
-1.00695	75.5356	
-1.11927	75.5956	
-1.29428	75.7597	
-1.46379	75.8252	
-1.78664	75.7559	
-1.76211	75.7178	
-1.42787	75.6776	
-1.2699	75.6068	
-1.28548	75.6349	
-1.07475	75.8293	
-1.11532	75.797	
-0.977106	75.6622	
-0.988395	75.7713	
-1.07844	75.6457	
-0.804743	75.8434	
-0.605657	75.8242	
-0.415028	75.8974	
-0.00338397	76.03	
0.277444	75.9976	
0.529867	76.0564	
0.86951	75.9963	
1.12045	75.9982	
1.18457	75.8941	
1.50483	75.9556	
1.66957	75.9042	
1.82035	75.8083	
1.84695	75.8506	
1.66884	75.723	
1.75635	75.601	
1.78187	75.5887	
2.10602	75.6088	
2.34979	75.7116	
2.60522	75.6176	
2.8611	75.6408	
2.87191	75.6703	
2.96593	75.5461	
3.10712	75.4628	
3.17255	75.4923	
3.10693	75.3926	
3.137	75.6571	
3.24717	75.4889	
3.64963	75.7076	
3.70077	75.7418	
3.86743	75.8411	
3.97356	75.8309	
3.89825	75.9437	
4.17992	75.9989	
4.27157	76.0249	
4.1975	76.0398	
4.0939	76.279	
4.01532	76.1656	
3.87161	76.0476	
3.88916	75.9866	
3.73463	76.0756	
3.66651	76.0496	
3.52667	75.9011	
3.61909	75.7923	
3.76318	75.9229	
4.01535	75.8801	
4.22674	75.9263	
4.36442	75.8802	
4.7051	75.9503	
4.73951	75.9343	
4.73279	75.7862	
4.94498	75.9345	
4.98526	75.8872	
5.41214	75.8419	
5.43626	75.8981	
5.67919	75.7342	
5.93702	75.8074	
6.0742	76.0391	
6.03508	75.9999	
6.14585	75.8276	
6.25843	75.8892	
6.20709	75.8139	
6.27943	75.9986	
6.36461	76.0424	
6.41036	76.0334	
6.70109	76.2643	
6.68753	76.3926	
6.86552	76.34	
7.12462	76.2737	
7.20934	76.334	
7.46414	76.5457	
7.70616	76.5804	
8.07163	76.5621	
8.20127	76.5871	
8.24546	76.5812	
8.21754	76.6039	
8.15852	76.7465	
8.06206	76.7854	
8.04628	76.7303	
8.10939	76.8079	
7.62536	77.0229	
7.44065	77.0769	
7.57494	77.0699	
7.51919	77.1194	
7.20693	77.1157	
6.74225	77.1545	
6.32712	77.1246	
6.16076	77.1904	
5.76425	77.0928	
5.18264	77.1865	
5.016	77.1758	
4.7311	77.0866	
4.62661	76.9407	
4.4323	77.0413	
4.29992	77.1434	
4.20555	77.1476	
4.09127	77.1952	
3.98203	77.285	
4.12041	77.3616	
4.06641	77.4504	
4.12495	77.4837	
4.19648	77.7302	
4.29444	77.7177	
4.26001	77.8754	
4.37007	77.9766	
4.41922	78.0538	
4.43157	78.1893	
4.5737	78.3447	
4.51118	78.3311	
4.56581	78.237	
4.78574	78.3369	
5.03013	78.4605	
5.58555	78.5623	
5.5619	78.6019	
5.84858	78.3422	
6.26018	78.1759	
6.70834	77.9534	
6.80316	77.9689	
6.86844	77.7782	
6.93448	77.6689	
6.99722	77.5112	
6.98795	77.3016	
6.70978	77.4244	
6.36938	77.1897	
6.0602	77.0472	
5.66675	77.0788	
5.25257	76.9104	
4.96373	76.8159	
4.80594	76.8034	
4.66335	76.7442	
4.44138	76.6726	
4.52579	76.7687	
4.38704	76.7849	
4.09091	76.8403	
4.13934	76.8464	
4.12847	77.0605	
4.17123	77.1777	
4.48507	77.2058	
4.68306	77.4957	
4.75726	77.5837	
5.09418	77.7645	
5.11588	77.9564	
5.26843	77.8927	
5.63836	77.98	
5.76147	78.1223	
5.62066	78.4322	
5.5947	78.4689	
5.83545	78.6609	
5.84211	78.8718	
5.05554	78.9009	
4.60908	78.8137	
4.04804	78.7858	
3.90451	78.8301	
3.44645	78.8069	
3.24472	78.6786	
3.03978	78.7843	
2.40236	78.6449	
1.84887	78.6665	
1.54198	78.5451	
0.947319	78.6588	
0.94161	78.5625	
1.31624	78.3912	
1.27342	78.4658	
1.48379	78.7519	
2.16409	78.9275	
2.26797	79.0003	
2.72501	78.858	
2.68142	78.8701	
2.93468	78.9821	
3.32253	79.1287	
3.88749	79.0887	
4.49103	79.4849	
4.94277	79.2355	
5.52386	79.2526	
5.86852	79.2193	
6.23741	79.2116	
6.62863	79.2344	
6.81777	79.133	
6.94056	78.8989	
7.21735	78.6166	
7.12041	78.4047	
6.78981	78.3273	
6.32226	77.8557	
6.14226	77.644	
5.81113	77.1045	
5.5068	76.9467	
5.34819	76.8355	
5.14323	76.4948	
4.92301	76.3875	
4.70608	76.1265	
4.77686	75.7885	
5.11627	75.7726	
5.32999	75.6217	
5.88965	75.6847	
6.3579	76.021	
6.61625	76.0128	
7.02199	75.9022	
7.70437	76.1807	
8.2265	76.5168	
8.67688	76.7759	
9.10237	77.1352	
9.4029	77.3515	
9.67488	77.5455	
9.8354	77.7812	
9.52461	78.156	
9.58553	78.291	
9.63125	78.4602	
9.25755	78.7617	
8.95173	79.1176	
8.81376	79.3927	
8.33141	79.6871	
8.1637	79.9154	
7.75696	80.2579	
7.38594	80.4558	
7.19747	80.6963	
7.2224	81.1434	
7.18605	81.3972	
7.51747	81.3568	
7.92059	81.5054	
8.26984	81.892	
8.38248	81.8735	
8.6552	82.3392	
9.05664	82.66	
9.61666	82.8226	
10.5734	82.9127	
11.1746	82.8657	
11.6221	82.7636	
12.1282	82.5743	
11.8065	82.558	
11.4897	82.3628	
11.4669	82.3106	
11.4053	82.0535	
11.3759	81.6754	
10.6449	81.5294	
10.2189	81.2575	
9.86995	80.7859	
9.10488	80.1983	
8.89988	79.9091	
8.70916	79.5726	
8.40202	79.2769	
8.06876	78.8519	
8.27	78.4006	
8.26758	78.1827	
8.31907	78.0843	
8.45004	77.9701	
8.4893	77.7013	
8.34147	77.6262	
8.27252	77.5591	
8.14533	77.5693	
8.03209	77.3988	
7.67586	77.2517	
7.29905	77.3958	
6.8203	77.4854	
5.87542	77.7951	
5.62055	78.068	
5.68572	78.3562	
5.21476	79.0044	
4.71851	79.2187	
4.53003	79.7324	
4.1546	79.9335	
3.99395	80.4509	
4.53385	80.8828	
5.22127	81.2256	
5.7607	81.7484	
5.85806	82.1723	
5.84864	82.4807	
6.23991	82.6641	
6.52882	83.1401	
6.98864	83.4968	
7.66404	83.7571	
8.11261	83.9225	
8.34744	84.1069	
8.32954	84.1227	
8.34331	84.1024	
8.21682	84.0511	
7.88893	83.9405	
7.5356	83.7094	
7.24716	83.5509	
6.66626	83.1436	
6.52113	82.9369	
6.05918	82.454	
5.84337	81.8815	
5.73345	81.2157	
5.54301	80.5052	
5.74174	80.0499	
5.88868	79.1866	
6.05849	78.4872	
6.44311	78.0502	
6.84797	77.8044	
7.19873	77.4486	
7.40989	77.1676	
7.72794	76.8134	
8.04577	76.4977	
7.87166	76.0389	
7.77364	75.8782	
7.30246	75.8993	
7.39922	75.7892	
7.30792	75.8662	
6.9287	76.0558	
6.62556	76.2277	
6.38084	76.566	
6.16709	76.8816	
5.78054	77.7163	
5.63249	78.1948	
5.69685	79.1453	
5.79696	79.9135	
6.27698	80.494	
6.59058	81.0012	
7.24076	81.6401	
7.66752	82.2543	
8.35452	83.0479	
9.02725	83.5524	
10.0456	84.3327	
10.8641	85.0657	
11.9582	85.7093	
12.5769	86.0482	
12.5843	86.3328	
12.4723	86.7128	
12.5672	86.7959	
12.4469	86.8382	
12.4409	86.9582	
12.3647	86.9106	
12.2203	86.9022	
11.8826	86.7643	
11.1148	86.4226	
10.8822	86.1748	
10.7364	85.7504	
10.1965	85.1388	
10.003	84.8275	
10.1607	84.4442	
10.4089	83.8525	
10.6186	83.3916	
10.8154	83.2111	
11.0743	82.7973	
11.2566	82.3571	
11.0211	81.4771	
10.8912	80.8531	
10.7857	80.3529	
10.8206	79.636	
10.4363	79.3937	
10.0644	79.2295	
9.74413	79.0337	
9.46727	78.8565	
9.36757	78.6975	
9.63349	78.6176	
9.69283	78.6925	
9.64316	78.6487	
9.8329	78.8926	
10.2491	79.3885	
10.7224	79.8788	
10.7995	80.2288	
11.1495	80.7811	
11.6228	81.6556	
12.0129	82.0291	
12.3878	82.6304	
12.8413	83.134	
13.4695	83.8751	
13.879	84.5778	
14.1193	84.8179	
14.2751	85.3697	
14.1501	85.4999	
13.7104	85.9055	
13.0155	86.1925	
13.007	86.2424	
12.8917	86.2403	
12.618	86.2415	
12.3865	86.1355	
12.028	85.8743	
11.6219	85.7183	
11.3977	85.3762	
10.9891	84.8356	
10.9567	84.5858	
10.6098	83.8845	
10.7568	83.596	
11.042	83.584	
11.524	82.9243	
12.1131	82.5631	
12.2983	82.3128	
12.484	81.66	
12.6602	81.5426	
12.7004	81.1385	
12.6924	80.768	
12.5127	80.5145	
12.0583	80.1417	
11.9116	79.8765	
11.6673	79.4414	
11.3173	79.3356	
10.7339	78.9976	
10.4331	79.141	
10.288	79.5275	
10.2475	79.6447	
10.3683	80.2044	
10.3958	80.3241	
10.4717	80.6758	
10.5858	81.482	
10.8026	81.5515	
10.9052	82.1606	
11.121	83.0478	
11.781	83.4116	
12.6887	84.0639	
13.1288	84.7198	
13.6921	85.3725	
14.2131	86.0349	
14.7499	86.92	
15.2246	87.3645	
15.3956	88.0454	
15.1868	88.8665	
15.1258	89.0557	
15.2293	89.2968	
15.1536	89.486	
14.53	89.6875	
14.2421	89.8608	
14.1504	90.1417	
13.5855	90.2511	
12.9887	90.0567	
12.9527	90.0337	
13.0049	89.8975	
13.0767	89.6422	
13.1675	89.3805	
13.0885	89.0387	
13.2421	88.7847	
13.107	88.5777	
13.2974	88.1803	
13.4472	87.8608	
13.741	87.2529	
14.1673	86.8934	
14.4482	86.2262	
14.4713	85.7814	
14.3474	85.2901	
14.2199	84.8687	
14.1857	84.592	
13.8796	84.0886	
13.7595	84.0206	
13.5795	83.4629	
13.6245	83.2114	
12.8216	82.6425	
12.525	82.3193	
12.2367	82.1066	
12.2048	81.7139	
12.3393	81.4992	
12.2725	81.4665	
12.0429	81.0987	
12.2199	81.3354	
12.2603	81.2524	
12.0329	81.6614	
11.9576	81.7346	
12.1502	82.3112	
12.5594	82.7293	
13.2762	83.2482	
13.9582	83.7782	
14.7439	84.4259	
15.0922	84.8322	
15.3471	84.982	
15.8192	86.1275	
15.7953	86.4912	
16.124	86.8638	
16.3206	87.2707	
16.5669	87.6092	
16.1874	87.9179	
16.2308	88.3034	
15.9555	88.7356	
15.6611	88.6779	
15.5176	88.6386	
15.1361	88.5091	
14.9792	88.3798	
14.7927	88.3976	
14.4969	88.3005	
14.2181	88.0455	
14.0586	87.6922	
14.336	87.418	
14.9296	87.3428	
15.2276	86.8644	
15.3273	86.6482	
15.4768	86.3646	
15.6166	86.131	
15.5553	85.851	
15.5521	85.5416	
15.8413	85.21	
16.2574	84.9761	
16.5634	84.827	
16.8448	84.6082	
17.2232	84.3895	
17.8564	83.7845	
18.3362	83.38	
18.4385	83.1989	
18.7679	83.2192	
19.0914	83.0829	
19.2017	83.0341	
19.3377	82.9451	
19.1025	82.6797	
19.0197	82.5308	
18.59	82.6718	
18.2219	82.482	
18.3814	82.5487	
18.3512	82.733	
18.0021	82.9552	
17.8967	83.0207	
17.7161	83.4703	
17.7245	83.8342	
17.6637	84.0581	
17.7472	84.4664	
17.9313	85.0245	
17.9287	85.5648	
18.2039	86.4875	
18.5731	87.0138	
18.5673	87.623	
18.6087	88.3397	
18.7365	88.805	
18.895	89.1411	
19.0481	89.5615	
19.0526	89.8019	
19.398	90.1909	
19.7246	90.51	
20.248	90.9637	
20.6454	91.1418	
21.3769	91.534	
21.888	91.7618	
22.4677	91.8716	
22.6948	92.016	
22.7389	91.9559	
22.9944	91.9864	
23.1671	92.0892	
22.8201	91.9431	
22.3748	91.8166	
21.679	91.4785	
21.0816	91.1236	
20.3799	90.6097	
19.5242	90.2214	
18.7264	89.7152	
18.3176	89.3622	
17.7782	88.9672	
17.0149	88.5847	
16.8033	88.4116	
16.6018	87.8733	
16.404	87.2855	
16.3825	86.6361	
16.3627	86.4654	
16.4502	85.7341	
16.805	85.4707	
16.8205	85.1729	
16.7061	84.8024	
16.6619	84.4579	
16.2665	84.145	
16.1568	84.0063	
16.0414	83.7757	
16.1905	83.6397	
15.9654	83.5757	
15.6559	83.3678	
15.775	83.5244	
15.868	83.52	
16.0421	83.7487	
16.0281	84.1431	
16.1108	84.3827	
16.2706	85.1821	
16.3904	85.5373	
16.5472	85.8412	
17.1861	86.118	
17.4763	86.4019	
17.6862	86.6159	
18.1473	87.4136	
18.4252	88.1967	
18.7931	89.0972	
18.6621	89.4096	
18.8771	89.872	
18.8881	90.2471	
18.8399	90.7008	
18.9956	90.8452	
19.0125	90.8909	
19.0622	91.4248	
19.093	91.7999	
19.2893	92.1956	
18.6867	92.4782	
18.7306	92.5139	
18.6874	92.9134	
17.8984	93.1341	
17.3372	93.0156	
17.31	92.9893	
17.5456	93.1032	
17.9297	93.1552	
17.9104	93.2092	
18.1685	93.1044	
18.127	93.0537	
18.6082	92.9189	
18.5451	92.806	
18.5853	92.5541	
18.5774	92.6029	
18.4886	92.3754	
18.5391	91.7397	
18.4377	91.572	
18.5145	91.2771	
18.6323	91.1127	
18.6531	90.5619	
18.6945	90.0718	
18.3972	89.7521	
18.5311	89.4539	
18.0717	89.2005	
17.8118	88.6158	
18.0711	88.2726	
18.2259	88.0238	
18.125	87.7834	
17.9596	87.7494	
18.0834	87.5711	
17.6284	87.3103	
17.2215	87.1505	
17.1577	86.907	
17.0422	86.9847	
17.0484	86.8546	
17.2524	86.9202	
17.2714	87.0624	
17.628	87.1583	
18.1505	87.2687	
18.4931	87.5763	
18.8574	87.8429	
19.1151	88.2184	
19.3425	88.5187	
19.4882	88.589	
19.6316	88.5156	
19.9628	88.9958	
19.9508	89.229	
19.8451	89.2508	
19.9664	89.4068	
19.9592	89.4374	
20.0748	89.5402	
20.122	89.6641	
20.1473	89.8706	
20.4798	90.1398	
20.6338	90.0817	
20.6743	90.1703	
20.2598	90.2681	
19.8049	90.5613	
19.8106	90.3543	
19.7744	90.3703	
19.8541	90.5503	
19.7314	90.5834	
19.3909	90.3348	
19.2429	90.2337	
19.0153	89.9774	
18.9761	89.9604	
18.9011	89.8155	
18.8913	89.672	
18.9776	89.4871	
18.9274	89.4745	
18.6912	89.4886	
18.6668	89.5051	
18.9744	89.1248	
19.0538	89.0336	
18.9984	88.9788	
18.9454	88.9017	
18.9416	88.6933	
18.5335	88.36	
18.4582	87.8428	
18.375	87.8139	
18.6111	87.6259	
18.7798	87.5318	
18.6309	87.5393	
18.3511	87.3097	
18.3257	87.181	
18.6984	87.0511	
18.6283	86.8579	
18.4462	86.7638	
18.229	86.758	
18.0299	87.067	
17.8376	86.9306	
17.4973	86.7694	
17.4505	86.8926	
17.257	87.0207	
17.2288	87.1024	
17.2919	87.1909	
17.0096	87.2517	
16.9165	87.5648	
17.0968	87.6279	
16.9857	88.008	
16.9948	88.0572	
17.0282	88.2672	
17.0895	88.244	
17.1349	88.2739	
17.112	88.3961	
17.0794	88.4375	
17.0936	88.4535	
17.3038	88.6702	
17.351	88.6602	
17.8385	88.7147	
17.8865	88.9699	
17.848	88.978	
17.7353	88.6958	
17.8265	88.6298	
18.0107	88.4212	
18.4484	88.4746	
18.5809	88.745	
18.8705	88.8263	
18.9931	88.8035	
18.9653	88.6811	
19.2881	88.4955	
19.2329	88.3725	
19.6781	88.4381	
19.4477	88.4136	
19.4237	87.8816	
19.7688	87.9795	
19.765	87.8076	
19.9125	87.4829	
20.1075	87.3591	
20.3666	87.3848	
20.6354	87.268	
20.5031	87.0761	
20.7005	87.1734	
21.049	87.0781	
21.3694	87.1361	
21.5493	87.2996	
21.5376	87.0238	
21.6442	86.8986	
21.6341	86.9909	
21.678	86.907	
22.0689	87.1247	
22.0563	87.3189	
21.9939	87.4156	
21.9747	87.4574	
22.2397	87.4003	
22.6084	87.8082	
22.6209	87.9589	
22.925	87.8233	
23.1941	87.9366	
23.1516	87.8038	
23.3664	87.8341	
23.5923	87.9582	
23.6136	87.9516	
23.562	87.9906	
23.5015	87.9257	
23.3861	87.8084	
23.764	88.2391	
23.5197	88.4956	
23.3846	88.675	
23.2052	88.8343	
23.2656	88.709	
23.1358	88.7873	
23.1978	88.8428	
23.2297	88.8816	
23.3088	88.8888	
23.3655	88.82	
23.0157	89.0404	
22.8396	89.17	
22.4896	89.1799	
22.5039	89.1686	
22.4079	88.9212	
22.3314	88.8733	
22.292	88.9593	
22.2923	88.7822	
22.3295	88.6874	
22.1777	88.6468	
21.9572	88.7727	
21.6829	88.6423	
21.7984	88.5024	
21.9983	88.524	
21.9652	88.515	
21.7808	88.4039	
22.0488	88.0531	
22.3058	88.3371	
22.0407	88.3254	
21.8496	88.2583	
21.6731	87.9954	
21.6213	87.9362	
21.3294	87.936	
21.2153	87.7762	
20.6083	87.7104	
20.2631	87.6776	
20.0123	87.4464	
19.8525	87.0833	
19.6546	86.9871	
19.3912	86.9885	
19.3843	86.7952	
19.483	86.8427	
19.1747	86.6296	
19.1738	86.7326	
19.0247	86.7383	
18.7896	86.6195	
18.7831	86.5527	
18.7724	86.8568	
18.7318	86.8976	
18.8182	86.844	
18.7192	86.789	
18.783	87.0454	
18.7812	87.2616	
18.7309	87.1866	
18.7938	87.3007	
18.6053	87.5408	
18.6673	87.9663	
18.899	87.7754	
19.0184	87.7869	
19.583	87.7381	
19.7424	87.9169	
19.7589	88.1373	
19.8381	88.2604	
19.8507	88.3174	
19.7672	88.4555	
19.7613	88.5271	
19.8631	88.6104	
20.175	88.557	
20.4047	88.6942	
20.3066	88.5736	
20.4623	88.548	
20.5171	88.6089	
20.6675	88.5287	
20.7478	88.6372	
20.6449	88.5843	
20.8118	88.5571	
20.8741	88.4463	
20.9389	88.5136	
21.3303	88.4967	
21.3176	88.3487	
21.1093	88.2338	
21.0927	88.0169	
21.2961	87.7514	
21.1933	87.687	
21.3298	87.466	
21.4257	87.4567	
21.2491	87.3742	
21.5421	87.1055	
21.4909	87.1631	
21.5087	87.0953	
21.7504	87.0968	
21.691	87.3311	
21.775	87.0383	
21.7728	86.8956	
21.8173	86.9254	
22.0188	87.0732	
21.8823	87.0437	
22.002	86.9111	
21.8172	87.0548	
21.6839	87.0822	
21.7589	87.0706	
21.9901	87.3082	
21.8118	87.6555	
21.6477	87.5081	
21.5395	87.247	
21.7406	87.2696	
21.8398	87.758	
21.6692	87.6941	
21.5716	87.6824	
21.7083	87.7951	
21.6473	88.0289	
21.718	88.1107	
21.6389	88.2066	
21.5383	88.4225	
21.4235	88.2892	
21.38	88.2181	
21.349	88.5007	
21.2554	88.4417	
21.2035	88.6801	
21.2294	88.6676	
21.103	88.5671	
21.0524	88.5453	
20.742	88.3005	
20.6987	88.2579	
20.297	88.2963	
20.1859	88.4337	
20.0754	88.4757	
20.0295	88.1447	
20.197	88.1913	
20.2375	88.1984	
20.3567	88.1883	
20.161	88.203	
20.047	87.9522	
19.8894	87.7717	
19.835	87.8463	
19.4779	87.5118	
19.6503	87.5111	
19.5558	87.5463	
19.6008	87.477	
19.581	87.4663	
19.6318	87.1871	
19.818	87.3865	
19.7279	87.1683	
19.5428	86.9888	
19.6633	87.0964	
19.7593	86.9878	
20.0582	87.108	
20.1565	87.1276	
20.5036	87.2466	
20.656	87.5538	
20.5639	87.617	
20.6043	87.7871	
20.6968	87.6874	
20.9244	87.6228	
20.9244	87.6386	
20.8208	87.9068	
21.0338	87.8177	
21.3248	88.3393	
21.1201	88.2767	
21.4657	88.256	
21.5696	88.2305	
21.7367	88.2533	
21.8369	88.3594	
21.6768	88.362	
21.8466	88.1569	
21.8312	88.2303	
21.6987	88.3215	
21.8165	88.2567	
21.6294	87.9667	
21.6655	88.019	
21.8532	88.1636	
21.7703	88.2251	
21.7517	88.1741	
21.692	88.3224	
21.7733	88.2801	
21.5723	88.2864	
21.0929	88.1766	
20.7945	87.9661	
20.6724	87.941	
20.2466	87.8528	
20.2322	87.6469	
20.4248	87.6456	
20.3904	87.5843	
20.3784	87.6363	
20.3778	87.4925	
20.4225	87.5618	
20.3549	87.5462	
20.4706	87.6088	
20.3031	87.5388	
20.356	87.4073	
20.6308	87.5448	
20.6487	87.7105	
20.3713	87.7116	
20.8533	87.5837	
20.7942	87.6744	
20.3676	87.5452	
20.2394	87.6362	
20.0379	87.7095	
20.0097	87.7497	
20.0764	87.9676	
20.0497	87.9482	
19.8808	88.0598	
19.9483	88.0845	
20.3228	88.3412	
20.4903	88.3994	
20.7069	88.2721	
20.9153	88.2424	
21.1363	88.204	
21.1284	88.3994	
20.3051	88.3427	
20.2669	88.5055	
20.3063	88.4434	
20.5284	88.5536	
20.6634	88.5544	
21.0628	88.4486	
21.1693	88.3664	
21.3672	88.3089	
21.5275	88.4789	
21.5065	88.5304	
21.5772	88.663	
21.2957	88.656	
21.126	88.5514	
21.0237	88.6557	
21.3971	88.7049	
22.0173	88.6828	
22.456	88.8564	
22.825	88.8741	
22.9	88.7099	
23.0262	88.7225	
22.6686	88.8665	
22.6541	88.8143	
22.9235	88.6582	
23.3085	88.6053	
23.5873	88.8355	
23.9849	88.9962	
24.1304	88.8147	
24.2394	89.3721	
23.2108	89.2329	
22.7307	89.1383	
22.9404	89.1057	
23.4867	89.2486	
23.7333	89.378	
24.0067	89.345	
24.3402	89.5205	
23.6912	89.4213	
23.6208	89.545	
23.4001	89.5355	
23.9129	89.3237	
24.4838	89.4122	
24.682	89.5423	
24.5432	89.1763	
24.3741	89.1442	
24.5077	89.0528	
24.6273	89.0841	
25.207	89.2801	
25.2005	89.5322	
24.4321	89.3563	
24.5333	89.0106	
24.8528	89.3664	
25.0257	89.3664	
25.3386	89.3547	
25.185	89.5107	
24.8351	89.6018	
24.9046	89.8063	
25.0922	89.7218	
25.2323	89.8885	
24.9116	89.9353	
25.0999	89.7991	
24.9791	89.7726	
25.1532	89.884	
25.1006	89.9837	
24.7008	89.8175	
24.8718	89.8376	
24.7075	89.7955	
24.8038	89.507	
24.9577	89.5399	
24.5665	89.3419	
24.399	89.3376	
23.8779	89.3095	
23.6961	89.2801	
23.0793	88.9862	
23.0977	89.3279	
23.0456	89.214	
23.0847	89.2834	
22.334	89.3784	
22.2463	89.4029	
22.3804	89.4531	
22.1735	89.18	
21.8916	89.0523	
21.6671	88.8225	
22.0185	88.8717	
21.7798	88.8551	
21.2422	89.157	
21.0341	89.2173	
21.1138	88.919	
21.0275	89.0274	
20.3799	88.6742	
20.2958	88.4658	
20.6008	88.5072	
20.6114	88.4762	
20.0815	88.4355	
19.8886	88.3331	
20.0357	88.4974	
19.7387	88.6071	
20.1105	88.7864	
20.2655	89.1264	
20.4706	89.1229	
20.885	89.2159	
21.2006	89.4315	
21.2582	89.2459	
21.1402	89.0902	
21.4181	89.3852	
21.7365	89.3649	
22.0254	89.5376	
22.3902	89.723	
22.2212	89.5584	
22.5159	89.623	
22.6169	89.9252	
22.6034	90.0401	
22.8928	90.0102	
22.8128	90.3126	
22.8827	90.2331	
23.1982	90.3391	
23.265	90.4934	
22.7563	90.0743	
22.8813	90.129	
23.1287	90.2606	
23.0687	90.1537	
23.1805	90.2216	
23.5493	90.2251	
23.4673	90.0874	
23.7647	89.8626	
24.2175	90.0487	
23.876	89.8054	
23.9644	89.8772	
24.6185	90.2109	
24.2185	90.1185	
24.5136	89.5596	
24.6704	89.7079	
24.5511	89.7568	
24.7094	89.467	
24.6988	89.705	
24.6259	89.3939	
24.6343	89.2703	
24.6026	89.392	
24.3099	89.4092	
24.1524	88.9934	
24.1297	89.1839	
24.0571	89.2116	
24.0434	88.9781	
24.4823	88.9623	
24.6406	89.0046	
25.0293	88.9104	
25.1463	88.6329	
25.3948	89.0727	
25.1474	88.9911	
25.2157	88.8721	
24.8193	88.7476	
24.8501	88.9044	
24.7115	88.7087	
25.0821	88.9347	
24.6097	88.9961	
24.5049	88.9999	
24.076	89.0607	
24.0241	89.4557	
23.8735	89.4257	
23.8104	89.3597	
23.8101	89.4807	
23.9736	89.4564	
23.8972	89.7063	
23.9894	90.3305	
23.882	90.2676	
24.1363	90.276	
24.1369	90.5105	
24.217	90.4913	
24.2153	90.6793	
24.1062	90.7062	
23.966	90.6345	
24.1431	90.9881	
24.0052	90.9056	
24.1552	91.1539	
23.9889	91.3657	
24.6108	91.2559	
24.5329	91.1056	
24.6414	91.1282	
24.4686	91.0167	
24.4559	91.1836	
23.9613	91.2329	
23.5168	91.2349	
23.0755	91.3253	
22.851	91.257	
22.5205	91.2856	
22.3068	91.5234	
21.8065	91.178	
22.0304	91.1443	
21.334	91.075	
21.3093	91.103	
20.9426	91.0968	
21.0658	90.906	
20.8236	90.8975	
21.0144	90.7807	
21.1336	90.7617	
21.3082	90.7966	
20.9968	90.5322	
21.1051	90.4134	
20.8969	90.1302	
20.9776	90.2614	
20.8945	90.1237	
21.114	90.1338	
20.8717	90.2333	
20.9713	90.1166	
20.9585	89.8804	
20.9868	89.9223	
20.8229	90.2424	
20.4175	90.4716	
19.9145	90.2534	
20.2901	90.4315	
19.8196	90.3093	
20.1064	90.3386	
19.7583	90.427	
20.2444	90.2905	
20.2093	90.4741	
20.6591	90.4302	
20.3851	90.5733	
20.5564	90.8056	
20.5404	91.0361	
20.6851	90.9983	
20.535	90.9061	
20.7224	91.0664	
20.6635	91.1074	
20.7055	91.2354	
20.6404	91.4009	
20.57	91.3935	
20.1661	91.3975	
19.9987	91.3606	
19.6817	91.7087	
20.2031	92.2971	
20.1219	92.5908	
20.4512	92.3994	
20.3508	92.531	
20.9177	92.7	
20.973	92.9062	
21.4388	93.1754	
21.5809	93.227	
21.9766	93.548	
21.9632	93.8576	
22.3101	94.0374	
22.3359	94.0012	
22.7738	94.332	
22.5952	94.1999	
22.797	94.247	
22.5802	94.1758	
22.5622	94.3702	
22.6724	94.2463	
22.7272	94.0443	
22.0066	93.7198	
21.9084	93.7409	
21.6761	93.8324	
21.7833	93.8255	
21.3418	93.7472	
21.4236	93.4618	
21.055	93.4783	
21.3524	93.5911	
20.9902	93.4521	
20.5942	93.0546	
20.7845	92.854	
20.2318	92.8162	
20.3238	92.4582	
20.275	92.1598	
20.5223	92.0513	
20.6003	91.9587	
20.8926	92.1205	
20.3802	91.9814	
20.1309	91.7115	
20.4409	91.5302	
20.4378	91.5456	
20.3736	91.4759	
20.2943	91.5048	
20.024	91.5963	
19.6564	91.3557	
19.3411	91.4456	
18.7349	91.2223	
18.4056	91.239	
17.7606	91.2804	
17.252	90.9937	
17.1879	91.0143	
16.7545	91.0753	
16.9583	91.0745	
16.4033	91.0414	
16.6257	91.0505	
16.2619	91.2522	
16.3343	91.4894	
16.0009	91.7607	
16.2575	91.5513	
16.8859	91.801	
16.8407	91.7473	
17.0806	91.9454	
16.9896	92.0407	
16.8188	92.1937	
16.985	92.2191	
16.9066	92.2487	
16.6987	92.1963	
16.6903	92.5055	
16.7489	92.7584	
16.7023	92.7727	
16.8536	92.8187	
16.949	92.7847	
16.9744	92.7296	
16.9311	92.7434	
17.2881	92.7263	
17.5738	92.6852	
17.8834	92.7702	
18.0259	92.8011	
18.1196	92.6544	
18.6111	92.4922	
18.9579	92.4883	
19.1108	92.4322	
19.6024	92.4426	
19.8467	92.4325	
20.1757	92.5266	
20.4182	92.5568	
20.7498	92.3573	
21.3247	92.692	
21.5497	92.6726	
21.7386	92.5056	
21.796	92.4793	
22.1007	92.5236	
22.6029	92.4108	
23.0349	92.4452	
23.4056	92.5793	
23.7673	92.5883	
24.4859	92.467	
24.9576	92.5769	
25.5325	92.6086	
26.1179	92.9149	
26.4219	92.7846	
27.0172	92.676	
27.2604	92.632	
27.5069	92.5307	
27.4598	92.1704	
27.4439	91.9335	
27.4632	91.8012	
27.3765	91.8379	
26.9609	91.5499	
26.7859	91.5106	
26.1132	91.2552	
26.1252	91.6215	
26.1145	91.5539	
26.0531	91.4108	
25.7526	91.4723	
25.7617	91.3189	
25.8008	91.3182	
25.5291	91.4157	
25.5272	91.5345	
25.782	91.5145	
25.5983	91.6395	
25.592	91.836	
25.5501	91.9083	
25.6047	91.9042	
25.5356	91.9241	
25.2895	91.6588	
25.0889	91.9223	
25.186	91.9142	
24.8798	92.0225	
25.0025	92.1988	
24.8072	92.2479	
24.6865	92.3748	
24.3822	92.4171	
23.5104	92.1818	
23.4893	92.452	
23.4375	92.7449	
23.2868	92.8681	
23.1709	92.8749	
23.2965	92.823	
23.5488	93.2064	
23.4384	93.1904	
23.7236	93.302	
23.9377	93.2734	
23.8535	93.2955	
23.7541	93.4822	
23.6483	93.4242	
24.1707	93.1634	
24.3215	93.2848	
23.9977	93.5007	
23.6165	93.2381	
23.4751	93.2204	
23.2126	93.4388	
23.2097	93.4749	
22.7548	93.5773	
22.6397	93.6441	
22.6376	93.5786	
22.2898	93.9723	
22.1608	93.8584	
22.5246	94.1335	
22.2592	94.102	
22.174	94.2833	
22.0448	94.3531	
21.7933	94.2303	
21.7556	94.0721	
21.5393	93.8607	
21.448	93.902	
21.3034	93.9224	
21.1218	93.9821	
20.7109	94.1929	
20.5468	93.9495	
20.3436	93.6997	
19.9507	93.8631	
19.6572	93.5503	
19.016	93.4507	
18.5044	93.2224	
18.404	93.0581	
17.8975	93.1276	
17.5922	93.1011	
17.4798	92.9769	
17.1662	92.9682	
16.8502	92.6266	
16.5855	92.2568	
16.4172	92.1408	
16.2691	92.2588	
16.162	92.2248	
16.1743	92.1125	
15.9882	91.924	
15.8448	92.0241	
15.6564	91.8439	
15.3181	91.6032	
15.4056	91.2676	
15.403	91.1328	
15.1594	91.1691	
14.8005	90.7999	
14.5396	90.809	
14.35	90.6363	
14.3785	90.4103	
14.3795	90.2769	
14.5033	90.0388	
14.5978	89.9847	
14.3037	89.8333	
14.1775	89.4452	
14.2969	89.6329	
14.324	89.7747	
14.4567	89.7623	
14.4943	89.7264	
14.6613	89.5803	
14.9663	89.4792	
15.877	89.4115	
16.4326	89.3283	
17.1079	89.4928	
17.5341	89.5229	
18.0704	89.3171	
18.4164	89.4213	
18.9325	89.4128	
19.395	89.5251	
19.8593	89.5318	
20.4269	89.7994	
20.6123	89.9882	
20.9898	90.0511	
21.8334	90.1742	
22.7447	90.2314	
23.7343	90.3676	
24.4142	90.4709	
24.9462	90.763	
25.4635	90.6341	
25.6543	90.4895	
26.2129	90.767	
26.2374	90.84	
26.2083	91.0572	
26.3318	91.2261	
26.7154	91.0443	
26.917	91.2893	
27.2388	91.3633	
27.2369	91.1535	
27.8057	91.1787	
27.9572	91.3772	
28.0575	91.3031	
27.948	91.4049	
28.2219	91.2958	
28.2348	91.3232	
28.6434	91.4869	
28.6561	91.6649	
28.1643	91.4843	
28.237	91.4401	
28.1374	91.3515	
27.979	91.4191	
27.89	91.3476	
28.1772	91.4831	
28.3917	91.5389	
28.2476	91.3724	
27.722	90.9731	
27.8697	90.8817	
27.8669	91.1307	
27.6657	91.0884	
27.7624	91.0527	
27.5142	90.9054	
27.1557	90.8851	
27.2736	90.9241	
27.6877	91.0534	
27.9736	90.9919	
27.8501	90.9718	
28.0807	90.8456	
28.293	90.9421	
28.5313	90.8129	
28.7589	90.8062	
28.5912	91.0117	
27.9574	90.766	
27.7473	90.9526	
27.8637	91.2248	
27.8372	91.1408	
27.6457	90.9792	
27.0883	90.979	
26.5248	90.8993	
26.2477	90.6697	
26.0619	90.9089	
25.7564	91.078	
25.4856	90.8769	
25.0464	90.9332	
24.6779	90.8922	
24.5722	90.9011	
24.4344	91.2083	
24.4499	91.3197	
24.7996	91.4368	
24.9581	91.6612	
25.2881	91.8177	
25.3995	92.0121	
25.5577	92.0781	
25.4846	92.2213	
25.027	92.6261	
24.5052	92.4182	
24.0803	92.9006	
23.455	92.9469	
22.9329	93.1797	
22.446	93.4153	
21.5683	93.6374	
21.0936	93.6174	
20.613	93.5616	
20.0446	93.7336	
19.2815	93.9135	
19.012	93.8163	
18.829	93.8844	
18.4495	93.8701	
18.2045	94.1228	
18.3629	94.2715	
18.3715	94.3705	
18.2728	94.6084	
18.1281	94.4929	
17.8873	94.4609	
16.9365	94.689	
16.4663	94.5725	
15.1497	94.4508	
14.5975	94.1472	
14.141	94.2581	
13.7672	94.0854	
13.1973	93.997	
13.2298	93.7289	
12.8595	93.6212	
12.7577	93.4989	
12.6429	93.3712	
12.5378	93.1747	
12.641	93.0882	
12.6128	93.2124	
12.5532	93.0743	
13.0842	93.2539	
13.1438	93.3767	
13.4982	93.2927	
14.0862	93.1463	
14.0076	92.9405	
14.252	92.8512	
14.3286	92.8851	
14.5161	92.7678	
14.7831	92.5987	
15.0819	92.6337	
15.649	92.5437	
16.1545	92.3563	
15.96	92.0398	
16.1812	91.696	
16.1135	91.5462	
16.3272	91.4573	
16.4719	91.5114	
16.7751	91.5827	
17.3091	91.4278	
17.8051	91.4583	
18.3229	91.6768	
18.9254	91.5329	
19.5241	91.3973	
19.8425	91.5462	
20.2062	91.6855	
20.254	91.7726	
21.3523	92.0656	
21.5473	92.1457	
21.7821	92.3027	
21.9498	92.3574	
22.5003	92.5383	
22.9273	92.3783	
23.7398	92.6446	
24.1745	92.6432	
24.5052	92.614	
25.0077	92.729	
25.3307	92.6785	
25.537	92.4945	
26.1907	92.7347	
26.4973	92.8928	
26.7042	92.7505	
27.0921	92.7914	
27.049	92.9407	
26.9834	92.7198	
27.0711	92.8308	
26.7071	92.7962	
26.5246	92.8986	
26.6955	93.1713	
26.819	93.2623	
26.9433	93.3431	
27.1372	93.3947	
26.761	93.2776	
26.6203	93.4764	
26.4422	93.3606	
26.6658	93.5561	
26.5589	93.6091	
26.3927	93.5839	
26.8529	93.6464	
26.8874	93.4946	
26.7976	93.3039	
26.8465	93.1684	
26.6391	93.0993	
26.6151	93.0169	
26.5298	93.3132	
26.3526	93.5207	
26.2521	93.2675	
26.3372	93.1124	
26.378	93.2496	
26.318	93.0823	
26.0858	92.9285	
25.7562	92.7653	
25.7957	92.768	
25.4788	92.4772	
25.121	92.3964	
24.9323	92.7276	
24.7186	92.8148	
24.1848	92.6042	
23.8779	92.398	
23.1593	92.461	
22.708	91.9819	
22.8162	91.9416	
22.7751	91.7968	
22.7979	91.722	
22.8404	91.4947	
22.8529	91.581	
22.388	91.3195	
22.058	91.2356	
21.9296	91.3329	
21.8155	91.5352	
21.4939	91.3908	
21.0776	91.308	
21.2942	91.4545	
21.1688	91.4142	
21.255	91.635	
21.1944	91.9662	
21.2795	92.1093	
20.9328	92.4659	
21.0052	92.297	
21.3204	92.2592	
21.3313	92.8279	
21.0664	92.9773	
21.0569	93.1208	
21.2142	93.1985	
21.1884	93.512	
21.1881	93.7015	
21.1444	94.0074	
21.2931	94.0114	
21.3516	93.9723	
21.4108	94.4518	
21.3247	94.5804	
21.5638	94.7526	
21.5244	94.8296	
21.5762	94.8647	
21.8956	94.6734	
22.0477	94.7961	
22.0944	94.9798	
21.9653	95.0919	
22.1192	95.3836	
21.9894	95.1395	
21.8174	95.1545	
21.7244	95.2032	
21.5074	95.8111	
20.8791	95.7887	
20.5531	95.7673	
20.4204	95.8213	
20.0319	95.7665	
19.6817	95.5345	
19.5399	95.3468	
19.5666	95.4468	
19.4289	95.2078	
19.2862	95.1903	
19.3477	95.3149	
19.1443	95.1397	
18.9207	95.267	
18.7009	95.3847	
18.7832	95.0954	
18.7225	94.9615	
18.5392	94.8041	
18.9394	94.9113	
18.8105	94.764	
18.8687	94.6949	
18.5621	94.7298	
18.2323	94.6564	
17.9791	94.3732	
17.7013	94.6624	
17.2258	94.3977	
17.2804	94.2611	
17.384	94.2079	
17.4205	94.313	
17.5977	94.1179	
17.8786	94.0724	
17.5932	94.1925	
17.6852	93.9239	
18.1448	94.1416	
18.4877	94.2762	
18.4446	94.3522	
18.2559	94.4282	
18.2525	94.436	
18.3103	94.2916	
18.3125	94.218	
18.4318	94.0842	
18.5229	93.9355	
18.6249	93.8849	
18.663	93.8713	
18.8246	93.7521	
18.9098	93.3293	
18.7077	93.1817	
18.3287	93.3377	
18.3287	93.2068	
18.1999	93.1008	
18.3124	92.9658	
18.6768	93.0853	
18.6597	93.0827	
18.7755	93.0279	
19.097	93.0761	
19.5339	93.2618	
19.9784	93.2468	
20.3097	93.0749	
20.7505	92.906	
20.9803	92.9349	
21.4936	92.9792	
21.7019	92.6756	
22.3412	92.5395	
22.6377	92.3929	
23.0758	92.2513	
23.3226	92.1642	
23.8277	92.2507	
24.2837	92.0004	
24.6484	91.8501	
24.7094	91.9166	
24.5823	91.4327	
24.571	91.4762	
24.7946	91.4229	
24.6846	91.2907	
24.8762	91.1795	
24.9439	91.0929	
25.0328	91.0472	
25.0501	91.0457	
24.9728	90.9456	
25.1441	90.9464	
25.165	91.0346	
25.1615	91.0838	
25.2829	90.9331	
25.2448	90.9447	
25.441	90.8391	
25.5707	90.8348	
25.7965	91.0811	
25.92	91.0782	
26.0303	91.1161	
26.1713	91.2053	
26.1685	91.0319	
25.9004	91.1314	
25.834	91.1842	
25.616	91.3072	
25.6258	91.5182	
25.6329	91.6468	
25.3724	91.6508	
25.3256	91.8493	
25.3058	91.8359	
25.113	92.0473	
24.7413	92.4508	
24.7875	92.7835	
24.9131	93.1439	
24.9484	93.046	
25.209	93.1323	
25.4541	93.031	
25.5011	93.1212	
25.5049	93.2269	
25.4324	93.3917	
25.2155	93.436	
24.9627	93.3554	
24.9037	93.6517	
25.1093	93.7133	
24.9072	93.6789	
24.9419	93.9328	
25.0051	93.8786	
25.3307	94.2043	
25.0199	93.9661	
25.2581	93.9714	
25.0988	94.3143	
24.8575	94.155	
24.9602	94.3214	
24.9518	94.1027	
24.6829	94.1382	
24.5367	94.094	
24.2698	94.1998	
24.278	94.2862	
23.9473	94.1749	
23.8317	94.2582	
23.5038	94.2516	
23.4257	94.2982	
23.1051	94.4798	
22.8189	94.367	
22.2128	94.7663	
21.784	94.9624	
21.664	94.8674	
21.3663	95.1472	
21.084	95.0602	
21.4003	94.9499	
21.5719	95.1809	
21.5118	95.3276	
21.2464	95.5032	
21.2494	95.4843	
20.8992	95.76	
20.7241	95.8383	
20.7533	96.2311	
20.391	96.1997	
20.7924	96.2313	
20.9083	96.4653	
21.0258	96.7153	
20.9301	96.7338	
20.8438	96.8683	
20.8867	96.9424	
21.0928	97.3764	
20.8849	97.7062	
20.8234	97.5689	
21.1649	98.2938	
21.3335	98.4477	
20.9296	98.873	
21.2198	99.0008	
21.0094	99.2397	
20.9663	99.2622	
20.8631	99.2141	
20.9872	99.3681	
20.7953	99.2063	
21.0655	99.3662	
21.0237	99.3332	
21.3509	99.6107	
21.6077	99.7787	
21.7628	99.8685	
22.1296	100.202	
22.322	100.47	
22.4544	100.39	
22.7756	100.454	
22.9362	100.507	
23.2223	100.451	
23.4747	100.953	
23.5977	101.133	
23.9516	100.964	
24.0826	101.016	
24.3262	101.013	
24.4999	100.962	
24.5325	100.961	
24.6244	100.97	
24.6732	101.257	
24.6759	101.299	
24.7615	101.15	
24.948	101.199	
24.9207	101.554	
24.9877	101.375	
25.2505	101.23	
25.2342	100.968	
25.1444	100.772	
25.3205	100.775	
25.1823	100.901	
25.2119	100.803	
25.6024	101.076	
25.2879	101.125	
25.3409	100.966	
25.3248	100.678	
25.7932	100.557	
25.6996	100.361	
25.3819	100.151	
25.8	100.08	
25.8852	100.082	
26.03	99.9646	
26.2748	100.254	
26.2902	100.448	
26.6123	100.328	
26.8303	100.611	
26.8161	100.809	
27.084	100.842	
27.016	100.8	
27.2119	100.671	
27.1159	100.942	
27.2303	101.217	
27.4362	101.337	
27.442	102.013	
27.4064	102.356	
27.5586	102.679	
27.7954	103.076	
27.6711	102.831	
27.5563	102.863	
27.6545	103.131	
27.5535	103.141	
27.4003	103.522	
27.4215	103.598	
27.3838	103.73	
27.3992	103.66	
27.2066	103.679	
27.2967	104.111	
26.9523	104.084	
27.0611	104.301	
27.1506	105.358	
27.2197	105.52	
27.3234	105.916	
27.0737	105.92	
27.1063	106.136	
27.3954	106.083	
27.4626	106.453	
27.6909	106.523	
27.742	106.82	
27.7979	106.862	
27.7491	107.079	
27.7262	107.555	
27.528	108.039	
27.3247	108.079	
26.7891	108.62	
26.5891	108.581	
26.3854	108.692	
26.3335	108.929	
26.2015	109.143	
26.0194	109.407	
25.9381	109.415	
25.9459	109.87	
25.8186	110.002	
25.6816	110.473	
25.7451	110.973	
25.6851	111.198	
25.3652	111.195	
25.3345	111.12	
25.2787	111.305	
25.0955	111.301	
24.9109	111.336	
24.6063	111.506	
24.6674	111.383	
24.417	111.577	
24.4134	111.783	
24.3369	111.769	
24.3564	111.768	
23.9657	111.794	
23.8834	111.856	
24.0273	111.765	
24.2608	111.753	
23.9023	111.428	
23.7098	110.841	
23.7487	110.867	
24.0411	111.173	
24.0515	111.135	
24.3033	111.488	
24.7168	112.038	
24.4159	111.974	
24.5297	112.113	
24.7339	112.188	
24.848	111.879	
24.9847	111.743	
25.3401	111.666	
25.1249	111.43	
25.274	110.461	
25.2503	110.12	
25.352	109.918	
25.5924	109.987	
25.5221	109.829	
25.9898	109.662	
25.9231	109.663	
25.946	109.418	
26.0914	109.199	
26.0646	109.09	
26.0666	109.064	
25.9665	109.206	
26.0456	109.446	
26.1573	109.319	
26.2646	109.16	
26.0624	109.218	
26.2561	109.671	
26.1406	109.641	
25.836	109.457	
25.8076	109.268	
25.5695	109.066	
25.063	108.795	
24.8204	108.008	
24.7248	107.597	
24.8817	107.918	
24.6893	108.191	
24.5375	108.495	
24.2869	108.821	
24.2656	108.956	
23.6769	108.603	
23.2387	108.376	
23.2736	108.109	
23.4351	108.145	
23.2567	108.38	
23.0236	108.124	
23.128	107.702	
22.9018	106.752	
23.269	106.659	
23.4655	106.07	
23.7092	105.376	
24.5019	105.824	
24.7898	105.967	
24.8067	105.558	
25.0066	104.734	
25.6619	105.091	
26.0161	105.421	
26.3206	105.892	
26.468	106.259	
26.8022	107.051	
27.0207	107.467	
27.2215	107.698	
28.0918	108.395	
28.2099	108.895	
29.0358	110.167	
29.3887	110.551	
29.6552	111.189	
29.705	111.348	
30.5086	112.04	
30.6279	112.847	
30.9656	113.652	
31.4305	114.734	
31.7724	115.28	
31.6232	115.805	
31.6235	115.755	
31.6503	116.038	
31.6173	115.87	
31.6799	115.557	
31.4055	114.604	
31.4397	113.226	
31.8756	113.496	
31.9434	112.64	
32.4148	112.271	
32.7712	111.837	
32.1754	110.014	
32.5744	109.583	
33.4375	109.353	
33.8303	108.904	
34.8233	108.512	
35.5188	108.712	
35.9048	107.837	
36.2315	107.196	
37.0081	107.208	
37.6328	106.966	
39.1469	107.831	
39.9102	108.844	
40.4494	108.955	
39.7437	107.689	
39.6427	107.474	
40.069	107.445	
40.2853	107.697	
40.417	107.621	
40.7989	106.903	
41.0959	106.843	
41.9276	106.493	
42.1667	103.817	
42.3529	103.646	
43.2145	103.631	
43.1036	101.999	
43.4217	102.072	
43.4503	101.6	
43.18	100.545	
44.9531	100.884	
45.4378	101.489	
47.1759	103	
47.124	103.488	
46.9786	103.81	
48.5587	104.785	
48.2375	105.434	
49.7614	108.545	
49.71	108.814	
49.2429	107.781	
49.9844	108.122	
50.1579	109.542	
51.5212	111.368	
51.3853	111.024	
51.2558	110.473	
51.2016	110.344	
50.9596	109.642	
51.083	108.435	
51.9365	107.629	
52.2583	107.487	
52.5099	106.988	
52.6476	106.526	
53.7835	107.86	
54.3237	108.299	
54.0346	107.692	
53.5789	107.863	
53.8496	108.626	
55.0232	110.841	
55.1943	112.838	
55.6887	113.58	
55.3608	114.186	
54.8392	115.964	
54.1586	118.012	
53.3398	118.583	
52.9515	118.347	
52.7404	118.099	
53.9441	118.348	
53.9808	117.365	
52.2867	115.164	
53.344	113.385	
53.9983	113.802	
53.8116	112.311	
51.2122	108.833	
50.8198	107.675	
50.5248	107.307	
50.6214	106.335	
52.1088	107.713	
52.974	107.913	
53.1792	107.831	
53.2635	107.56	
51.2097	106.579	
51.0781	104.887	
51.3074	104.415	
53.5665	104.921	
54.9863	105.489	
56.3421	106.255	
59.2495	108.407	
60.5388	109.675	
61.3677	111.22	
61.0579	113.953	
60.5314	113.762	
59.1731	112.372	
57.746	109.773	
59.2874	108.444	
59.761	106.582	
59.813	105.066	
60.5794	103.765	
62.5779	104.088	
62.6222	101.489	
65.1813	100.807	
66.3624	101.262	
69.1415	104.024	
72.9827	104.19	
73.0238	103.587	
73.6051	102.9	
74.8363	103.192	
76.025	103.65	
77.4752	105.108	
78.6062	104.861	
75.843	101.668	
73.8689	97.0977	
65.2323	88.9391	
59.795	83.5628	
44.8206	76.2011	
34.5957	71.8922	
23.0309	67.6878	
17.2836	66.0071	
8.37609	62.9622	
-0.985535	60.7817	
-8.31035	60.2483	
-7.51737	58.1845	
-3.51085	58.5277	
-0.861442	57.815	
0.871178	57.5337	
4.12701	59.9728	
8.68768	57.7679	
14.4313	59.7563	
16.7956	59.372	
22.8683	59.0923	
28.0074	58.5009	
27.7904	61.1457	
34.1837	63.1647	
32.8003	59.2563	
34.6011	59.5553	
31.8008	61.1327	
18.2812	57.5193	
15.1287	60.8789	
12.0132	58.0167	
5.88323	59.5297	
-0.262844	64.8595	
-9.0803	60.2778	
-13.8207	59.9908	
-18.4693	58.5757	
-22.5876	57.06	
-27.9809	55.2541	
-35.6339	53.8537	
-66.8362	54.603	
-64.0625	59.1144	
-61.9853	65.3585	
-72.6482	59.6976	
-65.9077	70.2957	
-81.6583	61.7178	
-96.7591	70.3002	
-82.4532	55.1067	
-123.398	55.5994	
-104.84	86.6186	
-95.571	80.9242	
-89.3465	55.7291	
-50.2207	61.1681	
-41.2806	64.5447	
-47.408	75.2591	
-39.8523	70.15	
-37.0314	73.64	
-38.6688	84.5765	
-44.557	82.9371	
-62.748	120.246	
-101.403	107.554	
-20.8274	93.7936	
-30.3898	100.19	
-1890.84	3672.61	
-87.9699	155.916	
-46.6373	132.037	
-84.3135	211.465	
-96.5807	159.838	
-20.993	161.844	
-70.236	257.254	
206.296	-87.8756	
-24.5012	177.809	
-18.2364	140.81	
3.75391	471.499	
-30.1397	145.332	
-63.2689	135.348	
-239.716	380.281	
-254.349	384.491	
-77.1244	243.014	
-7.80355	414.785	
-98.4807	364.198	
-173.646	389.098	
-89.5582	218.381	
-242.226	564.455	
-48.2173	135.145	
-20.7651	117.809	
-60.5705	128.644	
-74.1926	162.165	
-217.502	184.84	
-93.3619	145.4	
-167.93	217.986	
559.89	-161.613	
341.651	-196.385	
-768.365	689.416	
-91.9813	144.811	
-675.744	587.417	
-44.847	148.377	
-256.762	327.863	
-40.5502	114.425	
-37.4846	141.379	
-68.5752	523.323	
-86.194	694.955	
5.26902	210.027	
-71.9605	535.026	
32.801	184.507	
-144.824	1005.75	
302.161	-392.849	
327.188	-1094.39	
-14.8633	-24.6747	
-40.408	163.834	
-17.7746	127.766	
-115.922	257.412	
-68.9814	303.783	
-24.6302	188.796	
-228.07	536.069	
-127.554	87.7554	
-169.148	157.809	
-606.934	310.637	
110.134	13.0477	
-69.6349	198.413	
-78.0088	258.059	
-37.0886	187.197	
359.453	1608.19	
-0.39028	225.736	
147.864	1485.07	
105.915	261.419	
127.394	256.493	
15.0818	260.695	
341.089	-441.846	
-69.9543	177.184	
-45.0591	111.585	
-94.4034	176.319	
-8.41175	129.151	
-7.96665	105.938	
22.6679	110.095	
-2.56836	112.288	
-95.798	263.961	
-98.6812	193.584	
85.9983	-133.262	
112.434	-38.8441	
427.97	-224.595	
346.981	-104.829	
-695.065	933.043	
432.97	-256.64	
-520.563	469.64	
-23.6303	100.918	
-11.5765	107.588	
6.84709	96.7677	
-15.0057	228.715	
-47.7978	149.75	
-79.6354	149.824	
-62.4043	96.6378	
-27.4705	119.236	
-26.8157	134.933	
-300.76	567.819	
1595.64	-1078.52	
-75.3493	160.921	
-203.286	348.278	
-91.0029	223.535	
-48.1638	144.335	
-1.8279	110.658	
2.55759	574.934	
1456.22	-3894.64	
-173.182	780.388	
-344.545	910.448	
-140.501	172.911	
-25045	30912.4	
33.5503	-163.894	
-25.8664	-121.238	
-12.6098	-105.623	
-136.371	547.709	
-1189.88	900.075	
-111.194	236.384	
-61.7434	170.354	
-168.862	205.076	
-459.335	395.18	
-43.5028	182.71	
183.36	-15.3942	
201.687	-291.972	
130.367	-79.3477	
138.231	-71.9097	
27.7374	40.7992	
55.3227	25.0821	
177.84	0.589925	
-3554.3	710.641	
130.541	-196.812	
90.9399	-318.068	
-192.918	332.399	
-2.4481	120.918	
17.814	182.338	
-119.465	998.823	
47.8381	283.926	
-18.3419	171.368	
-81.4018	173.846	
-142.792	241.201	
-301.408	406.489	
-73.0268	270.473	
798.178	-1324.48	
-199.334	192.4	
-125.42	206.952	
-133.963	168.512	
-106.68	179.852	
-94.3914	188.493	
-54.1582	158.156	
171.479	0.919598	
110.841	84.2043	
116.948	-38.0906	
-3793.86	3020.92	
-132.25	123.28	
-85.9091	141.475	
-102.927	204.332	
-40.9932	162.441	
-390.438	507.642	
376.917	-284.511	
87.9902	-48.8846	
1215.53	-1897.91	
410.375	-258.219	
215.213	-62.2223	
247.736	-74.3341	
-302.277	320.371	
554.309	-688.802	
-17.1252	177.509	
-47.1473	209.734	
44.8375	-79.5772	
-430.507	3120.38	
37.8649	-15.6565	
246.155	-109.545	
1.59203	175.452	
-29.6065	164.128	
-175.239	261.642	
-297.471	252.677	
-4973.87	2168.44	
282.674	-292.217	
-59.8081	127.516	
-47.6803	131.938	
-6.61128	89.4709	
-25.8141	135.097	
-51.1849	260.181	
-32.8563	135.581	
-7.6434	105.498	
5.78021	133.99	
-111.39	248.209	
-79.5046	224.952	
0.0431999	364.42	
10.259	532.179	
30.59	170.93	
-20.2013	369.777	
56.7802	10.8141	
27.6091	-22.0482	
199.035	-603.992	
0.18804	502.229	
0.873088	141.971	
-808.963	2284.79	
-221.018	265.785	
-239.772	323.228	
-57.2779	146.979	
-4.88241	109.021	
-11.7853	113.515	
-1.85251	109.855	
-15.0248	123.822	
-44.5889	120.998	
-127.969	292.422	
-54.9877	178.979	
347.873	-213.562	
240.985	10.2294	
244.816	-357.551	
809.121	-1293.61	
83.1457	-123.711	
164.505	-129.055	
241.09	-450.912	
-7.10547	134.344	
-28.811	149.801	
-25.9648	210.104	
16.729	99.3594	
-15.1493	100.077	
-112.601	53.9802	
-55.935	100.141	
-38.3589	121.5	
-1.81304	121.563	
16.6668	122.878	
10.3815	121.087	
44.7299	109.468	
86.2983	244.637	
-3098.81	13286.4	
-83.8265	378.704	
-33.0102	-1564.05	
-17.9918	245.141	
-7.61538	157.68	
-35.5403	275.684	
143.584	-5.5926	
-124.234	268.733	
50.3504	-151.073	
-7.30494	233.227	
-48.125	93.8847	
49.1162	-69.5836	
41.6538	-176.546	
145.832	-48.1237	
476.927	-367.065	
186.921	-16.5273	
97.4829	42.1408	
320.648	1.50447	
-153.461	201.934	
-33.6487	86.2675	
-37.9443	189.986	
-74.8461	153.128	
10.1039	547.997	
3.03012	144.122	
-25.7936	149.277	
18.352	156.769	
30.9853	720.115	
-12.2924	-94.4221	
72.7529	166.248	
33.3714	206.007	
118.819	-275.38	
8.00237	143.024	
-48.3773	1.04274	
111.062	0.0645814	
477.95	-281.888	
-339.063	614.659	
-433.418	371.111	
-94.1492	107.865	
-65.9322	109.189	
-617.746	473.247	
-502.004	55.4229	
84.5193	41.7573	
0.657987	336.486	
-6.58072	565.661	
19.6279	424.187	
57.9859	-69.271	
58.479	-53.4508	
25.0371	-7.18778	
84.9847	-129.506	
402.66	-259.385	
-23.5919	131.582	
256.018	-923.118	
-42.2162	209.087	
13.5131	146.47	
-5.62405	185.978	
55.7529	279.243	
-16.9063	-24.8149	
73.1229	45.7855	
179.09	-30.4222	
-33.8977	145.429	
322.778	-7.64413	
308.381	13.9553	
126.963	123.775	
-139.186	79.1782	
-51.3643	111.439	
-15	119.875	
86.9354	171.057	
161.398	-426.063	
323.689	-229.033	
91.3346	-12.8293	
56.0802	12.7643	
172.314	-122.438	
193.047	-428.903	
106.638	-162.994	
1598.89	-3795.03	
113.986	-68.9576	
-107.965	474.855	
-115.366	215.206	
14.867	100.627	
-49.6193	145.967	
140.917	-847.482	
931.538	-1681.81	
-16.1393	196.97	
-6.05036	397.576	
15.9388	398.26	
32.8751	226.084	
11.8812	220.693	
-57.4346	-82.9735	
28.6627	-353.816	
-91.155	404.369	
-172.677	315.139	
-319.094	163.329	
2.71238	167.051	
602.701	-1384.28	
-30.672	218.773	
2323.95	-6897.23	
-15.1608	216.063	
48.5966	191.923	
18.9258	114.854	
10.7685	93.0121	
4.55724	145.658	
30.639	128.369	
-15.3933	224.183	
-82.9415	220.608	
7.74458	170.091	
-205.612	270.371	
-161.403	218.954	
-187.21	238.064	
-50.0357	155.199	
6.69763	150.755	
159.922	298.69	
62.3625	146.002	
34.5927	216.561	
-40.7297	280.348	
96.4493	2687.85	
-27.5191	308.523	
2.389	495.542	
-175.321	530.619	
7.20064	240.366	
0.478891	218.655	
-487.042	1163.81	
25.3175	-95.3385	
-130.586	508.784	
-23.8368	136.263	
-48.1194	183.774	
-163.634	415.424	
106.448	-701.709	
-2.70491	264.552	
81.0223	-78.4348	
2001.63	-4245.16	
-349.691	647.514	
63.5001	-99.392	
45.7495	-35.381	
88.101	6.30805	
187.064	-165.774	
-3551.38	3303.18	
4.6123	486.327	
-55.2234	134.543	
194.086	-239.624	
163.375	-94.3582	
-33.5975	258.113	
3015.23	-5936.14	
100.54	-63.356	
-128.993	97.1069	
-50.0444	171.581	
2.25281	117.994	
8.306	99.4908	
-658.453	817.998	
-359.119	646.841	
-13.1714	117.632	
-1063.74	863.942	
-185.085	395.076	
-25.6575	274.666	
256.376	-206.119	
-164.463	466.111	
-501.609	626.189	
186.372	-58.2573	
212.517	-21.1175	
152.884	-5.54549	
-15.1673	161.145	
27.3853	221.77	
45.1281	118.514	
34.2867	138.887	
37.7158	159.463	
20.7958	136.038	
28.156	154.709	
151.782	-73.6679	
485.456	-1640.61	
110.134	-37.7855	
159.482	-30.1226	
148.695	-39.5964	
323.753	-181.751	
216.499	-102.178	
-165.365	385.127	
696.355	-516.634	
350.858	-349.36	
274.709	-2311.14	
194.911	-167.971	
-166.185	348.356	
-119.197	276.733	
76.4396	-55.2967	
127.394	-75.1302	
105.413	-0.4705	
154.086	-42.3888	
85.6225	10.2503	
140.806	31.9599	
-250.743	173.823	
-0.25669	260.709	
4.2758	152.56	
-12.9749	188.931	
-30.3256	103.181	
-210.703	256.507	
47309.9	-12551.5	
-267.718	227.207	
-223.384	300.518	
-3222.73	1312.84	
-90.5046	147.225	
-85.5857	226.414	
-74.8521	214.395	
-162.431	227.781	
113.777	-142.894	
210.101	-236.544	
-112.269	895.056	
24.5494	178.75	
0.36531	155.027	
-38.7407	243.82	
444.912	-515.119	
-743.922	669.651	
13.1617	164.417	
3.1418	188.812	
-34.0187	221.212	
-264.32	513.385	
-4.47043	150.607	
-2.85194	192.593	
46.0328	181.901	
55.7427	99.1893	
48.54	88.4466	
74.2768	244.343	
46.4186	149.868	
66.5622	170.763	
-14.4158	217.291	
-116.741	282.049	
-49.7434	183.568	
14.1013	126.563	
-144.743	267.791	
461.326	-502.191	
-28.6895	224.422	
-155.022	272.92	
1102.8	-771.13	
-223.372	297.183	
28.1524	101.48	
340.861	-1935.82	
107.153	1.12161	
-177.895	395.609	
25.3699	146.498	
12.6574	138.839	
68.81	123.854	
85.495	96.6418	
22.1194	100.845	
41.0281	126.855	
117.903	-157.971	
99.2059	-171.937	
2765.63	-10570.2	
472.629	-1252.62	
0.44004	166.745	
946.476	-1856.17	
11174.6	-21615	
-48.9753	207.616	
191.174	-145.018	
188.475	-33.7531	
-41.1505	179.159	
-5.33252	170.599	
-357.068	1329.25	
52.1121	140.571	
100.66	182.531	
79.6379	125.533	
68.4346	143.069	
119.462	139.886	
174.287	-4.23013	
-35.3439	285.836	
-22.6197	190.353	
-449.992	523.346	
-120.021	213.274	
-101.453	296.515	
966.488	-1982.32	
81.5039	-1.10056	
543.785	-1204.91	
-112.715	720.141	
-120.406	301.672	
-291.63	615.343	
-3590.83	2655.76	
36.7817	133.17	
27.4491	144.965	
-37.7083	133.417	
-7.37451	62.1734	
-3304.31	5265.19	
45.679	168.195	
45.1384	121.676	
44.8268	118.244	
2.58674	132.288	
21.3018	152.716	
104.376	-331.93	
-304.904	370.98	
427.96	-448.604	
112.504	17.6184	
229.886	3183.93	
94.1355	243.495	
-90.5625	374.12	
72.0958	143.142	
77.3415	122.149	
118.53	253.723	
88.9804	198.804	
-70.9952	2045.26	
-90.0736	334.357	
-9.37375	139.218	
-32.9234	174.088	
-126.461	146.68	
-37.5497	114.574	
-5102.89	8314.97	
-5.07737	161.774	
8.72112	171.263	
8.87398	162.944	
50.4134	277.007	
-37.9982	403.49	
713.43	-370.712	
3379.09	-2633.47	
-34.1406	142.836	
-24.5482	256.246	
63.0955	95.5702	
-44.2	159.042	
19.2311	203.697	
-168.241	449.129	
-83.1998	340.662	
74.4953	135.647	
20.4552	182.945	
24.2169	104.171	
63.7646	129.677	
3.79908	187.174	
33.4862	166.133	
40.7858	233.343	
38.0151	207.599	
50.8891	221.664	
-27.2976	245.055	
63.6187	103.967	
85.0711	132.581	
66.4262	84.0862	
76.6864	53.2746	
62.1104	-83.5624	
-37.9515	443.841	
81.765	118.767	
48.708	127.242	
62.6067	117.832	
63.3715	115.041	
44.7197	159.085	
26.3689	195.237	
20.8574	146.281	
19.6378	167.314	
240.085	-64.5232	
325.078	-46.2876	
234.334	12.9641	
210.114	20.8572	
-121.198	197.617	
499.607	-102.435	
660.528	-587.443	
91.6191	0.245468	
-701.338	1220.32	
-338.022	1075.23	
293.032	-159.974	
-274.18	322.956	
-187.475	319.313	
316.44	-154.179	
189.922	-47.2412	
254.072	-129.048	
358.701	-150.631	
1995.61	-944.963	
499.528	-317.339	
399.8	-231.063	
-66.5696	238.828	
114.271	24.4592	
278.286	-146.17	
49.3673	279.259	
-92.8334	301.339	
-686.706	1201.64	
46.5064	276.534	
225.036	-254.774	
11.5696	239.329	
18.8349	142.441	
33.1572	221.539	
31.9899	257.501	
69.9091	227.43	
72.854	145.964	
527.108	-375.663	
-86.2399	317.603	
199.548	-29.2002	
258.385	-39.4644	
23.034	182.89	
82.8242	1070.26	
82.6974	190.174	
-17.6903	700.255	
505.449	-2243.95	
-7.95947	215.353	
-343.924	574.716	
22.2061	122.04	
-251.246	346.291	
1946.21	-1777.61	
-102.33	544.21	
418.384	-379.607	
-375.318	530.748	
925.586	-895.09	
-224.288	404.5	
-11.3225	351.389	
12.6178	164.88	
41.1259	175.187	
25.2607	118.755	
6.53103	148.679	
125.501	121.921	
217.494	157.108	
206.337	118.806	
220.181	115.221	
221.058	112.758	
214.088	108.517	
211.644	104.782	
213.63	106.898	
211.114	107.856	
211.505	109.059	
204.57	105.548	
206.222	103.911	
208.106	103.251	
205.925	103.508	
204.721	102.374	
204.297	101.941	
209.415	104.123	
210.999	105.6	
208.496	105.544	
207.535	105.219	
207.274	104.215	
208.049	103.425	
207.614	102.534	
209.54	101.509	
209.948	101.193	
212.401	100.652	
210.984	98.6431	
211.762	98.0482	
211.588	96.7977	
210.461	95.8979	
210.768	94.7482	
209.748	93.1118	
207.945	90.8057	
208.628	89.1756	
208.512	87.8739	
209.979	86.3433	
209.976	84.5332	
210.56	82.9722	
210.494	79.6148	
211.016	77.1125	
212.859	74.2592	
210.472	72.0751	
209.839	69.8252	
209.805	67.6602	
209.553	65.6243	
211.193	64.3196	
210.53	62.344	
211.103	60.9282	
211.967	60.0011	
213.243	58.4508	
213.407	57.2366	
214.448	56.7379	
213.734	55.3631	
214.283	54.5545	
215.092	52.9946	
216.185	52.4591	
214.648	51.9748	
214.527	51.8803	
216.492	50.8025	
215.739	50.5906	
214.56	51.3088	
213.636	51.0831	
213.176	50.5756	
216.395	49.9326	
218.1	49.0188	
215.224	49.4638	
212.81	50.6644	
215.476	49.5834	
215.224	50.4415	
217.042	50.5344	
215.035	51.0575	
216.479	50.6106	
216.569	50.2883	
216.437	50.8431	
216.64	51.8562	
219.393	51.1774	
220.045	51.8074	
219.787	52.3933	
217.663	52.4909	
217.898	52.8059	
217.947	53.2078	
216.716	53.8721	
215.857	55.3276	
216.251	55.3613	
216.61	55.9513	
217.269	55.54	
216.127	55.6384	
218.895	55.9647	
217.972	56.6345	
218.548	56.5211	
218.169	56.8661	
218.975	56.7708	
219.262	57.0985	
219.382	57.8698	
219.309	58.443	
218.464	59.0962	
219.023	59.1658	
217.785	59.6564	
218.306	60.3506	
218.201	60.7515	
218.993	60.6908	
218.969	60.7235	
219.02	60.2081	
219.109	60.4443	
219.753	60.507	
218.94	61.0153	
219.665	61.3071	
220.615	61.8145	
220.094	62.3951	
219.75	62.6643	
219.504	63.1541	
219.073	63.4142	
219.714	63.2872	
220.051	63.7404	
220.125	63.9127	
220.077	64.0364	
220.129	64.553	
220.472	64.4147	
219.665	64.2701	
219.227	63.9945	
219.173	63.7979	
218.556	64.1018	
219.073	63.6791	
219.465	63.3296	
219.476	62.9508	
220.534	62.89	
220.165	62.5202	
221.971	62.0448	
221.864	61.804	
221.643	61.4554	
222.102	60.7116	
222.276	60.402	
221.647	59.8243	
220.763	59.5461	
220.581	59.1746	
221.148	58.9659	
221.662	58.4082	
222.219	58.474	
221.964	58.1063	
222.418	57.8207	
223.049	57.5105	
221.573	56.942	
221.254	56.4968	
221.474	56.2029	
221.52	56.1478	
221.248	56.514	
221.647	56.3002	
222.093	56.391	
222.589	56.1551	
223.892	55.9224	
222.764	55.3933	
223.874	55.2914	
224.32	55.2847	
223.696	55.334	
224.284	55.4183	
225.146	54.9589	
224.723	55.2526	
225.537	55.3046	
224.907	55.4429	
224.939	55.5031	
224.847	55.1711	
225.837	55.4193	
225.242	55.5909	
225.013	55.846	
224.694	56.2905	
224.965	56.4594	
225.618	56.6962	
226.757	56.8346	
225.518	56.956	
224.725	57.7085	
224.535	57.864	
225.133	57.7496	
224.147	58.5008	
224.943	59.2378	
224.127	59.0925	
225.361	59.3355	
224.459	60.2961	
223.841	60.6757	
224.255	60.8572	
224.358	61.3382	
224.065	61.8372	
224.339	62.3952	
225.506	62.8316	
225.69	63.223	
225.847	63.9135	
224.625	64.4721	
225.44	64.6742	
225.146	65.2369	
225.388	65.3029	
225.483	65.4933	
226.875	66.2899	
225.956	66.5355	
225.63	66.7399	
226.349	67.0183	
226.05	67.5738	
225.586	68.291	
225.092	68.9964	
225.751	69.2095	
226.243	69.6699	
226.823	69.6134	
226.27	69.9248	
226.046	70.3405	
225.335	70.6129	
225.489	71.0157	
225.306	71.34	
225.497	71.488	
226.019	71.6714	
226.727	72.2973	
226.668	72.0811	
227.07	71.5772	
226.724	71.4589	
226.393	71.6251	
226.724	71.9081	
225.524	71.905	
225.809	72.0347	
226.503	72.1335	
226.795	72.022	
227.026	71.88	
226.375	71.5888	
226.476	71.4303	
226.419	71.1575	
226.725	71.3315	
226.801	71.189	
228.001	70.7959	
226.902	70.9463	
227.217	70.8037	
228.103	70.5785	
227.774	70.4813	
227.185	70.3346	
227.31	70.0166	
227.056	70.1183	
226.707	70.0524	
227.854	70.4639	
227.79	70.4571	
227.309	70.4608	
228.178	70.6728	
228.198	70.6226	
228.196	70.6085	
227.625	70.75	
227.462	71.4056	
227.99	71.9057	
228.922	72.6535	
228.565	73.0972	
228.768	73.6999	
228.159	74.1142	
228.835	74.7259	
228.523	75.0301	
228.326	75.3784	
228.051	75.7153	
228.299	76.3497	
228.545	76.7475	
229.327	77.0029	
229.855	77.8299	
230.187	78.6236	
229.315	79.0464	
229.55	78.9382	
228.345	79.2918	
227.723	79.7223	
227.977	80.1673	
228.54	80.8398	
227.691	81.6045	
227.607	82.0574	
227.588	82.7037	
229.054	83.4413	
229.699	84.27	
230.118	84.0146	
229.372	84.2381	
229.956	85.121	
229.07	85.0118	
229.68	85.3007	
229.362	85.5573	
229.287	85.8723	
228.918	86.683	
229.264	86.8862	
229.066	87.3142	
229.955	87.9755	
228.982	88.0041	
229.725	88.1095	
229.445	88.4826	
228.799	88.388	
230.326	88.4812	
229.749	88.4199	
229.981	88.6975	
229.606	88.5417	
229.449	88.8296	
229.749	88.8665	
229.147	89.279	
228.873	89.8069	
228.26	90.0279	
229.121	90.129	
228.987	90.4402	
228.973	90.3309	
230.482	90.6539	
230.125	90.5076	
229.857	90.8302	
230.365	90.583	
229.603	90.5374	
231.451	90.5346	
230.996	90.0398	
230.071	89.6579	
230.13	89.2586	
230.269	89.3896	
231.223	89.5719	
230.296	89.5486	
229.958	89.6315	
230.941	90.0076	
230.074	89.6172	
231.179	89.3921	
230.979	89.2475	
230.984	88.2419	
230.482	88.5944	
230.824	88.6677	
231.447	88.5655	
231.826	88.9109	
231.365	89.4015	
230.718	89.215	
231.495	89.3793	
232.383	89.3942	
232.933	90.0153	
231.59	90.3378	
230.643	90.1592	
231.438	90.0263	
231.078	90.1103	
232.369	90.7689	
231.164	91.579	
231.85	91.2446	
231.11	91.4136	
231.618	91.309	
231.611	91.4162	
233.015	91.515	
232.19	91.6544	
230.415	91.1164	
230.909	91.1947	
231.414	91.2891	
232.168	91.4776	
232.805	91.6671	
232.099	91.7496	
232.046	91.7028	
230.619	91.7308	
229.833	91.3519	
230.682	91.4836	
230.019	91.9443	
231.514	92.1953	
231.831	92.5923	
231.438	93.1847	
232.133	93.7968	
232.482	94.5111	
233.992	94.4469	
233.472	94.3948	
233.067	94.3325	
232.229	94.6849	
231.712	94.3348	
232.196	94.0859	
232.573	94.2678	
233.764	94.9312	
231.661	94.183	
232.53	93.8514	
233.258	93.5421	
232.956	93.3148	
232.751	93.3167	
232.375	93.0348	
231.787	92.5866	
231.911	93.2377	
231.901	93.7536	
232.31	94.4594	
233.597	94.72	
233.696	94.7366	
232.539	95.2187	
231.511	95.5719	
232.235	96.0834	
232.594	95.8876	
234.019	96.5706	
233.518	96.9063	
234.385	96.7791	
233.99	96.8614	
233.343	96.9331	
232.586	96.9418	
232.57	96.8841	
232.039	97.0381	
233.098	96.9945	
233.482	97.9245	
232.028	97.8712	
233.687	98.7697	
233.939	98.8135	
234.04	99.0568	
233.152	99.4541	
233.525	99.9492	
234.06	100.792	
232.765	100.798	
232.951	100.932	
233.009	101.147	
233.57	101.763	
233.616	101.929	
232.879	102.568	
232.384	103.527	
231.787	103.684	
232.322	104.214	
232.97	105.226	
231.79	105.792	
232.667	106.328	
232.633	106.532	
232.344	106.408	
231.174	106.717	
231.543	106.692	
231.426	106.582	
232.143	107.041	
231.852	107.103	
232.124	107.323	
231.841	107.254	
