0
0
0
0
0
0
0
0
0
0
0
0
0
0
0
0
0
0
0
0
0
0
0
0
0
0
0
0
0
0
0
0
0
0
0
0
0
0
0
0
0
0
0
0
0
0
0
0
0
0
0
0
0
0
0
0
0
0
0
0
0
0
0
0
0
0
0
0
0
0
0
0
0
0
0
0
0
0
0
0
0
0
0
0
0
0
0
0
0
0
0
0
0
0
0
0
0
0
0
0
0
0
0
0
0
0
0
0
0
0
0
0
0
0
0
0
0
0
0
0
0
0
0
0
0
0
0
0
0
0
0
0
0
0
0
0
0
0
0
0
0
0
0
0
0
0
0
0
0
0
0
0
0
0
0
0
0
0
0
0
0
0
0
0
0
0
0
0
0
0
0
0
0
0
0
0
0
0
0
0
0
0
0
0
0
0
0
0
0
0
0
0
0
0
0
0
0
0
0
0
0
0
0
0
0
0
0
0
0
0
0
0
0
0
0
0
0
0
0
0
0
0
0
0
0
0
0
0
0
0
0
0
0
0
0
0
0
0
0
0
0
0
0
0
0
0
0
0
0
0
0
0
0
0
0
0
0
0
0
0
0
0
0
0
0
0
0
0
0
0
0
0
0
0
0
0
0
0
0
0
0
0
0
0
0
0
0
0
0
0
0
0
0
0
0
0
0
0
0
0
0
0
0
0
0
0
0
0
0
0
0
0
0
0
0
0
0
0
0
0
0
0
0
0
0
0
0
0
0
0
0
0
0
0
0
0
0
0
0
0
0
0
0
0
0
0
0
0
0
0
0
0
0
0
0
0
0
0
0
0
0
0
0
0
0
0
0
0
0
0
0
0
0
0
0
0
0
0
0
0
0
0
0
0
0
0
0
0
0
0
0
0
0
0
0
0
0
0
0
0
0
0
0
0
0
0
0
0
0
0
0
0
0
0
0
0
0
0
0
0
0
0
0
0
0
0
0
0
0
0
0
0
0
0
0
0
0
0
0
0
0
0
0
0
0
0
0
0
0
0
0
0
0
0
0
0
0
0
0
0
0
0
0
0
0
0
0
0
0
0
0
0
0
0
0
0
0
0
0
0
0
0
0
0
0
0
0
0
0
0
0
0
0
0
0
0
0
0
0
0
0
0
0
0
0
0
0
0
0
0
0
0
0
0
0
0
0
0
0
0
0
0
0
0
0
0
0
0
0
0
0
0
0
0
0
0
0
0
0
0
0
0
0
0
0
0
0
0
0
0
0
0
0
0
0
0
0
0
0
0
0
0
0
0
0
0
0
0
0
0
0
0
0
0
0
0
0
0
0
0
0
0
0
0
0
0
0
0
0
0
0
0
0
0
0
0
0
0
0
0
0
0
0
0
0
0
0
0
0
0
0
0
0
0
0
0
0
0
0
0
0
0
0
0
0
0
0
0
0
0
0
0
0
0
0
0
0
0
0
0
0
0
0
0
0
0
0
0
0
0
0
0
0
0
0
0
0
0
0
0
0
0
0
0
0
0
0
0
0
0
0
0
0
0
0
0
0
0
0
0
0
0
0
0
0
0
0
0
0
0
0
0
0
0
0
0
0
0
0
0
0
0
0
0
0
0
0
0
0
0
0
0
0
0
0
0
0
0
0
0
0
0
0
0
0
0
0
0
0
0
0
0
0
0
0
0
0
0
0
0
0
0
0
0
0
0
0
0
0
0
0
0
0
0
0
0
0
0
0
0
0
0
0
0
0
0
0
0
0
0
0
0
0
0
0
0
0
0
0
0
0
0
0
0
0
0
0
0
0
0
0
0
0
0
0
0
0
0
0
0
0
0
0
0
0
0
0
0
0
0
0
0
0
0
0
0
0
0
0
0
0
0
0
0
0
0
0
0
0
0
0
0
0
0
0
0
0
0
0
0
0
0
0
0
0
0
0
0
0
0
0
0
0
0
0
0
0
0
0
0
0
0
0
0
0
0
0
0
0
0
0
0
0
0
0
0
0
0
0
0
0
0
0
0
0
0
0
0
0
0
0
0
0
0
0
0
0
0
0
0
0
0
0
0
0
0
0
0
0
0
0
0
0
0
0
0
0
0
0
0
0
0
0
0
0
0
0
0
0
0
0
0
0
0
0
0
0
0
0
0
0
0
0
0
0
0
0
0
0
0
0
0
0
0
0
0
0
0
0
0
0
0
0
0
0
0
0
0
0
0
0
0
0
0
0
0
0
0
0
0
0
0
0
0
0
0
0
0
0
0
0
0
0
0
0
0
0
0
0
0
0
0
0
0
0
0
0
0
0
0
0
0
0
0
0
0
0
0
0
0
0
0
0
0
0
0
0
0
0
0
0
0
0
0
0
0
0
0
0
0
0
0
0
0
0
0
0
0
0
0
0
0
0
0
0
0
0
0
0
0
0
0
0
0
0
0
0
0
0
0
0
0
0
0
0
0
0
0
0
0
0
0
0
0
0
0
0
0
0
0
0
0
0
0
0
0
0
0
0
0
0
0
0
0
0
0
0
0
0
0
0
0
0
0
0
0
0
0
0
0
0
0
0
0
0
0
0
0
0
0
0
0
0
0
0
0
0
0
0
0
0
0
0
0
0
0
0
0
0
0
0
0
0
0
0
0
0
0
0
0
0
0
0
0
0
0
0
0
0
0
0
0
0
0
0
0
0
0
0
0
0
0
0
0
0
0
0
0
0
0
0
0
0
0
0
0
0
0
0
0
0
0
0
0
0
0
0
0
0
0
0
0
0
0
0
0
0
0
0
0
0
0
0
0
0
0
0
0
0
0
0
0
0
0
0
0
0
0
0
0
0
0
0
0
0
0
0
0
0
0
0
0
0
0
0
0
0
0
0
0
0
0
0
0
0
0
0
0
0
0
0
0
0
0
0
0
0
0
0
0
0
0
0
0
0
0
0
0
0
0
0
0
0
0
0
0
0
0
0
0
0
0
0
0
0
0
0
0
0
0
0
0
0
0
0
0
0
0
0
0
0
0
0
0
0
0
0
0
0
0
0
0
0
0
0
0
0
0
0
0
0
0
0
0
0
0
0
0
0
0
0
0
0
0
0
0
0
0
0
0
0
0
0
0
0
0
0
0
0
0
0
0
0
0
0
0
0
0
0
0
0
0
0
0
0
0
0
0
0
0
0
0
0
0
0
0
0
0
0
0
0
0
0
0
0
0
0
0
0
0
0
0
0
0
0
0
0
0
0
0
0
0
0
0
0
0
0
0
0
0
0
0
0
0
0
0
0
0
0
0
0
0
0
0
0
0
0
0
0
0
0
0
0
0
0
0
0
0
0
0
0
0
0
0
0
0
0
0
0
0
0
0
0
0
0
0
0
0
0
0
0
0
0
0
0
0
0
0
0
0
0
0
0
0
0
0
0
0
0
0
0
0
0
0
0
0
0
0
0
0
0
0
0
0
0
0
0
0
0
0
0
0
0
0
0
0
0
0
0
0
0
0
0
0
0
0
0
0
0
0
0
0
0
0
0
0
0
0
0
0
0
0
0
0
0
0
0
0
0
0
0
0
0
0
0
0
0
0
0
0
0
0
0
0
0
0
0
0
0
0
0
0
0
0
0
0
0
0
0
0
0
0
0
0
0
0
0
0
0
0
0
0
0
0
0
0
0
0
0
0
0
0
0
0
0
0
0
0
0
0
0
0
0
0
0
0
0
0
0
0
0
0
0
0
0
0
0
0
0
0
0
0
0
0
0
0
0
0
0
0
0
0
0
0
0
0
0
0
0
0
0
0
0
0
0
0
0
0
0
0
0
0
0
0
0
0
0
0
0
0
0
0
0
0
0
0
0
0
0
0
0
0
0
0
0
0
0
0
0
0
0
0
0
0
0
0
0
0
0
0
0
0
0
0
0
0
0
0
0
0
0
0
0
0
0
0
0
0
0
0
0
0
0
0
0
0
0
0
0
0
0
0
0
0
0
0
0
0
0
0
0
0
0
0
0
0
0
0
0
0
0
0
0
0
0
0
0
0
0
0
0
0
0
0
0
0
0
0
0
0
0
0
0
0
0
0
0
0
0
0
0
0
0
0
0
0
0
0
0
0
0
0
0
0
0
0
0
0
0
0
0
0
0
0
0
0
0
0
0
0
0
0
0
0
0
0
0
0
0
0
0
0
0
0
0
0
0
0
0
0
0
0
0
0
0
0
0
0
0
0
0
0
0
0
0
0
0
0
0
0
0
0
0
0
0
0
0
0
0
0
0
0
0
0
0
0
0
0
0
0
0
0
0
0
0
0
0
0
0
0
0
0
0
0
0
0
0
0
0
0
0
0
0
0
0
0
0
0
0
0
0
0
0
0
0
0
0
0
0
0
0
0
0
0
0
0
0
0
0
0
0
0
0
0
0
0
0
0
0
0
0
0
0
0
0
0
0
0
0
0
0
0
0
0
0
0
0
0
0
0
0
0
0
0
0
0
0
0
0
0
0
0
0
0
0
0
0
0
0
0
0
0
0
0
0
0
0
0
0
0
0
0
0
0
0
0
0
0
0
0
0
0
0
0
0
0
0
0
0
0
0
0
0
0
0
0
0
0
0
0
0
0
0
0
0
0
0
0
0
0
0
0
0
0
0
0
0
0
0
0
0
0
0
0
0
0
0
0
0
0
0
0
0
0
0
0
0
0
0
0
0
0
0
0
0
0
0
0
0
0
0
0
0
0
0
0
0
0
0
0
0
0
0
0
0
0
0
0
0
0
0
0
0
0
0
0
0
0
0
0
0
0
0
0
0
0
0
0
0
0
0
0
0
0
0
0
0
0
0
0
0
0
0
0
0
0
0
0
0
0
0
0
0
0
0
0
0
0
0
0
0
0
0
0
0
0
0
0
0
0
0
0
0
0
0
0
0
0
0
0
0
0
0
0
0
0
0
0
0
0
0
0
0
0
0
0
0
0
0
0
0
0
0
0
0
0
0
0
0
0
0
0
0
0
0
0
0
0
0
0
0
0
0
0
0
0
0
0
0
0
0
0
0
0
0
0
0
0
0
0
0
0
0
0
0
0
0
0
0
0
0
0
0
0
0
0
0
0
0
0
0
0
0
0
0
0
0
0
0
0
0
0
0
0
0
0
0
0
0
0
0
0
0
0
0
0
0
0
0
0
0
0
0
0
0
0
0
0
0
0
0
0
0
0
0
0
0
0
0
0
0
0
0
0
0
0
0
0
0
0
0
0
0
0
0
0
0
0
0
0
0
0
0
0
0
0
0
0
0
0
0
0
0
0
0
0
0
0
0
0
0
0
0
0
0
0
0
0
0
0
0
0
0
0
0
0
0
0
0
0
0
0
0
0
0
0
0
0
0
0
0
0
0
0
0
0
0
0
0
0
0
0
0
0
0
0
0
0
0
0
0
0
0
0
0
0
0
0
0
0
0
0
0
0
0
0
0
0
0
0
0
0
0
0
0
0
0
0
0
0
0
0
0
0
0
0
0
0
0
0
0
0
0
0
0
0
0
0
0
0
0
0
0
0
0
0
0
0
0
0
0
0
0
0
0
0
0
0
0
0
0
0
0
0
0
0
0
0
0
0
0
0
0
0
0
0
0
0
0
0
0
0
0
0
0
0
0
0
0
0
0
0
0
0
0
0
0
0
0
0
0
0
0
0
0
0
0
0
0
0
0
0
0
0
0
0
0
0
0
0
0
0
0
0
0
0
0
0
0
0
0
0
0
0
0
0
0
0
0
0
0
0
0
0
0
0
0
0
0
0
0
0
0
0
0
0
0
0
0
0
0
0
0
0
-4.18018e-007
-6.8941e-007
-8.5156e-006
-1.36852e-005
-3.2606e-005
-4.65772e-005
-7.8299e-005
-0.000103449
-0.000150109
-0.000188592
-0.000251481
-0.000304826
-0.000385253
-0.000454798
-0.000553915
-0.000640828
-0.000758836
-0.000863613
-0.00100096
-0.00112404
-0.00128169
-0.00142382
-0.00160118
-0.0017622
-0.00195684
-0.0021351
-0.00234824
-0.00254397
-0.00277726
-0.00299159
-0.00324512
-0.00347847
-0.00375534
-0.00400984
-0.00430869
-0.00458413
-0.00490582
-0.00520268
-0.00554813
-0.00586712
-0.00623529
-0.00657596
-0.00697081
-0.00733556
-0.00775707
-0.00814664
-0.00859629
-0.00901185
-0.00949461
-0.00993976
-0.010457
-0.0109338
-0.011482
-0.0119887
-0.0125719
-0.0131106
-0.0137265
-0.0142964
-0.0149435
-0.0155433
-0.0162192
-0.0168469
-0.0175502
-0.0182042
-0.0189333
-0.0196119
-0.0203657
-0.0210678
-0.0218443
-0.0225682
-0.0233662
-0.0241104
-0.0249278
-0.0256905
-0.0265267
-0.0273069
-0.0281604
-0.0289567
-0.0298255
-0.0306363
-0.0315181
-0.0323412
-0.0332324
-0.0340649
-0.0349629
-0.035802
-0.0367031
-0.0375454
-0.0384449
-0.0392865
-0.0401796
-0.0410159
-0.0418983
-0.042725
-0.0435935
-0.0444073
-0.0452581
-0.0460554
-0.0468861
-0.0476641
-0.0484729
-0.0492295
-0.0500143
-0.0507475
-0.0515071
-0.0522156
-0.0529486
-0.0536311
-0.054336
-0.054991
-0.0556676
-0.0562945
-0.056941
-0.0575386
-0.0581554
-0.0587234
-0.0593097
-0.0598477
-0.0604029
-0.0609102
-0.0614347
-0.0619115
-0.0624052
-0.0628517
-0.0633143
-0.0637301
-0.0641153
-0.0644704
-0.0647957
-0.0650916
-0.0653586
-0.0655969
-0.065807
-0.0659893
-0.0661442
-0.0662721
-0.0663735
-0.0664487
-0.0664982
-0.0665223
-0.0665216
-0.0664964
-0.0664472
-0.0663744
-0.0662784
-0.0661596
-0.0660185
-0.0658556
-0.0656711
-0.0654657
-0.0652397
-0.0649935
-0.0647277
-0.0644425
-0.0641385
-0.0638161
-0.0634757
-0.0631178
-0.0627427
-0.062351
-0.061943
-0.0615191
-0.0610799
-0.0606257
-0.0601569
-0.059674
-0.0591774
-0.0586675
-0.0581447
-0.0576094
-0.0570621
-0.0565031
-0.0559328
-0.0553517
-0.0547602
-0.0541586
-0.0535473
-0.0529268
-0.0522974
-0.0516594
-0.0510268
-0.0503818
-0.0497418
-0.0490902
-0.0484486
-0.0477944
-0.0471513
-0.0464959
-0.045851
-0.0451948
-0.0445486
-0.0438918
-0.0432439
-0.0425865
-0.0419367
-0.0412785
-0.0406289
-0.0399713
-0.0393233
-0.0386675
-0.0380209
-0.0373673
-0.0367235
-0.036073
-0.0354339
-0.0347882
-0.0341555
-0.033516
-0.0328905
-0.0322584
-0.0316399
-0.0310154
-0.030403
-0.0297856
-0.0291793
-0.0285688
-0.0279684
-0.0273645
-0.0267691
-0.0261712
-0.0255802
-0.0249877
-0.0243974
-0.0238077
-0.0232218
-0.0226366
-0.0220536
-0.0214723
-0.0208914
-0.0203133
-0.0197342
-0.0191588
-0.0185863
-0.0180166
-0.01745
-0.0168867
-0.0163268
-0.0157704
-0.0152177
-0.0146689
-0.014124
-0.0135832
-0.0130466
-0.0125144
-0.0119867
-0.0114636
-0.0109452
-0.0104316
-0.00992289
-0.00941925
-0.00892073
-0.00842744
-0.00793947
-0.0074569
-0.00697982
-0.00650831
-0.00604246
-0.00558233
-0.005128
-0.00467953
-0.004237
-0.00380045
-0.00336996
-0.00294558
-0.00252735
-0.00211533
-0.00170956
-0.00131009
-0.00091695
-0.000530183
-0.000149821
0.000224106
0.00059157
0.000952546
0.00130701
0.00165495
0.00199634
0.00233117
0.00265942
0.0029811
0.0032962
0.0036047
0.00390661
0.00420193
0.00449067
0.00477283
0.00504841
0.00531744
0.00557992
0.00583587
0.0060853
0.00632824
0.0065647
0.00679471
0.0070183
0.00723549
0.00744631
0.0076508
0.00784898
0.00804088
0.00822656
0.00840604
0.00857937
0.00874658
0.00890772
0.00906283
0.00921196
0.00935516
0.00949247
0.00962394
0.00974963
0.00986959
0.00998387
0.0100925
0.0101956
0.0102932
0.0103853
0.010472
0.0105534
0.0106296
0.0107005
0.0107663
0.0108269
0.0108826
0.0109333
0.0109791
0.0110201
0.0110564
0.011088
0.0111149
0.0111373
0.0111552
0.0111687
0.0111779
0.0111828
0.0111835
0.01118
0.0111725
0.0111611
0.0111457
0.0111265
0.0111035
0.0110768
0.0110465
0.0110127
0.0109753
0.0109346
0.0108906
0.0108433
0.0107928
0.0107392
0.0106825
0.0106229
0.0105604
0.0104951
0.0104271
0.0103563
0.010283
0.0102071
0.0101288
0.0100481
0.00996503
0.00987974
0.00979227
0.00970269
0.00961107
0.00951748
0.00942198
0.00932464
0.00922554
0.00912473
0.00902228
0.00891826
0.00881273
0.00870577
0.00859742
0.00848776
0.00837685
0.00826475
0.00815152
0.00803722
0.00792192
0.00780567
0.00768853
0.00757056
0.00745182
0.00733236
0.00721224
0.00709152
0.00697025
0.00684849
0.00672628
0.00660368
0.00648075
0.00635752
0.00623407
0.00611042
0.00598664
0.00586276
0.00573884
0.00561493
0.00549106
0.00536729
0.00524365
0.0051202
0.00499697
0.004874
0.00475133
0.00462901
0.00450708
0.00438557
0.00426451
0.00414396
0.00402393
0.00390448
0.00378562
0.0036674
0.00354985
0.003433
0.00331688
0.00320152
0.00308695
0.0029732
0.0028603
0.00274827
0.00263714
0.00252694
0.00241769
0.00230941
0.00220213
0.00209587
0.00199066
0.0018865
0.00178343
0.00168146
0.00158062
0.00148091
0.00138236
0.00128498
0.00118879
0.00109381
0.00100004
0.000907506
0.000816217
0.000726185
0.000637422
0.000549939
0.000463747
0.000378855
0.000295272
0.000213007
0.000132067
5.24596e-005
-2.58086e-005
-0.000102732
-0.000178304
-0.000252522
-0.00032538
-0.000396875
-0.000467004
-0.000535765
-0.000603155
-0.000669173
-0.000733818
-0.000797091
-0.00085899
-0.000919517
-0.000978673
-0.00103646
-0.00109288
-0.00114793
-0.00120162
-0.00125396
-0.00130494
-0.00135457
-0.00140285
-0.00144979
-0.0014954
-0.00153968
-0.00158264
-0.00162429
-0.00166462
-0.00170366
-0.0017414
-0.00177785
-0.00181303
-0.00184695
-0.0018796
-0.00191101
-0.00194117
-0.00197011
-0.00199783
-0.00202434
-0.00204966
-0.00207378
-0.00209674
-0.00211853
-0.00213916
-0.00215866
-0.00217704
-0.00219429
-0.00221045
-0.00222552
-0.00223951
-0.00225243
-0.00226431
-0.00227515
-0.00228498
-0.00229379
-0.00230161
-0.00230844
-0.00231431
-0.00231923
-0.00232322
-0.00232628
-0.00232843
-0.00232968
-0.00233006
-0.00232958
-0.00232825
-0.00232608
-0.00232309
-0.0023193
-0.00231472
-0.00230937
-0.00230326
-0.00229641
-0.00228882
-0.00228053
-0.00227154
-0.00226186
-0.00225152
-0.00224053
-0.0022289
-0.00221664
-0.00220379
-0.00219034
-0.00217631
-0.00216172
-0.00214659
-0.00213092
-0.00211474
-0.00209805
-0.00208088
-0.00206324
-0.00204513
-0.00202659
-0.00200761
-0.00198822
-0.00196843
-0.00194825
-0.0019277
-0.00190679
-0.00188554
-0.00186395
-0.00184205
-0.00181984
-0.00179735
-0.00177457
-0.00175153
-0.00172824
-0.00170472
-0.00168096
-0.00165699
-0.00163283
-0.00160847
-0.00158394
-0.00155924
-0.00153439
-0.0015094
-0.00148428
-0.00145904
-0.0014337
-0.00140826
-0.00138274
-0.00135715
-0.00133149
-0.00130578
-0.00128003
-0.00125425
-0.00122844
-0.00120263
-0.00117681
-0.001151
-0.0011252
-0.00109944
-0.0010737
-0.00104801
-0.00102238
-0.000996804
-0.0009713
-0.000945873
-0.000920532
-0.000895284
-0.000870138
-0.000845101
-0.000820181
-0.000795383
-0.000770717
-0.000746187
-0.000721802
-0.000697567
-0.000673489
-0.000649574
-0.000625828
-0.000602257
-0.000578867
-0.000555662
-0.00053265
-0.000509834
-0.000487219
-0.000464812
-0.000442616
-0.000420635
-0.000398875
-0.00037734
-0.000356033
-0.000334958
-0.00031412
-0.000293523
-0.000273168
-0.00025306
-0.000233203
-0.000213598
-0.00019425
-0.00017516
-0.000156331
-0.000137766
-0.000119467
-0.000101437
-8.36768e-005
-6.6189e-005
-4.89752e-005
-3.20371e-005
-1.53763e-005
1.00586e-006
1.71081e-005
3.29293e-005
4.84684e-005
6.37245e-005
7.86968e-005
9.33847e-005
0.000107788
0.000121905
0.000135737
0.000149282
0.000162542
0.000175516
0.000188203
0.000200605
0.000212722
0.000224553
0.0002361
0.000247363
0.000258343
0.00026904
0.000279456
0.000289591
0.000299447
0.000309024
0.000318324
0.000327349
0.000336099
0.000344576
0.000352781
0.000360717
0.000368385
0.000375786
0.000382922
0.000389796
0.00039641
0.000402764
0.000408862
0.000414706
0.000420297
0.000425638
0.000430731
0.000435579
0.000440184
0.000444548
0.000448674
0.000452565
0.000456223
0.000459651
0.000462851
0.000465826
0.000468579
0.000471112
0.000473429
0.000475532
0.000477425
0.000479109
0.000480588
0.000481866
0.000482944
0.000483826
0.000484515
0.000485014
0.000485326
0.000485454
0.000485401
0.000485171
0.000484766
0.00048419
0.000483445
0.000482535
0.000481463
0.000480232
0.000478846
0.000477306
0.000475618
0.000473783
0.000471806
0.000469688
0.000467434
0.000465046
0.000462528
0.000459883
0.000457114
0.000454223
0.000451215
0.000448092
0.000444858
0.000441515
0.000438067
0.000434516
0.000430866
0.00042712
0.000423281
0.000419351
0.000415334
0.000411233
0.00040705
0.00040279
0.000398453
0.000394044
0.000389565
0.00038502
0.00038041
0.000375739
0.000371009
0.000366224
0.000361385
0.000356496
0.00035156
0.000346578
0.000341553
0.000336489
0.000331388
0.000326251
0.000321082
0.000315883
0.000310657
0.000305405
0.000300131
0.000294836
0.000289524
0.000284195
0.000278853
0.000273499
0.000268136
0.000262766
0.00025739
0.000252012
0.000246633
0.000241255
0.00023588
0.000230509
0.000225146
0.000219791
0.000214447
0.000209115
0.000203797
0.000198495
0.000193211
0.000187945
0.0001827
0.000177478
0.000172279
0.000167105
0.000161959
0.00015684
0.000151751
0.000146694
0.000141668
0.000136676
0.000131719
0.000126798
0.000121915
0.00011707
0.000112264
0.0001075
0.000102777
9.80963e-005
9.34599e-005
8.88682e-005
8.43221e-005
7.98225e-005
7.53704e-005
7.09665e-005
6.66117e-005
6.23067e-005
5.80522e-005
5.38489e-005
4.96975e-005
4.55987e-005
4.15531e-005
3.75612e-005
3.36236e-005
2.97408e-005
2.59134e-005
2.21417e-005
1.84262e-005
1.47674e-005
1.11655e-005
7.62105e-006
4.13424e-006
7.05404e-007
-2.66518e-006
-5.97727e-006
-9.23064e-006
-1.24251e-005
-1.55605e-005
-1.86366e-005
-2.16534e-005
-2.46108e-005
-2.75086e-005
-3.03469e-005
-3.31255e-005
-3.58446e-005
-3.85041e-005
-4.1104e-005
-4.36444e-005
-4.61254e-005
-4.85471e-005
-5.09097e-005
-5.32132e-005
-5.54577e-005
-5.76436e-005
-5.9771e-005
-6.18401e-005
-6.38511e-005
-6.58043e-005
-6.77e-005
-6.95384e-005
-7.13198e-005
-7.30447e-005
-7.47132e-005
-7.63257e-005
-7.78826e-005
-7.93844e-005
-8.08312e-005
-8.22237e-005
-8.35621e-005
-8.4847e-005
-8.60787e-005
-8.72577e-005
-8.83845e-005
-8.94595e-005
-9.04833e-005
-9.14563e-005
-9.23791e-005
-9.32521e-005
-9.40759e-005
-9.4851e-005
-9.5578e-005
-9.62575e-005
-9.68899e-005
-9.74759e-005
-9.8016e-005
-9.85109e-005
-9.8961e-005
-9.93671e-005
-9.97296e-005
-0.000100049
-0.000100327
-0.000100562
-0.000100757
-0.000100912
-0.000101026
-0.000101102
-0.000101139
-0.000101138
-0.0001011
-0.000101025
-0.000100914
-0.000100769
-0.000100588
-0.000100374
-0.000100126
-9.98462e-005
-9.95341e-005
-9.91906e-005
-9.88165e-005
-9.84125e-005
-9.79791e-005
-9.75171e-005
-9.70271e-005
-9.65097e-005
-9.59656e-005
-9.53956e-005
-9.48001e-005
-9.418e-005
-9.35357e-005
-9.2868e-005
-9.21776e-005
-9.1465e-005
-9.0731e-005
-8.9976e-005
-8.92009e-005
-8.84061e-005
-8.75924e-005
-8.67604e-005
-8.59106e-005
-8.50437e-005
-8.41603e-005
-8.3261e-005
-8.23464e-005
-8.14172e-005
-8.04738e-005
-7.95169e-005
-7.85471e-005
-7.75649e-005
-7.6571e-005
-7.55658e-005
-7.455e-005
-7.35241e-005
-7.24887e-005
-7.14442e-005
-7.03913e-005
-6.93305e-005
-6.82622e-005
-6.7187e-005
-6.61055e-005
-6.50181e-005
-6.39254e-005
-6.28277e-005
-6.17257e-005
-6.06198e-005
-5.95104e-005
-5.83981e-005
-5.72833e-005
-5.61664e-005
-5.50479e-005
-5.39282e-005
-5.28078e-005
-5.16871e-005
-5.05665e-005
-4.94464e-005
-4.83272e-005
-4.72094e-005
-4.60932e-005
-4.49791e-005
-4.38675e-005
-4.27588e-005
-4.16532e-005
-4.05511e-005
-3.9453e-005
-3.8359e-005
-3.72696e-005
-3.61851e-005
-3.51058e-005
-3.4032e-005
-3.2964e-005
-3.1902e-005
-3.08465e-005
-2.97976e-005
-2.87557e-005
-2.77209e-005
-2.66936e-005
-2.5674e-005
-2.46624e-005
-2.3659e-005
-2.2664e-005
-2.16776e-005
-2.07e-005
-1.97316e-005
-1.87724e-005
-1.78226e-005
-1.68826e-005
-1.59523e-005
-1.5032e-005
-1.4122e-005
-1.32222e-005
-1.2333e-005
-1.14543e-005
-1.05865e-005
-9.72955e-006
-8.88366e-006
-8.04894e-006
-7.2255e-006
-6.41345e-006
-5.6129e-006
-4.82394e-006
-4.04667e-006
-3.28118e-006
-2.52754e-006
-1.78583e-006
-1.05613e-006
-3.3848e-007
3.67044e-007
1.06039e-006
1.74152e-006
2.41039e-006
3.06695e-006
3.71118e-006
4.34305e-006
4.96255e-006
5.56964e-006
6.16433e-006
6.7466e-006
7.31645e-006
7.87389e-006
8.41891e-006
8.95154e-006
9.47179e-006
9.97967e-006
1.04752e-005
1.09585e-005
1.14294e-005
1.18881e-005
1.23346e-005
1.2769e-005
1.31912e-005
1.36014e-005
1.39996e-005
1.43858e-005
1.47602e-005
1.51227e-005
1.54735e-005
1.58126e-005
1.61401e-005
1.64561e-005
1.67606e-005
1.70538e-005
1.73356e-005
1.76063e-005
1.78659e-005
1.81145e-005
1.83522e-005
1.85791e-005
1.87953e-005
1.90008e-005
1.91959e-005
1.93806e-005
1.9555e-005
1.97192e-005
1.98733e-005
2.00176e-005
2.0152e-005
2.02766e-005
2.03917e-005
2.04974e-005
2.05937e-005
2.06807e-005
2.07587e-005
2.08277e-005
2.08879e-005
2.09393e-005
2.09822e-005
2.10166e-005
2.10427e-005
2.10606e-005
2.10704e-005
2.10724e-005
2.10665e-005
2.1053e-005
2.1032e-005
2.10036e-005
2.09679e-005
2.09252e-005
2.08754e-005
2.08189e-005
2.07556e-005
2.06858e-005
2.06096e-005
2.05271e-005
2.04384e-005
2.03438e-005
2.02432e-005
2.0137e-005
2.00251e-005
1.99078e-005
1.97851e-005
1.96573e-005
1.95244e-005
1.93866e-005
1.9244e-005
1.90968e-005
1.8945e-005
1.87889e-005
1.86285e-005
1.8464e-005
1.82956e-005
1.81232e-005
1.79472e-005
1.77675e-005
1.75844e-005
1.73979e-005
1.72082e-005
1.70154e-005
1.68196e-005
1.6621e-005
1.64197e-005
1.62157e-005
1.60093e-005
1.58005e-005
1.55894e-005
1.53763e-005
1.5161e-005
1.49439e-005
1.4725e-005
1.45044e-005
1.42823e-005
1.40587e-005
1.38337e-005
1.36074e-005
1.33801e-005
1.31516e-005
1.29223e-005
1.26921e-005
1.24611e-005
1.22295e-005
1.19974e-005
1.17648e-005
1.15318e-005
1.12986e-005
1.10652e-005
1.08317e-005
1.05983e-005
1.03649e-005
1.01316e-005
9.89864e-006
9.66599e-006
9.43375e-006
9.20201e-006
8.97083e-006
8.7403e-006
8.51049e-006
8.28147e-006
8.05331e-006
7.82607e-006
7.59984e-006
7.37467e-006
7.15063e-006
6.92778e-006
6.70619e-006
6.4859e-006
6.267e-006
6.04952e-006
5.83352e-006
5.61907e-006
5.4062e-006
5.19498e-006
4.98546e-006
4.77767e-006
4.57167e-006
4.36751e-006
4.16522e-006
3.96485e-006
3.76644e-006
3.57003e-006
3.37566e-006
3.18337e-006
2.99318e-006
2.80514e-006
2.61927e-006
2.43561e-006
2.25419e-006
2.07504e-006
1.89818e-006
1.72364e-006
1.55144e-006
1.38161e-006
1.21417e-006
1.04915e-006
8.86548e-007
7.26397e-007
5.68713e-007
4.13509e-007
2.60802e-007
1.10605e-007
-3.70697e-008
-1.82211e-007
-3.24808e-007
-4.64853e-007
-6.02337e-007
-8.50796e-006
-1.36853e-005
-2.99735e-005
-4.2238e-005
-6.94118e-005
-9.10516e-005
-0.000131313
-0.000164498
-0.000219966
-0.00026677
-0.000341032
-0.000404449
-0.000500342
-0.000583178
-0.000702798
-0.000807314
-0.000953374
-0.00108205
-0.00125496
-0.00140884
-0.00161057
-0.00179127
-0.0020224
-0.00223078
-0.00249406
-0.00273217
-0.00302903
-0.00329843
-0.00362969
-0.0039314
-0.00429782
-0.00463264
-0.00503572
-0.00540484
-0.00584714
-0.00625259
-0.00673576
-0.00717923
-0.00770463
-0.00818751
-0.00875825
-0.00928299
-0.00990127
-0.01047
-0.0111424
-0.0117601
-0.0124905
-0.0131614
-0.0139566
-0.0146863
-0.0155511
-0.0163444
-0.0172843
-0.0181464
-0.0191658
-0.0201012
-0.0212067
-0.0222211
-0.0234209
-0.0245213
-0.0258158
-0.0270046
-0.0283993
-0.029681
-0.0311786
-0.0325563
-0.0341619
-0.0356398
-0.0373573
-0.0389391
-0.0407705
-0.0424586
-0.0444083
-0.0462064
-0.0482792
-0.0501915
-0.0523889
-0.0544174
-0.0567395
-0.058885
-0.0613311
-0.0635933
-0.0661628
-0.068541
-0.071235
-0.0737296
-0.0765479
-0.0791588
-0.0821033
-0.0848316
-0.087902
-0.0907477
-0.0939396
-0.0968997
-0.100208
-0.103278
-0.106703
-0.109882
-0.113422
-0.116709
-0.120362
-0.123753
-0.127515
-0.131008
-0.134879
-0.138472
-0.14245
-0.146143
-0.150226
-0.154016
-0.1582
-0.162083
-0.166365
-0.170338
-0.174716
-0.178776
-0.183245
-0.187389
-0.191942
-0.196164
-0.200801
-0.205099
-0.209818
-0.214189
-0.218989
-0.223431
-0.228308
-0.23282
-0.23777
-0.242347
-0.247365
-0.252004
-0.257087
-0.261784
-0.26693
-0.271681
-0.276762
-0.281484
-0.286321
-0.290871
-0.295235
