0.0207556
0.0249063
0.023113
0.0225065
0.0230723
0.0191271
0.0231709
0.0241739
0.023397
0.0225876
0.0207313
0.0222837
0.024837
0.019008
0.0231395
0.021845
0.02283
0.025082
0.0205492
0.0220176
0.0242161
0.0228831
0.0247899
0.0240013
0.0196213
0.0253017
0.0232229
0.0182791
0.0271642
0.0206098
0.0215631
0.0257139
0.0218557
0.0247989
0.0270787
0.0221658
0.0258118
0.0184137
0.0248681
0.023017
0.0196021
0.0252377
0.0249361
0.0270809
0.0212437
0.01426
0.0262208
0.0282412
0.0239014
0.0253401
0.0263814
0.0231541
0.0217054
0.0223152
0.0230746
0.0273346
0.0226338
0.0236492
0.0194692
0.0224012
0.0215763
0.0180558
0.0208887
0.0200534
0.0189426
0.0269131
0.0217068
0.021553
0.0261355
0.0161944
0.0207029
0.0235889
0.0243031
0.0242089
0.0241472
0.0221952
0.0209221
0.0233057
0.0235416
0.0243995
0.0233211
0.0254207
0.024348
0.0214839
0.0260278
0.020476
0.0210214
0.0253463
0.0159058
0.0191399
0.0215212
0.0215651
0.0263495
0.0207939
0.0225404
0.0271128
0.02444
0.0202319
0.016914
0.0285296
0.0345804
0.0250607
0.0200243
0.0167866
0.0190671
0.0196417
0.0200192
0.0292649
0.0351481
0.0241436
0.0126628
0.0106865
0.0109821
0.0113027
0.0129113
0.0180229
0.0257554
0.0201052
0.0177505
0.0189797
0.0175154
0.0168185
0.0103936
0.0229194
0.0221258
0.0171219
0.0272214
0.0236039
0.0132799
0.0203502
0.0129184
0.0136387
0.0183268
0.0164055
0.0206883
0.0199853
0.0137282
0.0196192
0.0205122
0.018052
0.0153387
0.0127953
0.0133197
0.0143787
0.0132682
0.00288646
0.0139355
0.00853489
0.0116303
0.00852672
0.00953387
0.0179588
0.0149863
0.01022
0.0186079
0.0189823
0.0265642
0.0133427
0.0257291
0.0201759
0.0153445
0.00987483
0.0117169
0.0056453
0.0112977
0.00995389
0.00765647
0.0100476
0.00705684
0.0190475
0.0232124
0.0275973
0.0311102
0.0209019
0.0176643
0.0213631
0.00705436
0.0120136
0.00427148
0.00837546
0.0171758
0.0125782
0.0182102
0.0165572
0.000925884
0.0105921
0.0162426
0.0169032
0.0241302
0.00679216
0.0104078
0.0121511
0.010556
0.0173947
0.0119741
-0.00343355
0.00874132
0.0205343
0.0126871
0.00490499
0.00778202
0.0182073
0.020559
0.0144042
0.00923959
0.00458816
-0.000473581
0.0025207
-0.00173648
0.00717989
0.00510827
0.00322969
-0.0051703
-0.00403135
-0.00392085
0.00557729
0.00189866
0.0110139
0.020826
0.0216741
0.0172802
0.0216635
0.0164355
0.00976854
0.0196495
0.0146515
0.0218747
0.0108731
0.019301
0.0229084
0.00645763
0.00603072
0.0103691
0.00862141
0.00777208
-0.00291058
0.0099703
0.00912729
-0.000155766
0.0208348
-0.000988921
0.0120743
0.00502848
0.000846192
-0.000312414
0.0112712
0.0133384
0.00626413
0.00799132
0.00562408
5.37001e-005
-0.000199804
0.0106616
0.00992013
0.0100391
-0.000560451
-0.0123164
0.000763463
-0.0181057
-0.02869
-0.0235264
-0.018904
-0.0205318
0.00624762
-0.0101489
0.00598068
-0.000638954
-0.0175353
0.0143737
0.0198003
-0.0109511
-0.0056103
0.0294566
0.034736
0.0103959
0.0277541
0.0194774
-0.0287519
0.00356703
-0.000859775
-0.00611042
-0.00349938
-0.00224166
-0.0236984
-0.00591427
0.00853058
-0.0227266
-0.0407462
-0.0201149
-0.00313249
-0.00828559
-0.0363942
-0.0319177
0.00286207
0.01247
0.0091228
-0.0285207
0.000888264
0.0192459
-0.00615616
0.00794126
0.00393074
0.00563847
-0.00463923
-0.0101428
0.0126835
0.00537576
-0.005406
-0.00921857
-0.0156894
-0.00525424
0.000313142
-0.0134901
-0.0291213
-0.0107454
-0.0016157
0.00795435
-0.0142037
-0.0175429
0.0125931
0.0385756
0.000416784
0.0188363
0.0191562
0.018477
0.0111277
-0.00866397
0.00636814
0.0103983
9.16887e-005
-0.014835
0.00350823
0.0783979
-0.0276323
-0.0615706
0.00872301
-0.017782
-0.059911
-0.0431736
0.00361291
-0.00593215
-0.0186099
-0.0209081
-0.00758158
-0.0340046
-0.0378871
-0.0136261
-0.053685
-0.0376031
-0.0231705
-0.0639414
-0.0286047
-0.0371158
-0.0439438
0.00194588
-0.029317
-0.0582936
-0.0280574
0.0126729
-0.0122257
-0.0329033
-0.0307844
0.0220813
-0.0163621
-0.0252111
0.029055
-0.0264319
-0.0321182
-0.051606
-0.0304486
-0.0376233
-0.0530183
-0.0261947
-0.000715502
-0.0531429
-0.0293773
-0.028004
-0.00970861
-0.030582
-0.00675917
-0.0301181
-0.0230495
-0.0247731
0.000278214
-0.0242756
-0.0412836
-0.034194
-0.00704759
0.0320347
-0.0158966
-0.0385222
-0.0359358
0.0384719
0.0368462
-0.0595904
0.024272
0.0367675
-0.0296663
-0.063598
0.0444038
0.00419499
-0.0363824
-0.043909
-0.0286572
-0.0433041
-0.0167351
0.0125038
-0.00905965
-0.0654639
-0.0294493
-0.0531309
0.00735678
-0.0149748
0.000231147
-0.0172215
-0.0154912
-0.0121108
-0.0439738
-0.0501635
-0.0236837
-0.0379455
-0.0605775
-0.0511222
-0.0350763
-0.0569376
-0.0485691
-0.0765212
-0.00931744
0.00179669
-0.0243148
-0.036594
-0.017744
-0.0272121
-0.0367046
-0.0148955
0.010448
-0.0482009
-0.0411798
-0.0373724
-0.0152726
-0.0268259
-0.0362547
-0.0328683
-0.0355222
-0.0164946
-0.101596
-0.119695
-0.00271028
-0.0663875
-0.0936094
-0.0162638
-0.000270342
-0.0328122
-0.0608223
-0.00455399
-0.0339179
-0.0300689
-0.0282525
-0.0161079
-0.0143017
-0.0354218
-0.0365324
-0.0319179
-0.0417394
-0.0899296
-0.0323818
-0.00942745
-0.0645672
-0.0632408
-0.0336449
-0.0435852
-0.0296564
-0.0176285
-0.0353149
-0.0588563
-0.0206421
0.0280772
-0.038114
-0.0377478
-0.00518627
-0.0092431
-0.0669219
-0.0185674
-0.0380883
-0.0523824
0.0350298
0.0466699
-0.0222491
-0.00959203
0.0139963
-0.0426763
-0.0844467
-0.029469
-0.0217882
-0.0599443
-0.0326441
0.00438649
-0.0172291
-0.0577795
-0.0332702
-0.0536154
0.0569208
-0.00580974
-0.0140252
0.0337874
0.0115113
-0.0554201
-0.0728664
0.0370804
-0.000821639
-0.0757684
-0.0599369
-0.0591488
-0.000388246
-0.00412798
-0.0460271
-0.00324993
0.0335855
0.0109393
0.05022
-0.0155215
-0.022852
0.00675513
-0.00674821
-0.022137
-0.0131888
-0.01746
-0.0559379
-0.0374184
0.0327968
-0.000465505
-0.0308373
-0.0135925
-0.0330811
-0.083884
-0.0235877
-0.0189766
0.0242194
-0.0108585
-0.0781845
-0.0409675
-0.022395
-0.0386934
-0.0283532
0.0333306
-0.00926393
-0.00523918
0.0111466
0.00314585
-0.0524873
-0.0222863
0.0621529
-0.01127
-0.00927946
-0.000382051
-0.00126037
-0.0120266
-0.0446595
0.000351014
0.0049824
-0.0131328
-0.0252735
-0.0285327
-0.0196515
-0.0097992
-0.070312
-0.0238631
-0.0101915
-0.0350243
-0.0495533
-0.0327858
-0.034499
0.0182173
0.0322727
-0.0353734
-0.0755276
0.0502723
0.0195981
-0.0500703
-0.0189325
0.00409063
0.0203388
0.0108571
-0.0106827
0.0481353
-0.035071
-0.0168761
-0.0115627
-0.0310904
-0.00476159
-0.00990804
0.0386636
-0.0475491
-0.00198516
0.0491147
-0.00644407
-0.0576621
-0.0615854
0.0477725
-0.0333546
0.00113565
0.0276478
0.0491709
-0.00123183
-0.0180638
-0.0210106
-0.00158091
0.0128238
0.0735098
0.0304762
-0.0271386
0.00375754
-0.00358818
-0.0103516
0.0172296
-0.00846185
-0.0469795
-0.0312061
-0.016956
-0.0041386
0.0148769
0.0177602
0.0360317
0.0130946
0.0271021
0.0117059
-0.0915598
-0.0850332
0.0091137
-0.00716728
0.0490505
0.059326
0.0404685
0.00647772
0.0252818
0.0614199
-0.0286811
-0.0218614
0.00325003
-0.0306761
-0.0202098
0.0121613
0.0298775
-0.00624265
0.0296249
0.0307811
0.034985
0.0725881
0.0714882
0.0428045
0.0178982
0.0239932
0.00226672
-0.0170982
0.00294691
0.000374196
-0.025509
-0.0142771
-0.0205378
-0.0107079
-0.0123102
-0.0151777
0.0023929
0.01307
0.0435795
0.0195125
-0.0119063
-0.011973
-0.0179279
-0.0234446
0.00320911
0.0096239
0.0242827
0.0196999
0.0551195
0.0393842
0.0712283
0.0626365
0.0552314
0.0647891
0.0538276
0.0292728
0.0607925
0.050459
0.0478893
0.0295285
-0.0243085
0.0418936
0.0995141
0.0805684
0.0353005
0.0504807
0.0121661
0.0304796
0.037067
0.0415843
0.0158109
0.00389215
-0.00782901
-0.0012444
-0.0132663
-0.00991007
0.0286348
0.0439529
0.00593188
0.0238886
0.0508721
0.0289846
0.0194975
0.0292973
0.0580936
0.0199245
0.0368226
0.0595923
0.0742432
0.0252702
0.0283213
0.0310229
0.0302608
0.0216463
0.0737905
0.015516
-0.00743982
0.000843816
-0.0182568
0.0472345
0.0568416
0.0465424
0.0555634
0.0660825
-0.0218179
0.0129361
0.0591938
0.018899
0.0332725
0.0165143
0.0103056
0.0253428
0.0398897
-0.0125857
-0.00184206
0.00531615
0.00708618
-0.00554829
-0.00123109
0.027592
0.0216884
0.00555285
0.0163684
0.00347461
0.0246038
0.0778119
0.0603715
0.0602853
0.0844665
0.0740511
0.0175135
0.0152892
0.0877729
0.102991
0.0885132
0.10848
0.0911315
0.0739607
0.0833727
0.066332
0.0858702
0.123203
0.119184
0.134242
0.125375
0.0644971
0.0353676
0.0599986
0.028206
0.0249978
0.0774936
0.104108
0.0995403
0.0952894
0.102439
0.0989795
0.0613528
0.0879743
0.0768753
0.0451788
0.0819227
0.0916882
0.0706126
0.0676555
0.0548767
0.0441603
0.0327434
0.0192202
0.0355108
0.0290005
0.0195211
0.017976
0.00487249
0.0134412
0.000249319
-0.000399083
0.0214353
0.021823
0.0229047
0.0362441
0.0400672
0.0470772
0.0507852
0.0485109
0.0539681
0.0632183
0.0499469
0.0466108
0.0433107
0.0572703
0.0616111
0.0604597
0.0484019
0.056789
0.0560196
0.0571554
0.0580981
0.064523
0.0646892
0.0465348
0.0443553
0.045404
0.0415968
0.0490258
0.0317593
0.0242485
0.0318075
0.0305553
0.0297479
0.0421346
0.0446711
0.041198
0.0383858
0.0374173
0.0394143
0.0341436
0.0462118
0.0476678
0.0368278
0.0226499
0.0266093
0.0284258
0.0306768
0.0330364
0.0363812
0.0317331
0.0325207
0.0302973
0.0208278
0.0272052
0.0284036
0.0258751
0.0274885
0.0324188
0.0231903
0.0246658
0.0244177
0.0242662
0.0223581
0.0248217
0.0259124
0.0258166
0.0201256
0.0232715
0.0254178
0.0219685
0.0224506
0.0258393
0.0358671
0.0400876
0.0336619
0.0387704
0.0451535
0.0377155
0.0388926
0.0481484
0.0384009
0.0359671
0.0256399
0.032666
0.0285059
0.0216027
0.0150064
0.0136466
0.0149204
0.0169553
0.0176101
0.017583
0.0182431
0.0145268
0.020774
0.0207451
0.0228121
0.021855
0.017272
0.0169104
0.0244648
0.0155284
0.0179961
0.0208879
0.0174781
0.0147157
0.0175407
0.0168224
0.0212765
0.0132305
0.0200653
0.0221581
0.0144467
0.0239589
0.0167378
0.0206692
0.025872
0.0212965
0.0220892
0.0212356
0.0193843
0.0224028
0.0203721
0.0136725
0.017146
0.0218111
0.0184965
0.0207845
0.0202125
0.0232802
0.022429
0.022538
0.0245332
0.0158097
0.0263453
0.021459
0.0188555
0.0200488
0.020388
0.024762
0.0236503
0.0195814
0.0207637
0.023979
0.0237593
0.0290188
0.0217719
0.0184687
0.0256058
0.0238798
0.0195496
0.0266825
0.0249149
0.0248191
0.0249597
0.0209407
0.0242934
0.0190991
0.023169
0.025934
0.0189958
0.0213407
0.0264306
0.0213952
0.0211998
0.0177823
0.0231021
0.0253432
0.0205857
0.0242333
0.0182707
0.0182704
0.0217712
0.0222327
0.0222142
0.0221011
0.023661
0.0207404
0.0223851
0.0195144
0.020732
0.0244042
0.0229702
0.0262443
0.0215927
0.0206246
0.0242868
0.0237243
0.0216715
0.0214409
0.0231378
0.0221017
0.0216662
0.0212557
0.0236441
0.023612
0.0237822
0.0238211
0.0256311
0.0247191
0.0237961
0.0208188
-0.0181056
-0.00500864
0.03231
0.0129569
0.0492926
0.0310888
0.0262353
0.0195583
0.023726
0.0268458
0.0249594
0.0236212
0.0209743
0.0186982
0.0248803
0.0253431
0.0261641
0.0220201
0.0223462
0.0272796
0.0171328
0.020428
0.0174069
0.0246097
0.02732
0.0229438
0.0231832
0.0273992
0.0234786
0.0234363
0.0216174
0.0225104
0.0266081
0.0253162
0.0203917
0.0227307
0.0216461
0.0194545
0.0225536
0.0184847
0.0233839
0.0208184
0.0225702
0.0250334
0.0208844
0.0182802
0.0249232
0.0214488
0.0240624
0.0232222
0.0200874
0.0235123
0.0240689
0.0204559
0.0239675
0.023485
0.0194503
0.0240407
0.0242427
0.0246541
0.0214885
0.0198679
0.0235103
0.0236791
0.0254165
0.0236624
0.020515
0.0266848
0.0223839
0.023718
0.0214194
0.0207647
0.0229164
0.023524
0.0278658
0.0272403
0.02367
0.0208339
0.0267517
0.0233922
0.0237445
0.0222007
0.0234443
0.0232995
0.0220305
0.0216966
0.026665
0.0223636
0.0227292
0.0247862
0.0229563
0.0250997
0.0246456
0.0208563
0.0255314
0.0244389
0.0219319
0.0251772
0.0225039
0.0220868
0.022693
0.0189677
0.0259043
0.021756
0.0207436
0.0245912
0.0219483
0.0226603
0.0258419
0.0242257
0.0244407
0.0272039
0.0183618
0.0257288
0.0237015
0.0201534
0.0219792
0.0210929
0.023297
0.0215459
0.0213789
0.0244537
0.0221071
0.0219882
0.0219513
0.0226396
0.0264044
0.0424543
0.0592698
0.0066553
0.00528913
0.0254429
0.0133371
0.0152295
0.0286072
0.0211999
0.013869
0.0211224
0.0233237
0.0206817
0.0236349
0.0205753
0.0205891
0.0234881
0.0203132
0.0246859
0.0215669
0.0222597
0.027534
0.024626
0.0228191
0.0227219
0.021841
0.0245869
0.0392357
0.0752602
-0.0142865
0.00885583
0.0281313
0.0141289
0.010877
0.0281124
0.0220175
0.0159945
0.0259954
0.0247983
0.0246834
0.0250284
0.0196839
0.024651
0.0252582
0.0221013
0.0396244
0.0592046
-0.0180576
-0.0021154
0.0314205
0.0198217
0.0216901
0.0299148
0.020859
0.0164186
0.0199612
0.0269854
0.0292848
0.0241443
0.0188875
0.0300254
0.0494458
-0.0355261
-0.0106348
0.0433174
0.0326358
0.0297308
0.0315571
0.022371
0.0187546
0.0164966
0.0219979
0.0457876
0.0304047
-0.0246678
0.020729
0.0462336
0.0212567
0.0168232
0.0290581
0.0274623
0.020641
0.0233148
0.0454258
0.0304877
-0.021817
0.0431248
0.0392975
0.0144923
0.0195297
0.0285699
0.0138112
0.0137181
0.0438764
0.0235577
-0.0200926
0.0554071
0.0333354
0.0146979
0.0299347
0.0341516
0.0211569
0.0328164
0.00715918
-0.0124895
0.0555923
0.0395044
0.0118008
0.0274377
0.0356399
0.0333639
0.00619855
-0.0279778
0.0527344
0.0419824
0.0130775
0.0250768
0.0591236
0.0156734
-0.0319303
0.0379071
0.0370085
0.016949
0.0257467
0.0519837
0.00295161
-0.0283757
0.0304169
0.0395269
0.0131121
0.0254093
0.0493231
-0.00431273
-0.0284183
0.0462607
0.0392057
0.00435498
0.0438688
0.0265001
-0.0270683
0.0248171
0.0400683
0.0102161
0.0402682
0.0257483
-0.0399465
0.0247887
0.0366881
0.0108098
0.037013
0.018533
-0.041549
0.0216608
0.033526
0.012364
0.0436665
0.0175051
-0.042015
0.0221936
0.0296344
0.025959
0.0362444
-0.0256681
0.0144351
0.027033
0.0199025
0.0322829
-0.0154893
0.0248877
0.0213228
0.0107934
0.0257475
-0.00615224
0.025918
0.0205283
0.0180988
0.0400845
-0.00614358
0.0216507
0.0236922
0.0281917
0.0425276
-0.00590699
0.0251525
0.0198111
0.0256145
0.0336988
-0.00650262
0.0278276
0.0339865
0.00679665
-0.0165526
0.0432613
0.0339547
-0.00298329
-0.0211157
0.0508094
0.0453372
0.0129006
-0.0197896
0.051225
0.0496381
0.0123723
-0.0266566
0.0469927
0.0594379
0.014113
-0.0204305
0.0498733
0.0641425
0.0123271
-0.018105
0.0456405
0.0615105
0.0286517
-0.019208
0.0375177
0.0570181
0.0111221
-0.0218459
0.018294
0.0438622
0.0230695
-0.0226659
0.012313
0.0572899
0.0220542
-0.0224507
0.0211926
0.0581969
0.0286357
-0.0300211
0.0229117
0.072695
0.0055356
-0.0349625
0.0252316
0.0704255
-0.00410445
-0.0445265
0.0221939
0.0746219
0.0154064
-0.0216493
0.0364379
0.0792647
-0.0131821
0.0265784
0.0985811
0.0391596
0.0454791
0.0750502
0.0118531
0.0570257
0.0739874
-0.00100893
0.0524702
0.0724771
-0.00631827
0.0508832
0.0679016
-0.0127005
0.0447988
0.0615666
-0.011258
0.0535748
0.0663814
-0.0066616
0.0431173
0.0710295
-0.00590453
0.0452869
0.0618762
-0.0189528
0.0482299
0.0753176
-0.0131465
0.0540306
0.0799725
-0.00570936
0.0473145
0.0783031
0.00203422
0.0442747
0.0636432
-0.0111272
0.0486428
0.0486881
-0.0177578
0.058668
0.0514244
-0.0242401
0.0586691
0.0620833
-0.0339535
0.0656157
0.0706292
-0.0253625
0.0638398
0.0831099
-0.00168474
0.0709742
0.0510525
-0.0364005
0.0453759
0.0306859
-0.0268056
0.0285663
0.0498298
-0.00407022
0.0158167
0.0470149
-0.0018155
0.0251736
0.0377147
-0.0235117
0.0529602
0.0606307
-0.0402134
0.0435527
0.0705753
-0.0398292
0.038549
0.0694989
-0.0474482
0.0386062
0.0676906
-0.0624638
0.0243988
0.0692279
-0.0371987
0.0307539
0.0663887
-0.0370562
0.0301167
0.0894343
-0.0324626
0.0107384
0.0931173
-0.0134698
0.0187787
0.0554234
-0.0137951
0.0397535
0.0670896
-0.0411577
0.0330159
0.0773709
-0.0556739
0.01176
0.0643542
-0.0518427
0.0366643
0.069306
-0.0593522
0.0402857
0.0786194
-0.0533268
0.030032
0.0824302
-0.0565059
0.0242952
0.0835893
-0.0761386
0.00588142
0.0856962
-0.0701318
0.00563588
0.0779479
-0.0801033
0.000333153
0.0938633
-0.0834575
0.0134571
0.0975705
-0.0645366
0.00593234
0.0229871
-0.0159992
-0.000315184
0.0457597
-0.0149496
0.00541782
-0.00565875
0.0241051
-0.00586011
0.0129864
-0.00408234
0.0231535
0.00223058
0.0312258
0.00610566
0.0376102
-0.00729994
0.0283935
-0.004826
0.00321605
-0.00269573
0.0229068
-0.00309807
0.0126959
0.00140812
0.0323254
0.0141461
0.0327197
0.037059
0.0255549
0.0159428
0.0231315
-0.00268201
0.043634
-0.0225862
0.0301862
-0.00367319
0.0220013
-0.0139978
0.0341962
0.000705473
0.0321669
-0.00412104
0.0232731
0.00828417
0.0286577
0.0027072
0.0312695
0.00308513
0.0266657
-0.00644199
0.0179797
-0.00423023
0.0281714
-0.0040761
0.0327674
-0.021016
0.0502567
-0.0215224
0.0434787
-0.0139564
0.0381269
-0.00903951
0.0371416
-0.00510743
0.0241566
-0.00923804
0.0240401
-0.024787
0.020438
-0.0187977
0.0185614
-0.0100921
0.0282365
-0.00630964
0.0178674
-0.00492545
0.0258256
0.00830655
0.0329717
0.00116704
0.0367987
0.00152425
0.0316729
0.00261582
0.0232191
0.0213595
0.0422737
0.00109821
0.0308288
0.0161515
0.0240066
-0.000115875
0.0175627
0.00251395
0.0117471
-0.00153613
0.0163178
-0.00309818
0.0160018
0.0030969
0.0364564
0.00516895
0.0410974
0.0461742
0.0472101
0.0532319
0.0708933
0.057445
0.0618164
0.0449764
0.0647552
0.0359831
0.0580993
0.0292621
0.0582028
0.0123597
0.0371872
0.00875631
0.043414
-0.00423274
0.0306305
0.00593412
0.0447846
0.0184365
0.033272
0.0381172
0.0483154
0.0149763
0.0587536
0.02426
0.0518124
0.0302041
0.0439
0.016253
0.0438943
0.0104636
0.0366814
0.00951985
0.0423889
0.0129549
0.0409571
0.0145529
0.0425629
0.00791521
0.0259781
0.00462804
0.0168023
-6.1281e-006
0.0341123
6.7139e-005
0.0227015
0.000843016
0.0181874
-0.00399435
0.00806567
-0.0143789
0.0157816
0.0018064
0.014089
-0.00512313
0.00365883
-0.0156158
-0.00791399
-0.0216624
-0.00892861
-0.016411
0.000940101
-0.0128882
0.00256714
-0.014252
0.00572917
-0.0049663
0.0277561
0.0114032
0.0264533
0.0100558
0.0254239
0.0179804
0.00518175
-0.000821084
0.0160641
-0.00155862
0.0298238
0.0195834
0.028032
0.020856
0.0276816
0.0285152
0.0333311
0.0406024
0.0472947
0.0564223
0.0525201
0.0440226
0.042032
0.0363312
0.025951
0.0251547
0.0371404
0.00741105
0.0533967
0.0492255
-0.0274347
0.0631379
0.051977
-0.0238495
0.0820391
0.0599049
-0.028727
0.107668
0.0800353
-0.0152465
0.0861347
0.0739012
-0.0253711
0.0733315
0.0759584
0.000122525
0.0670738
0.0725971
0.01523
0.0812226
0.0595564
-0.00520112
0.0873388
0.071629
-0.0100985
0.0872546
0.0822284
-0.0171064
0.0815755
0.0820719
-0.0197094
0.0807764
0.0884442
-0.0233707
0.0702091
0.0757554
-0.0330354
0.0538977
0.0724462
-0.017366
0.0624635
0.0910387
-0.00577855
0.0687468
0.0980626
0.00595945
0.0757574
0.0949917
-0.00243636
0.0687736
0.083268
-0.0194682
0.074902
0.0807013
-0.0369904
0.0644342
0.0798025
-0.0401181
0.0680299
0.0764903
-0.0338799
0.0722723
0.076481
-0.0388159
0.066005
0.078278
-0.0443023
0.0685052
0.0860752
-0.0322693
0.0601802
0.103545
-0.0209669
0.0564254
0.0996883
-0.0135808
0.0554825
0.0791721
-0.0253064
0.0614756
0.0846586
-0.0333456
0.0573612
0.094751
-0.0403318
0.0508955
0.0807601
-0.0194553
0.0566918
0.0844468
-0.0282714
0.0496693
0.0877822
-0.0292914
0.00834863
0.0136481
-0.0197736
0.0565769
0.0765939
-0.0383979
0.0436358
0.068378
-0.0269129
0.0440584
0.0747841
-0.0182291
0.0396308
0.0779412
-0.0187076
0.0601806
0.0944381
0.000218144
0.0497057
0.0786032
-0.00663254
0.0515756
0.0723428
-0.0185244
0.0398513
0.0659478
-0.0100938
0.0519511
0.0673706
-0.0185164
0.0292692
0.0598132
-0.00778058
0.0226631
0.062104
-0.000514401
0.0297256
0.0651984
0.00361179
0.0383219
0.0633299
0.00506505
0.0383112
0.0677218
0.00243438
0.0377031
0.0691481
0.000988014
0.0379995
0.0680506
-0.0013651
0.0348782
0.0675456
-0.00284427
0.029933
0.067041
0.00451748
0.0311628
0.0664138
0.0114744
0.0334741
0.0665558
0.00835156
0.0278934
0.0530554
-0.00817284
0.0261514
0.056734
0.00806187
0.0332257
0.0615634
0.0110283
0.0385541
0.0579508
0.01814
0.0363062
0.0567525
0.0115494
0.0341984
0.0637913
0.0172846
0.0365892
0.0602104
0.0168195
0.0323592
0.0545518
0.0186407
0.0252797
0.0551238
0.0133866
0.0240645
0.0486384
0.0122961
0.0247156
0.0419267
0.00871612
0.0258887
0.0463093
0.016576
0.0254829
0.0452134
0.013083
0.0174317
0.0416035
0.0122858
0.0207014
0.0440177
0.0255695
0.0290377
0.0248425
0.0444239
0.0107475
0.046606
0.0239351
0.0397768
0.0196176
0.0374486
0.0239532
0.0379369
0.0201176
0.0346803
0.00671959
0.0369192
0.0169689
0.0247817
0.0226412
0.0312953
0.0199034
0.037232
0.0168623
0.0306976
0.0153477
0.0357003
0.019405
0.0286402
0.0176836
0.0272452
0.0252588
0.0321644
0.0118706
0.0372122
0.0180963
0.0255875
0.0176785
0.0454143
0.0156931
0.0326192
0.0198233
0.0336021
0.0137581
0.0398022
0.0259923
0.0309629
0.0266597
0.0208848
0.0320825
0.0291078
0.021146
0.0251465
0.0231117
0.0217941
0.0268004
0.0246504
0.0209946
0.0336453
0.0256724
0.0306789
0.0311354
0.0316808
0.0316164
0.0282766
0.0307173
0.0257218
0.0347331
0.00931257
0.0153203
0.0256583
0.0231167
0.0225807
0.0292547
0.0236286
0.0249783
0.0265992
0.0144348
0.0289569
0.0121661
0.0265009
0.0153296
0.0331389
0.0358612
0.0234917
0.0291536
0.0187598
0.022667
0.016216
0.0306006
0.0181069
0.0201726
0.0256159
0.0212309
0.0161678
0.0293959
0.0110102
0.0247822
0.0267101
0.00704977
0.0187588
0.0106393
0.0114254
0.0131849
0.0169008
0.0161528
0.0166586
0.0209909
0.0159064
0.0157566
0.0216715
0.00925439
0.0212652
0.0141006
0.0131138
0.00589336
0.0280735
0.00874184
0.0104936
0.0205141
0.010441
0.0182542
0.000475137
0.0305581
0.00623977
0.0145542
0.0266886
0.0272694
0.0103152
0.01491
0.0199907
0.00593509
0.0292036
0.00610812
0.0169013
0.0150431
0.0190784
0.0160114
0.0176817
0.0202364
0.0261421
0.0159613
0.0094334
0.0139402
0.00382677
0.00863364
0.00455746
0.00717057
0.00950535
0.0188278
0.0165373
0.0223138
0.0322934
0.0249047
0.0186587
0.0152568
0.0115001
0.0140757
0.00514121
0.0109286
0.00481975
-0.00186154
-0.0167071
-0.00839463
-0.0337497
-0.0318355
-0.0392277
-0.0293364
-0.0327505
-0.0322674
-0.0454575
-0.0480097
-0.0436314
-0.0637493
-0.0313941
-0.0201589
-0.0078377
-0.00423191
0.0451633
0.0832583
0.121991
0.111794
0.0976863
0.0906778
0.075756
0.0453578
0.0002784
0.0206773
0.0307513
0.0289817
0.0258467
0.0646602
-0.0211212
0.0108018
0.00671302
0.0255689
-0.0065805
0.00850956
-0.0364269
-0.000284737
-0.0237852
-0.020021
-0.0467978
-0.0719278
-0.0901217
-0.127185
-0.153553
-0.156823
-0.188199
-0.1645
-0.201725
-0.202591
-0.189816
-0.194234
-0.230827
-0.21918
-0.226051
-0.231619
-0.167623
-0.156876
-0.140195
-0.126364
-0.0795835
-0.060084
-0.0625878
-0.105092
-0.0995943
-0.0415601
-0.0551847
-0.0260398
-0.0499894
-0.0743067
-0.0903772
-0.0793794
-0.0628137
-0.0791362
-0.0634797
-0.058617
-0.083185
-0.0243785
-0.0712643
-0.0635021
-0.0103465
-0.0941947
-0.100781
-0.0416732
-0.0678418
-0.0403015
-0.0357668
-0.131905
-0.109407
-0.122007
-0.172683
-0.123782
-0.0505212
-0.108399
-0.047242
-0.115954
-0.0960232
-0.11897
-0.0655312
-0.0467637
-0.0169269
0.00719399
-0.0748893
-0.0822264
-0.0690862
-0.0295978
-0.0972234
-0.188429
-0.196153
-0.217615
-0.18667
-0.1243
-0.101282
-0.153349
-0.176451
-0.14624
-0.128869
-0.143598
-0.252916
-0.17696
-0.156632
-0.163829
-0.228938
-0.202877
-0.134116
-0.181268
-0.162403
-0.271062
-0.204042
-0.177057
-0.126715
-0.1891
-0.201408
-0.170727
-0.143543
-0.0946053
-0.179912
-0.169605
-0.160396
-0.135462
-0.0850643
-0.0764496
-0.112442
-0.0908201
-0.0822854
-0.194749
-0.271597
-0.223187
-0.208255
-0.253449
-0.269479
-0.219721
-0.172149
-0.288204
-0.367489
-0.28432
-0.1719
-0.225989
-0.260346
-0.176738
-0.120555
-0.105312
-0.0872539
-0.0965322
-0.10574
-0.138328
-0.19309
-0.116268
-0.131494
-0.186359
-0.138257
-0.138084
-0.0617833
-0.226534
-0.133663
-0.144566
-0.12791
-0.0436566
-0.0647775
-0.0207545
-0.000950172
0.0498389
0.110082
0.043316
-0.0243256
-0.0478421
-0.0401912
-0.00443288
-0.130542
-0.164874
-0.207761
-0.227161
-0.325597
-0.209975
-0.304212
-0.377533
-0.271727
-0.210126
-0.16976
-0.131489
-0.0835314
-0.0813213
0.0213796
-0.038211
-0.0450441
-0.0242853
-0.0150922
-0.0439236
-0.102146
-0.0867935
-0.10339
-0.181133
-0.0561456
0.00036378
-0.122544
-0.263368
-0.276174
-0.196907
-0.174281
-0.0880596
-0.0348636
0.0650013
0.076209
0.0767871
-0.0259619
-0.0664786
-0.0772517
-0.0468246
-0.0711508
-0.204909
-0.286372
-0.225762
-0.247679
-0.255828
-0.161631
-0.0986258
-0.349358
-0.387989
-0.307782
-0.30352
-0.248708
-0.256283
-0.188651
-0.171955
-0.171166
-0.136611
-0.166139
-0.131632
-0.163918
-0.139537
-0.185161
-0.197823
-0.358228
-0.365483
-0.225812
-0.269519
-0.31315
-0.261642
-0.177985
-0.214157
-0.287472
-0.273734
-0.18841
-0.159173
-0.158026
-0.121685
-0.0604324
-0.0271812
-0.0151286
-0.056994
-0.0309404
0.00520517
0.012925
-0.0302738
-0.040691
-0.0477993
-0.0315016
-0.0595797
-0.0928775
-0.0592818
-0.0966527
-0.146446
-0.0900875
-0.0947951
-0.0796316
-0.104901
-0.100085
-0.0644872
-0.103344
-0.104937
-0.107583
-0.104854
-0.0497024
-0.0500679
-0.0839304
-0.0713302
-0.0702429
-0.00284227
-0.0183438
-0.0366193
-0.0301356
-0.0289514
-0.00442569
-0.0905396
-0.074486
-0.135196
-0.165103
-0.218648
-0.187112
-0.192866
-0.207971
-0.256191
-0.308253
-0.330971
-0.299664
-0.286429
-0.351205
-0.317821
-0.266648
-0.306526
-0.278566
-0.243117
-0.269052
-0.274773
-0.290408
-0.324203
-0.316181
-0.283793
-0.356708
-0.297064
-0.32657
-0.294149
-0.411069
-0.20863
-0.251103
-0.0945709
-0.30661
-0.172149
-0.100818
-0.0791795
-0.1635
-0.0798461
-0.126022
-0.0544495
-0.10333
0.00867007
-0.0416287
-0.100951
-0.111558
-0.154918
-0.0768389
-0.0372586
-0.118218
-0.0992449
-0.121243
0.0283252
0.055606
0.0198357
-0.0060677
0.00219708
-0.100062
-0.0805819
-0.142317
-0.149907
-0.22364
-0.136714
-0.0354042
0.00562934
0.00318605
0.0289672
-0.0261306
-0.0420214
-0.00727826
-0.00615459
-0.0400023
-0.0613428
-0.0641879
-0.153071
-0.143366
-0.129506
-0.0794135
-0.136444
-0.181583
-0.0501787
-0.0533344
-0.0803563
-0.128909
-0.0741087
-0.0996733
-0.101514
-0.129743
-0.119464
-0.122946
-0.0588693
-0.0268782
-0.0438838
-0.0480179
-0.0551597
-0.0142792
-0.0064107
-0.0363075
-0.0183347
0.0143434
0.0338177
0.0117643
0.0607288
0.0475446
0.0913502
0.1608
-0.00171576
-0.105805
-0.0693427
-0.125753
-0.024194
-0.0985108
0.0465639
-0.0110251
0.0324992
0.0874726
-0.00594645
-0.0338135
0.0148167
0.00662811
-0.0361258
-0.0900419
-0.0483818
-0.0157934
0.00992394
0.00480154
0.0279301
0.0181623
-0.0754946
-0.0353955
-0.0249534
-0.0126133
0.0390936
0.116
0.103329
0.0754472
0.0482503
-0.00108848
0.0453029
-0.0304438
-0.07743
-0.0444946
0.0101371
-0.0665187
-0.0425175
0.0116936
0.0317509
0.00714702
0.0311171
0.0148614
-0.0493943
-0.0462812
0.0852975
0.0904857
0.0991157
0.0462557
0.0750832
0.114549
0.0643931
0.115819
0.0887218
0.114485
0.195777
0.113644
0.0360717
0.0350235
0.0594175
0.0936302
0.0775762
0.0652863
0.0568498
0.00401069
-0.0163973
-0.0129527
-0.0574847
-0.0468624
-0.0454341
-0.094888
-0.05337
-0.0907237
-0.0513682
-0.113434
-0.109098
-0.0535157
-0.0303882
0.0364496
-0.0261835
-0.000168893
-0.061614
0.110568
-0.0241768
-0.0154002
-0.00635928
0.0424504
0.0316664
0.0959544
0.0470179
0.225598
0.0998943
0.100295
0.0515252
0.0104835
0.137687
0.0404998
-0.0141742
-0.0404225
-0.00755636
0.0310259
0.0742608
0.0775829
-0.0148527
-0.0819137
-0.066818
-0.0622768
-0.0343242
0.00573322
-0.0240171
-0.00349418
-0.00375776
0.0193359
0.0584688
0.0483309
0.131614
0.138277
0.151832
0.115391
0.0716728
0.187322
0.143391
0.141104
0.0964032
0.0957526
0.0854577
0.113143
0.0118055
0.0727428
-0.0367276
0.0585461
-0.101107
-0.0469602
0.0184318
-0.0164792
-0.142964
-0.0480306
-0.11084
-0.0134807
0.0344322
-0.0161673
-0.00101512
0.0945477
0.10192
0.0552747
0.124066
0.172231
0.137416
0.163765
0.192418
0.176858
0.163869
0.196481
0.188732
0.230367
0.126586
0.0617058
0.124845
0.0944748
0.0443666
0.0268579
0.0540831
-0.0449758
0.0345792
0.0424168
0.0426148
0.00565272
0.0388232
0.110989
0.0718833
-0.0500603
-0.0160229
0.0635258
0.0836353
0.106377
0.0681215
0.0869314
0.12644
0.133971
0.132631
0.0965907
0.112029
0.18143
0.160878
0.210929
0.176631
0.149971
0.222479
0.153715
0.168557
0.211328
0.184912
0.192291
0.219837
0.149564
0.189744
0.204955
0.223556
0.209732
0.186253
0.17134
0.131088
0.157188
0.157193
0.0907552
0.0701723
0.0847363
0.0881153
0.0249846
0.0635387
0.114116
0.0896926
0.12226
0.109595
0.12979
0.144871
0.147279
0.193808
0.187775
0.237056
0.18337
0.181297
0.206508
0.182656
0.228895
0.202452
0.229633
0.229984
0.181423
0.223689
0.231538
0.18948
0.212048
0.19716
0.187203
0.189526
0.136449
0.123961
0.14283
0.144654
0.134863
0.177481
0.193053
0.153215
0.114702
0.156428
0.135131
0.141076
0.127398
0.140592
0.118275
0.104615
0.0886619
0.0667644
0.0416762
0.0516875
0.0848431
0.0779822
0.0796967
0.0987853
0.0901183
0.0694674
0.0645725
0.07493
0.0945774
0.104481
0.101243
0.128168
0.119392
0.083068
0.0978188
0.109226
0.114429
0.0977215
0.103846
0.116792
0.111473
0.128223
0.109824
0.105735
0.142604
0.150514
0.14545
0.115893
0.126345
0.0886253
0.114491
0.112312
0.136135
0.106006
0.145267
0.147872
0.127253
0.119589
0.138516
0.12629
0.139307
0.0903533
0.0890529
0.134979
0.0930111
0.120253
0.125321
0.0979329
0.134147
0.111299
0.115704
0.125231
0.0889901
0.129543
0.121153
0.127559
0.129076
0.0845375
0.102688
0.101034
0.105882
0.124468
0.0898688
0.109118
0.086361
0.0735413
0.0705898
0.0955589
0.0734196
0.0552143
0.0928623
0.0649872
0.0876567
0.0597382
0.0776127
0.0856319
0.0834877
0.0654649
0.0401711
0.113852
0.106417
0.0444341
0.034034
0.0955996
0.146706
0.0983263
0.0165452
0.0965563
0.124832
0.0782444
0.0692896
0.109855
0.117434
0.118379
0.108192
0.0577194
0.128856
0.087056
0.0294219
0.120843
0.119922
0.0754482
0.0647958
0.09901
0.12712
0.0971303
0.0644942
0.0830706
0.127668
0.0977664
0.0356537
0.0157658
0.127574
0.0544074
0.0454952
0.0989508
0.036635
0.087982
0.0873307
0.0845351
0.105136
0.0807701
0.0752403
0.141072
0.100979
0.067377
0.0347899
0.0176528
0.0313428
0.0380939
0.043971
0.0704461
0.0584456
0.0611706
0.0430457
0.0716566
0.0400189
-0.0230533
0.00247053
0.0413291
0.0615794
0.0258194
-0.00967857
0.038779
0.0695443
0.0362963
0.0109078
0.0881959
0.0912035
0.173062
0.181992
0.081342
0.0650739
0.0778629
0.079676
0.0335586
0.0843937
0.131022
0.0252829
0.0649092
0.117837
0.0761639
0.117323
0.121317
0.166847
0.0157577
0.0823604
0.134618
0.0740995
0.0252758
0.0892529
0.0745301
0.0367267
0.106318
0.0565952
0.0453371
0.0409817
0.074467
0.0438533
0.041207
0.0969311
0.0898142
0.159969
0.19681
0.156624
0.143418
0.166345
0.0482664
0.0656175
0.0675869
0.137645
0.117869
0.0923054
0.237907
0.13738
0.0622545
0.0815232
0.0531966
0.0194855
0.150969
0.134995
0.0866008
0.104631
-0.00818957
-0.0616948
0.0986749
0.149142
0.0233102
0.00671173
0.0491263
0.0546411
0.0508873
0.0717453
0.0770482
-0.0388017
0.00377836
0.0654654
-0.0415431
-0.00207062
0.0517949
0.00109103
0.0118158
-0.0110253
-0.043805
0.0159166
-0.0501362
0.0446493
0.116724
0.131336
0.0432984
0.0491349
0.0295791
0.091949
0.0916173
0.0829412
0.0282927
0.086774
0.0781611
0.118173
0.102622
0.00862313
0.0369108
0.073699
0.150338
-0.0677482
-0.00496612
-0.119693
-0.0224461
0.000382919
-0.00694875
-0.00659469
0.0383163
0.0486862
0.0704016
0.0230935
-0.0931604
-0.0289276
0.0106764
-0.0503794
-0.0153753
0.0603051
-0.00960581
-0.0360123
0.0777839
0.111275
-0.125608
-0.181626
0.0717096
0.0711855
0.0940906
0.0205115
0.0666419
0.114604
0.0760361
0.0659723
0.0773792
0.119872
0.134546
0.106238
0.0860639
0.0919524
-0.0757133
0.0153882
0.0445041
-0.0307019
-0.0224831
0.0523379
0.0276448
-0.000869051
0.00753915
0.0121895
0.0341506
0.0685109
0.13851
0.158094
0.109957
0.0674987
0.0450402
0.100752
0.21165
0.105385
0.0428651
0.00351945
0.0346811
0.0349895
0.0203881
0.0527545
0.0442137
0.0617147
0.0777561
0.0932566
0.106621
0.0380581
0.0194695
0.136792
0.0949216
0.0291733
-0.00829891
0.0732625
0.0595216
0.0293694
0.0802976
0.0678472
0.0450788
0.0665225
0.0428276
0.100528
0.10313
0.123891
0.144241
0.123096
0.107746
0.0517555
0.0550765
0.063693
0.0722658
0.0849405
0.0717067
0.0775419
0.0799342
0.093191
0.026867
0.0604749
0.0582413
0.0692007
0.0509193
0.0137005
0.0765881
0.040429
0.0469913
-0.00282357
0.0194947
0.0546991
0.0125711
0.0258909
0.0777962
0.0449583
0.0350845
-0.021594
0.0677905
-0.0272795
0.0978972
-0.0125247
0.0564362
-0.0161476
0.0491512
-0.00650227
-0.00188353
0.0529477
-0.047699
0.0306118
-0.0437324
0.00391148
0.059189
0.00437267
0.0114751
0.0487399
-0.0406544
0.0595149
0.00404539
-0.000714161
0.00454035
-0.0179641
-0.0257415
-0.0325038
0.0135571
0.0339702
-0.055418
0.0667591
-0.0211306
-0.0344769
0.0959101
-0.0345919
0.117728
0.0212532
0.0105968
0.0723017
-0.0441932
0.0186232
0.0462303
-0.0363092
-0.00843877
0.0536817
-0.00490871
-0.14815
0.0964773
-0.0745257
0.0117822
-0.00730551
-0.0388334
-0.0632124
-0.00379898
0.0454484
0.0233744
-0.079347
0.114932
0.0717673
-0.0973585
0.238237
0.00752581
0.0792012
-0.0807573
0.116944
-0.236633
0.0032022
-0.0670214
-0.0975329
0.0458351
0.105508
-0.0396412
0.156917
-0.181532
0.164042
-0.0867439
0.0333365
-0.026734
-0.0404444
0.14643
-0.108214
0.138927
-0.121126
-0.0321298
0.0819764
-0.289673
0.173904
-0.088493
0.0821495
-0.103639
0.0321543
0.0074988
-0.00631934
0.180134
-0.0664856
0.186718
0.0536427
0.148629
0.000957949
0.0180885
-0.00514602
0.149518
-0.256205
0.196754
-0.123426
-0.166124
0.308826
-0.338966
0.0137792
-0.167282
-0.0442148
-0.0930528
0.0695556
0.0572383
-0.239788
0.064743
0.149157
-0.279219
0.117705
0.119498
-0.164368
0.0814224
-0.246921
0.15687
0.0860802
-0.00634687
0.00822476
0.0236665
-0.149211
0.0194605
0.135514
-0.0392795
0.0099704
0.0404982
-0.105117
0.141052
-0.0755082
-0.151189
-0.182229
0.0142314
-0.163993
-0.012505
-0.0164382
-0.216379
-0.0641341
0.0382334
-0.129644
-0.0149416
-0.00340921
-0.0146269
-0.11635
0.201276
-0.145832
-0.0367534
-0.00521423
-0.192669
0.0543568
-0.00634425
-0.033856
-0.0093604
-0.054582
-0.0594015
0.169555
-0.223766
0.00336342
-0.123837
-0.0084216
-0.0892273
-0.134309
-0.0476047
-0.0669993
-0.043163
0.0205247
0.00367099
0.0948285
-0.00651506
0.108272
-0.09164
0.138354
-0.175858
0.0876126
-0.00822226
-0.300274
0.018751
-0.362765
0.256596
-0.356957
0.0417325
-0.280745
0.290987
-0.268129
-0.135456
0.0810896
0.00231795
-0.0365802
0.0336905
0.079163
-0.0533859
0.00368136
0.189269
0.0346172
0.0127968
0.0734648
0.0764598
-0.00987762
0.00980303
-0.133587
-0.237391
-0.0590793
-0.37225
0.0160182
0.0103808
-0.168697
-0.197434
0.149925
0.0788714
0.0478708
-0.0442718
0.172807
0.0837998
0.155216
0.129215
0.310236
0.471293
0.708112
0.576137
0.518202
0.461565
0.255284
0.273682
0.199174
-0.126586
-0.136632
-0.155515
-0.145187
0.0924462
-0.143792
-0.191567
-0.0945404
-0.211833
-0.111287
-0.236101
-0.250773
-0.148141
-0.0307362
0.0706614
0.0266867
0.147077
0.414596
0.376257
-0.0288629
-0.127296
0.229959
0.169418
0.0549711
0.162538
0.123347
0.194335
-0.0366468
-0.026931
-0.0544839
-0.153845
-0.355186
-0.230305
-0.0709506
0.371229
0.426076
0.00763516
-0.291953
0.0150395
0.123456
-0.124122
-0.156481
0.0117483
-0.0092338
0.0975557
0.038707
-0.0459552
0.243332
0.309877
0.203479
0.0300608
0.0515373
0.0674444
-0.0280044
-0.0377377
-0.096525
-0.0452269
0.00880599
-0.131422
-0.147462
-0.123408
-0.119146
-0.233154
-0.231984
-0.238376
-0.112476
-0.0882163
-0.117687
-0.0439963
-0.0334315
-0.268902
0.0148456
-0.0298258
-0.0379422
0.145432
0.171756
0.162742
-0.170621
-0.094897
-0.0810385
-0.119903
-0.22553
-0.149248
-0.151747
-0.0871323
-0.0553256
0.0898019
0.0552896
0.148993
0.232606
0.22616
0.138493
0.29142
0.319828
0.330507
0.250831
0.153031
0.118725
-0.0968427
0.0943834
0.00252264
-0.000145167
-0.207608
0.0623546
-0.127756
-0.0712544
-0.0288966
0.119955
0.0231675
0.136157
0.101072
0.209554
0.029781
0.350865
0.113435
0.123136
0.166416
0.248129
0.452557
0.325286
0.348169
0.353759
0.40389
0.293849
0.338786
0.205853
0.0835103
0.0458425
0.042313
0.110831
-0.0264753
0.0566922
-0.101897
0.0786859
0.071755
0.223069
0.0839092
0.176223
0.189767
0.257641
0.269028
0.312446
0.283681
0.503843
0.463481
0.492345
0.359154
0.296941
0.211353
0.159037
-0.0129456
0.105639
0.0812143
0.116224
0.0697861
0.158594
0.00558839
-0.0595224
-0.0747721
-0.0311357
-0.0750575
-0.125437
-0.0366552
0.0355676
0.200471
0.268093
0.449385
0.352229
0.335543
0.145547
0.282562
0.0557083
0.140271
0.208502
0.191333
0.246232
0.331634
0.25247
0.239748
0.345761
0.259135
0.220954
0.1315
0.178886
0.156153
0.132748
0.147978
0.343112
0.40126
0.370777
0.521541
0.452415
0.300241
0.284073
0.222085
0.121032
0.120319
0.0182126
0.00746339
0.0829553
0.141221
0.00904182
0.0839765
0.137813
0.0708972
-0.0450965
-0.032526
-0.14462
-0.00176387
-0.0578086
-0.0302594
0.206009
0.226462
0.0997109
0.208499
0.170391
0.324445
0.346592
0.224599
0.282779
0.309844
0.312044
0.198813
0.125859
0.0392558
0.0118958
0.0433943
0.0213286
-0.00284029
0.0282659
0.0450789
-0.0382195
-0.0451076
-0.00514674
-0.036634
-0.115996
-0.0843533
-0.0369139
-0.0393401
-0.0662775
-0.0814952
-0.0129542
-0.145697
-0.19607
-0.216787
-0.164809
-0.162764
-0.104485
-0.0531627
-0.0820182
-0.164608
-0.148456
-0.111409
-0.140609
-0.142999
-0.157306
-0.188227
-0.145324
-0.142804
-0.151044
-0.152555
-0.196972
-0.149192
-0.11059
-0.113623
-0.115593
-0.0828938
-0.0431481
-0.00823552
0.0297786
-0.00248619
-0.00440473
-0.0829647
-0.156041
-0.177792
-0.152127
-0.244453
-0.203188
-0.286782
-0.090813
-0.185486
-0.253538
-0.269867
-0.137759
-0.164864
-0.170493
-0.21803
-0.194822
-0.134766
-0.152764
-0.20706
-0.197956
-0.170202
-0.211096
-0.180349
-0.179995
-0.12465
-0.099781
-0.0489187
-0.106729
-0.0654608
-0.101104
-0.146601
-0.151278
-0.187175
-0.197285
-0.151829
-0.144923
-0.0532744
-0.0681001
-0.0662829
-0.0894868
0.0601636
0.000448411
0.00462494
-0.0670165
0.00503354
-0.0913077
-0.109789
-0.196942
-0.184949
-0.177807
-0.2418
-0.296444
-0.112882
-0.0620544
-0.0510113
-0.136225
-0.144607
-0.159436
-0.262914
-0.261991
-0.238595
-0.169625
-0.149448
-0.187385
-0.107036
0.0227759
-0.0822764
-0.0165405
-0.0479363
-0.11371
-0.193139
-0.295031
-0.188076
-0.041937
-0.186871
-0.0421041
0.0346553
-0.12416
-0.167044
-0.218051
-0.200347
-0.245241
-0.157626
-0.0374899
-0.0435999
-0.0837517
-0.0643431
-0.102653
-0.132931
-0.262579
-0.281875
-0.12157
-0.168841
-0.177232
0.0104242
-0.0330089
-0.24444
-0.193149
-0.242976
-0.263388
-0.176833
-0.127076
-0.0870723
-0.0812535
-0.113834
-0.0905497
-0.16705
-0.323655
-0.208766
-0.0895784
-0.0953227
0.0597023
0.116527
-0.0359137
-0.147991
-0.145742
-0.0700066
-0.105268
-0.123136
-0.112246
-0.0332839
0.034399
-0.110825
-0.154821
-0.171912
-0.214701
-0.160968
-0.146775
0.027633
0.0838505
-0.166772
-0.0866953
-0.1077
-0.184734
-0.133981
-0.0830541
-0.00622481
-0.035838
0.0280982
-0.0563906
-0.033081
-0.212064
-0.212374
-0.131495
-0.0445916
0.0460252
0.0830958
-0.0612558
-0.0988686
-0.0694325
-0.0218399
0.0103567
0.0524404
-0.0132002
0.0718882
0.0421379
0.114205
-0.0515278
-0.082662
-0.0866109
0.00339551
-0.112605
0.0865822
0.174274
0.00470353
-0.0420746
-0.00514791
-0.00170488
-0.0342934
0.0517236
0.0427419
0.0889018
0.124871
0.0261901
0.0990232
-0.0703694
-0.135658
-0.0536025
0.0109449
-0.0677612
0.0334556
0.049604
-0.041564
-0.0596337
-0.160854
-0.141262
-0.146913
-0.133179
-0.128781
-0.0499028
0.0269278
-0.110283
-0.120443
-0.0877312
-0.234084
-0.296764
-0.25992
-0.270929
-0.205701
-0.294031
-0.229299
-0.179984
-0.243808
-0.265148
-0.183098
-0.220772
-0.209434
-0.14692
-0.115554
-0.0865464
-0.129172
-0.0300438
-0.106301
-0.151061
-0.214935
-0.202045
-0.179449
-0.197439
-0.14052
-0.0848798
-0.128789
-0.111533
-0.177795
-0.15488
-0.203255
-0.0451884
-0.0456794
-0.113105
-0.105927
-0.124756
-0.169504
-0.0749411
0.02899
-0.045816
-0.157094
-0.200361
-0.259866
-0.319054
-0.192788
-0.234805
-0.22435
-0.0585279
-0.0799914
-0.108403
-0.170278
-0.0845172
-0.121968
-0.119492
-0.112596
-0.119372
-0.0862643
-0.0833052
-0.0849492
-0.12036
-0.0248646
0.0195329
0.056106
0.0180576
0.0453293
0.0241708
0.0732579
0.136588
0.0511165
0.00727532
0.02536
-0.0597696
-0.0314016
-0.036579
-0.0554392
-0.116393
-0.0733878
-0.00704124
-0.165159
-0.0285021
-0.159564
-0.206504
-0.0935305
-0.118814
-0.0958954
-0.172884
-0.0885996
-0.103109
-0.102245
-0.137234
-0.0967624
-0.104481
-0.0251414
-0.0784017
-0.0752581
0.00297613
-0.0221305
0.00740071
-0.0061198
-0.0505857
-0.0107752
-0.0142068
0.0497878
0.0133284
-0.089
-0.0225175
0.0379931
0.00952364
0.0305904
-0.0591273
0.0192937
0.0417633
0.00352313
0.0730419
0.0472125
0.0797048
0.0910063
0.0647159
0.100497
0.105602
0.0780922
0.110084
0.126853
0.10788
0.16116
0.129991
0.105368
0.111721
0.0888401
0.119043
0.0959798
0.118046
0.161991
0.134748
0.102025
0.133961
0.128024
0.117474
0.124908
0.1282
0.0946501
0.0921957
0.117585
0.136871
0.13299
0.111492
0.111533
0.0994686
0.114937
0.103019
0.106434
0.0828349
0.122721
0.103266
0.0951303
0.12484
0.145699
0.119284
0.104803
0.10539
0.0907126
0.118495
0.118181
0.131155
0.138608
0.125112
0.188095
0.187563
0.134047
0.119943
-0.0110242
0.0658083
0.0718279
0.0817448
0.0901104
0.107278
0.116609
0.0778088
0.0323344
-0.00324962
0.0424733
-0.00856411
-0.0245283
0.0325347
0.0399358
-0.0244209
-0.0018184
-0.0346288
-0.0775578
-0.0614549
-0.033752
-0.0540268
-0.120383
-0.133983
-0.0637786
-0.0926524
-0.135995
-0.105521
-0.0457496
-0.120437
-0.0849557
-0.0769038
-0.0643938
-0.124368
-0.136487
-0.0905581
-0.107458
-0.0994884
-0.0654366
-0.0981244
-0.12508
-0.0812173
-0.0840077
-0.114909
-0.0345788
-0.0775718
-0.114687
-0.0590461
-0.14126
-0.0948832
-0.10851
-0.119346
-0.159809
-0.124517
-0.145167
-0.07611
-0.0914449
-0.0666493
-0.155127
-0.0983454
-0.109642
-0.113149
-0.0708615
-0.105482
-0.0304389
-0.0456368
-0.0316003
-0.0817693
-0.0298976
-0.064365
-0.0240781
-0.0747409
-0.0576185
-0.0563568
-0.0234918
-0.0123396
-0.0834343
-0.0303904
-0.0237874
-0.0881964
-0.0831842
-0.0419911
-0.0267197
-0.0363791
0.0185114
-0.0175469
-0.0838292
-0.0328895
-0.0341593
-0.00587685
0.0396982
0.0672626
0.0230054
0.0271721
0.0709859
0.0315085
0.0519728
0.0441226
0.0345407
0.0973001
0.0852805
0.13424
0.158009
0.140525
0.12991
0.13077
0.150551
0.142473
0.147184
0.168375
0.149877
0.136015
0.177014
0.166737
0.13968
0.0986973
0.114179
0.183995
0.151515
0.1135
0.114599
0.14762
0.159365
0.11927
0.186331
0.169127
0.207916
0.217955
0.148277
0.159779
0.135783
0.153527
0.201741
0.229777
0.175165
0.138761
0.20949
0.146198
0.172996
0.232805
0.221664
0.186617
0.117482
0.165806
0.13632
0.16368
0.171179
0.0857134
0.131847
0.044388
0.0854065
0.0875812
0.0747414
0.110538
0.0963108
-0.0195688
0.0333785
0.0513114
-0.00579752
0.00928209
0.0181872
0.022295
0.0301245
0.0153747
0.0160359
0.0212591
-0.00593308
0.0429696
0.0594253
0.141018
0.120811
0.0614333
0.0741533
0.100879
0.0730848
0.154012
0.135646
0.181898
0.165913
0.180853
0.146594
0.165551
0.0796698
0.0117154
0.0734295
0.0709225
-0.0169343
-0.0419523
-0.118951
-0.0613494
-0.0242791
-0.124948
-0.0935527
-0.0696053
-0.142643
-0.219827
-0.150926
-0.0895881
-0.173037
-0.236172
-0.302104
-0.205659
-0.171151
-0.205019
-0.183641
-0.154691
-0.10725
-0.148294
-0.152547
-0.0928604
-0.0860813
-0.174358
-0.13175
-0.0585154
-0.0577516
-0.0810544
-0.0889713
-0.0801969
-0.00699212
-0.0632858
-0.0292271
-0.0673459
-0.0697862
0.0152461
-0.0208996
-0.12968
-0.128866
-0.0600459
-0.17935
-0.131788
-0.0792002
-0.168353
-0.191648
-0.170907
-0.0766937
-0.119769
-0.252355
-0.182985
-0.0951723
-0.12695
-0.199852
-0.169846
-0.087424
-0.156022
-0.174569
-0.126629
-0.310886
-0.150372
-0.0425414
-0.234411
-0.142831
-0.205472
-0.153436
-0.189763
-0.129329
-0.158001
-0.0364071
-0.0119679
0.00854253
0.0524966
0.0694347
0.0062326
0.0255778
-0.0167965
0.0278428
0.0872416
0.00803312
0.0664202
0.132837
0.125907
0.183422
0.0728353
0.107006
0.185977
0.165261
0.077318
0.1428
0.126895
0.10412
0.120427
0.114948
0.157585
0.130974
0.189012
0.187004
0.151576
0.205723
0.133847
0.184441
0.165299
0.106932
0.18149
0.222281
0.175236
0.254841
0.270029
0.173429
0.15459
0.236148
0.214193
0.179091
0.212481
0.219941
0.17553
0.155369
0.18437
0.151982
0.178398
0.14721
0.141153
0.201154
0.148777
0.115418
0.0966233
0.0882659
0.111182
0.114307
0.0759188
0.0811758
0.0859549
0.065431
0.0964558
0.0977441
0.0687529
0.08465
0.0384383
0.0792401
0.0368182
0.0491774
0.0775704
0.0386314
0.0347536
0.0383754
0.0628842
0.0763797
0.101757
0.104121
0.0750714
0.0364212
-0.000377459
0.016422
-0.0362135
-0.0349263
0.0052026
-0.0475643
-0.0517189
-0.0166618
-0.0160131
-0.0659884
-0.0479596
-0.0273852
-0.0406413
-0.0109139
-0.029862
0.0212138
0.0139769
0.0121609
0.0575382
0.0400767
0.0512405
0.0312282
0.0741509
0.057902
0.0399868
0.096877
0.0861447
0.0711647
0.0342625
0.0466764
0.0189431
0.0245428
-0.0278121
-0.0257383
-0.0189459
-0.0519198
-0.107969
-0.0972581
-0.0898284
-0.0704996
-0.061462
-0.0282417
-0.0447141
-0.0658379
-0.069074
-0.0690737
-0.0303716
-0.071203
-0.0511304
-0.0926462
-0.0811265
-0.125038
-0.108604
-0.0901783
-0.0673731
-0.0153687
-0.0660306
-0.0374793
-0.0122327
0.00312129
0.000293564
-0.0260124
-0.0372645
-0.0662282
-0.0723533
-0.0460708
-0.043555
-0.0442217
-0.014715
0.026733
-0.00851837
0.0855906
0.0845947
0.0628047
0.142994
0.195965
0.13124
0.190899
0.206753
0.194754
0.0922702
0.126487
0.059972
0.0590825
0.0782088
0.127877
0.00955441
0.0831427
0.0363909
0.0580951
0.0619406
0.0510611
0.0367878
0.103889
0.0688136
0.042382
0.0753649
0.0594681
0.0936799
0.104238
0.145902
0.107279
0.138407
0.161909
0.202286
0.171692
0.124429
0.154932
0.0981311
0.0763477
0.184703
0.174613
0.229719
0.0341289
0.0913435
0.0455758
0.0643375
-0.0588449
-0.0760649
-0.0468398
0.0546072
-0.00615904
-0.015963
-0.0462138
0.0269947
0.0444103
0.0427327
0.0588345
0.082833
0.210599
0.192951
0.185023
0.195348
0.276118
0.164753
0.194768
0.233569
0.186565
0.241531
0.152086
0.144121
0.226494
0.19563
0.0866185
0.177729
0.157196
0.148382
0.0635033
0.0321705
0.00757052
0.00233729
-0.133763
-0.179925
-0.204888
-0.201568
-0.120133
-0.0294492
0.0265966
-0.0870089
-0.0777595
0.0177893
-0.0668675
-0.136974
-0.0463296
-0.112359
-0.17041
-0.112624
-0.0831891
-0.0107218
-0.0887792
-0.0764436
-0.0545045
-0.0679718
-0.0990897
-0.0797166
-0.111898
-0.0628982
0.00568405
-0.0307219
0.0377289
0.0391948
0.0436486
0.0669082
0.0625796
-0.0232863
0.100154
0.205825
0.139028
0.181415
0.130568
0.133772
0.170463
0.133769
0.215329
0.109028
0.135157
0.168655
0.128371
0.0517024
0.0510343
0.0671248
0.0178765
-0.0014296
-0.0590717
0.0311054
-0.0315283
0.0919954
-0.00140113
0.142462
0.102448
0.245843
0.230388
0.160021
0.174413
0.205059
0.123589
0.0761471
0.0828393
0.0926331
0.20515
0.171808
0.0904835
0.0723633
0.130896
0.205151
0.172864
0.0408779
0.0150134
0.210897
0.117564
0.0702397
0.0260173
0.121543
0.0192618
0.155793
-0.00425006
0.137914
0.0934004
0.247142
0.0849401
0.000221426
0.102153
0.0990565
-0.0265354
0.121601
0.00460837
0.0423521
0.025994
0.150875
0.136999
0.0946506
-0.00554895
0.0205829
-0.0308722
-0.00650616
-0.0299692
0.13147
0.118307
0.185196
0.248562
0.224893
0.113876
0.167429
0.0499081
0.0763945
0.0344374
-0.00170715
-0.0358929
0.275984
0.101384
0.232599
0.0305896
0.203007
0.0850801
0.226094
0.078902
0.024507
-0.037765
0.111159
-0.0605491
0.115653
0.0879681
0.302425
-0.0263323
0.27458
0.113744
0.437408
-0.0134534
0.264228
0.0386818
0.503561
-0.00245337
0.322672
-0.290249
0.341917
-0.160919
0.44949
-0.0785851
0.437415
-0.148923
0.386295
-0.024892
0.304384
-0.160523
0.281386
-0.159764
0.261298
-0.298279
0.238972
-0.205943
0.0980106
-0.206125
0.167573
-0.376732
-0.0865472
-0.476103
-0.133335
-0.551841
-0.0835622
-0.46656
-0.052713
-0.376776
0.0520727
-0.288453
0.102952
-0.209459
0.113899
-0.353151
-0.355056
-0.37156
-0.111521
-0.408171
-0.208487
-0.321469
-0.285166
-0.288199
-0.244153
-0.172541
-0.106887
-0.118293
0.0598245
-0.0295071
0.224245
0.182069
0.0549594
-0.0429537
-0.0642087
-0.160546
-0.0873423
-0.221686
-0.14433
-0.247035
-0.305713
-0.289814
-0.146938
-0.0878019
-0.194174
-0.0362533
-0.207592
0.0341497
-0.278328
-0.433132
-0.466045
-0.249416
-0.245669
-0.194331
-0.124969
0.0189044
-0.0680289
-0.0557859
0.235262
0.0525744
-0.0226497
0.169625
0.0811755
0.165096
0.123633
0.300569
0.159538
0.00538312
-0.366597
-0.0729474
-0.0905149
-0.0316848
-0.129115
-0.0574037
-0.155377
-0.0367024
0.0781183
0.0665391
0.22668
0.080374
0.324704
-0.0339963
0.271451
0.169126
0.242339
0.245168
0.32956
0.179093
-0.0869308
-0.397529
-0.60691
-0.471756
-0.455033
-0.500886
-0.563876
-0.449829
-0.493441
-0.325422
-0.306503
-0.193676
-0.021099
-0.0504086
-0.0248499
0.00537449
0.122181
0.196103
0.39689
0.364262
0.296656
0.287664
0.309692
0.231935
0.0596928
0.0471312
0.0955793
0.0199501
0.0168033
0.0873167
0.0677616
0.0303511
0.162406
0.149064
0.127966
0.260534
0.219211
0.257469
0.338694
0.164097
0.193815
0.135948
0.148288
0.243193
0.2299
0.238388
0.283537
0.201214
0.110919
0.109039
0.0109816
-0.0397274
-0.09491
-0.0632984
-0.0776815
-0.0548549
-0.0173572
-0.00694128
0.0985338
0.137988
0.123271
0.0808509
0.0239187
0.0902087
0.212777
0.166307
0.163283
0.235325
0.315776
0.24362
0.168491
0.224643
0.187077
0.18651
0.146907
0.16277
0.12088
0.130471
0.10739
0.12933
0.108145
0.130359
0.076319
0.116315
0.168326
0.14515
0.129122
0.182068
0.126052
0.0846161
0.0763791
0.0570397
0.043637
0.0803489
0.118003
0.125409
0.12567
0.164004
0.178327
0.24109
0.295971
0.26649
0.254623
0.231477
0.190529
0.236766
0.239319
0.152976
-0.00366255
0.0355963
0.0707026
0.0691398
0.0238839
-0.000203237
0.0383999
0.0295645
0.0529069
0.105931
0.0888659
0.0516329
0.0646094
0.058986
0.0276169
0.0648539
0.0121517
-0.00722129
-0.0301782
-0.0397138
-0.0663126
-0.0328815
-0.00323461
0.0143578
0.0380628
0.0189449
0.0353582
0.086695
0.104833
0.032322
0.00264671
0.0361381
-0.0247572
-0.02684
-0.0298311
-0.133894
-0.0404426
-0.0849284
0.0637488
0.146342
-0.0192161
-0.0267996
-0.022464
-0.0454466
-0.112602
-0.25948
-0.234054
-0.175835
-0.183312
-0.126152
-0.0916831
-0.023592
-0.052627
0.0529191
-0.0116724
0.0349567
0.0144774
0.0993005
-0.139321
-0.0755209
0.0444101
0.208947
0.0633728
-0.0754292
0.0195148
-0.0415511
-0.0498973
-0.0466786
0.0490184
0.196681
0.142302
-0.030377
0.100661
0.0356921
-0.0206595
-0.0767008
0.0196433
0.0347875
0.210808
-0.163303
0.0811653
-0.0567291
-0.0816879
0.0274229
-0.048281
-0.0354077
0.0325764
-0.129274
0.151011
-0.0694139
0.0794913
-0.0635882
-0.0116357
-0.0127587
0.0116949
-0.279664
-0.0791186
0.0980632
0.0708452
-0.103179
-0.234152
-0.154786
-0.0612948
-0.0873177
-0.161563
-0.0107861
-0.077187
-0.00665796
-0.216228
-0.193319
-0.0517153
0.0197159
-0.0296263
-0.0887141
-0.0175644
-0.160364
-0.0505126
-0.101693
-0.0853147
-0.0946689
-0.164479
-0.27428
0.0153457
-0.0326248
-0.0651433
-0.260224
-0.114097
-0.0840674
-0.0800041
-0.408569
-0.229449
-0.162842
0.0314146
-0.130296
-0.0696905
-0.127838
-0.109424
0.00897135
-0.00401891
-0.14911
-0.0484587
0.00439386
-0.00505254
-0.109248
-0.043957
-0.0993471
0.112892
-0.133739
0.110817
-0.116518
-0.0200159
-0.124124
-0.0682425
-0.165447
-0.0717861
-0.281964
0.0455272
0.0529784
-0.0572942
-0.00100698
-0.137942
-0.0755043
-0.179699
-0.074529
-0.387216
-0.166173
-0.0791255
-0.098958
-0.152196
-0.0448616
-0.0267643
-0.151332
-0.0409827
-0.0109705
0.105427
-0.0463634
0.0123538
-0.0225745
0.083498
-0.0772836
0.135989
0.0545482
0.069482
0.165382
0.103966
0.192429
0.10903
0.147833
0.0694621
0.211145
0.125806
0.248469
0.118067
0.211603
0.175999
0.309977
0.218759
0.135037
0.202493
0.164961
0.0778639
0.15345
0.0367092
0.102816
0.0598914
0.129264
0.0552422
0.0940169
0.101348
0.101592
0.0507497
0.0274877
0.0371813
0.0423397
0.033515
0.0465473
0.0396399
0.0804529
-0.0136721
0.0845295
0.118208
0.00116665
-0.0562953
0.042233
0.00430023
0.143213
0.142773
0.248932
0.178128
0.149455
0.158407
0.189475
0.259262
0.1856
0.0425333
0.262611
0.152282
0.281216
0.199918
0.237761
0.174203
0.262971
0.150895
0.13704
0.182981
0.132055
0.140803
0.0666422
0.0652311
0.0479864
0.129664
0.101334
0.0702652
-0.0233548
0.151813
0.00992632
0.128764
-0.0043813
0.16577
0.190855
0.127674
0.0258338
0.114881
0.165414
0.0840745
0.119491
0.129896
0.11967
0.120993
0.119781
0.191976
0.132792
0.110356
0.103665
0.135862
0.0619281
0.160559
0.0905905
0.167447
0.187678
0.180601
0.13852
0.195131
0.134174
0.196484
0.167259
0.16085
0.165261
0.122271
0.17905
0.139675
0.123804
0.121118
0.11367
0.0895747
0.0438214
0.0419036
0.0703202
0.0810095
0.0315499
0.0271567
0.0877253
0.0788897
0.04327
0.0398564
0.0917317
0.103342
0.0691908
0.0136999
0.0176148
0.0193836
0.00989587
-0.0288676
-0.0257258
0.0313849
0.00241961
-0.0188451
0.00633666
0.0115188
0.00699111
0.00707366
-0.0244395
-0.0919095
-0.0620584
-0.0114916
-0.0366441
-0.0171046
-0.0567651
-0.0276791
0.00569902
0.0210856
0.0251373
0.0219334
0.0207675
0.0449677
0.0341348
-0.00427846
-0.0211402
0.00456095
-0.0223332
-0.0348451
-0.0342755
-0.0155778
0.0130356
0.022292
-0.0184505
-0.0254887
0.00853922
-0.00105835
-0.0122183
-0.0185468
0.0118242
0.0138029
0.0307616
0.0137402
0.0308964
0.0222054
0.00120052
0.0241839
-0.0026472
0.028956
0.0431486
0.0129162
-0.0102237
-0.00290657
-0.0070412
0.0536416
0.00396319
0.0139005
0.0561633
0.00759016
0.0273607
0.0507203
-0.00189935
-0.00420373
0.0182522
0.0356082
0.0316783
-0.00635987
-0.0343164
-0.0274352
0.00270853
0.00821353
-0.0154227
-0.000928154
0.0349981
0.00969075
0.0550092
0.0469991
0.0360716
0.0716466
0.0266521
0.0240111
0.0517191
0.0165109
0.0562622
0.0529129
0.00462031
0.0426749
0.0538842
0.0205339
0.0240832
0.026592
0.0358371
0.0102811
0.0879229
0.020907
0.0398027
0.0811675
0.0291838
0.0563765
0.0404788
0.0263903
0.0731149
0.0179499
0.0666347
0.0758769
0.0803505
0.0872698
0.0386139
0.0494368
0.0481967
0.0649537
0.0591176
0.00616385
0.0483658
0.085378
0.039946
0.0610473
0.0911256
0.062015
0.035826
0.0803094
0.120829
0.0882882
0.0221466
0.0700984
0.108783
0.068388
0.0427663
0.109226
0.127348
0.0586969
0.0798122
0.151862
0.157083
0.136057
0.155664
0.0821055
0.0449082
0.160326
0.122554
0.115008
0.112724
0.113563
0.114407
0.0876553
0.115627
0.0631961
0.0435078
0.0941046
0.0640411
0.0679013
0.0833268
-0.0167472
0.0483438
0.0993924
0.0778313
0.0484373
0.0327192
0.0562718
0.0681639
0.0450597
-0.0112615
0.0297264
0.0179157
0.0261747
0.0280877
0.0134574
0.00463539
0.0384812
0.0216936
0.0375221
0.00864025
-0.0308218
0.0478945
0.0120287
0.0270668
-0.0215483
0.0557093
0.0816684
0.0518419
0.0933796
0.128539
0.0931803
0.104825
0.0820474
0.139462
0.149797
0.0696307
0.0188355
0.0228062
0.0856001
0.101342
0.122948
0.051652
0.0324859
0.0422317
0.0957732
0.0863481
0.0955273
0.092041
0.0186843
0.0475743
0.0918346
0.055893
0.040368
-0.000330832
0.043088
0.0111869
0.00375119
0.0103459
0.00358244
0.00655913
-0.0131735
0.00584942
0.042668
-0.0214169
-0.0897889
-0.00383065
0.0520167
0.0133679
-0.00745918
0.00954864
0.0831493
0.123057
0.0538044
0.0453205
0.110936
0.0107834
-0.0740941
0.117968
0.119738
0.0828552
0.0946881
0.157871
0.143813
0.107294
0.0335455
0.0577765
0.126467
0.105219
0.0730241
0.0192878
-0.0482796
-0.027262
0.0330523
0.0127315
0.0822806
-0.052984
-0.0756865
-0.0556963
0.0978297
0.105695
0.0124322
-0.0517872
-0.0738053
0.0715469
0.0673507
0.0680504
0.0843943
0.00391901
-0.0572318
-0.0187684
0.0928318
0.11493
-0.0204335
-0.128965
-0.0201289
0.0496679
0.01954
-0.0114529
-0.049591
0.0431787
0.197564
0.110982
0.038886
0.0503547
0.133839
0.170817
0.128531
0.0814249
0.0599047
0.127414
0.176119
0.0538345
0.113671
0.126325
0.0566696
-0.00093431
-0.00475272
0.0719463
0.0437603
-0.031572
-0.0658167
0.0203559
0.0383211
0.00932596
-0.0392236
0.0453858
0.0446834
0.06586
0.127775
0.143665
0.12789
0.031864
0.0193905
0.0744029
0.0803208
0.0513988
0.0254066
0.061173
0.0978271
0.0748099
-0.00367146
-0.0385956
0.0309822
0.0968951
0.0544738
0.0675988
0.0394823
0.0477019
0.0231646
0.106958
0.159297
0.206865
0.259792
0.2077
0.072446
0.0101617
0.00841088
0.0464938
0.106105
0.0359355
0.00694029
0.0193792
0.0731365
0.0216162
0.00908883
0.0536225
0.0946598
0.0475585
0.00850583
0.0287323
0.0691148
0.0722447
0.0770203
-0.00587755
-0.00948209
-0.0771344
-0.0570987
0.0621771
0.0345773
0.00762746
0.00616563
0.0176067
0.0238001
-0.0646439
-0.0140099
-0.0185706
0.0116139
-0.039457
0.00277927
0.0121214
0.0160104
0.0270591
0.0184075
0.031151
0.0530748
0.0380499
0.00986353
0.0419898
0.04501
0.0395726
0.0320536
0.0407653
0.0303966
0.030007
0.0244763
0.029253
0.0148022
0.0276218
-0.00760171
-0.013964
-0.00370572
-0.0301573
0.0516884
-0.0615911
-0.0202955
-0.00908505
-0.0206862
-0.0413315
-0.0338751
0.00457887
-0.0215128
-0.0272453
-0.0321264
-0.0393175
-0.0404147
-0.0342814
-0.0313898
-0.0152364
-0.0115365
0.00437185
0.0139853
0.0290711
0.0323552
0.0384361
0.0114642
0.0165699
0.0434832
0.0389515
0.0445316
0.060729
0.0574653
0.0466833
0.0330082
0.0522474
0.0320905
0.0398848
0.0440083
0.0440587
0.0697183
0.0476681
0.0138932
0.0332704
0.0495711
0.0343956
0.0576041
0.0448535
0.0492398
0.0137311
0.0438891
0.0418229
0.0368066
0.0662209
0.0616603
0.0929316
0.0864527
0.0638017
0.0982582
0.0677269
0.0748155
0.0710583
0.0902812
0.0417785
0.0579507
0.00706874
0.0676797
0.100566
0.0435681
0.0544268
0.0551259
0.0747291
0.04189
0.0279458
0.0465866
0.031431
0.0572119
0.0487812
0.0844933
0.133775
0.12301
0.108903
0.136497
0.0907207
0.108335
0.134636
0.128339
0.132252
0.0516447
0.0897167
0.125993
0.178991
0.132508
0.109064
0.150353
0.162161
0.183764
0.0979329
0.177735
0.103573
0.0758733
0.100502
0.106312
-0.0745666
0.190894
-0.115924
-0.0901549
-0.0847287
0.0346545
-0.0521488
-0.0639266
-0.0543162
-0.0281767
0.0381296
0.0484559
0.0377227
0.106935
0.0723851
0.164685
0.114718
0.118898
0.0699628
0.161471
0.0925199
0.020379
0.108317
0.0777385
0.0842375
0.0591087
-0.0101668
-0.0103525
0.0393202
-0.0154541
-0.00712158
0.0584294
0.0385267
0.0836105
0.0841576
0.160878
0.104704
0.112468
0.0851442
0.119041
0.120223
0.178319
0.213719
0.239158
0.23163
0.226908
0.219484
0.21961
0.177637
0.21804
0.186344
0.135113
0.16048
0.0935073
0.0231824
-0.00355118
0.0237037
0.0100961
-0.166206
-0.120743
-0.129141
-0.135283
-0.1483
-0.176398
-0.151802
-0.0893743
-0.0453207
0.0162287
0.0175308
0.0438797
0.0892603
0.16603
0.110753
0.092119
0.114595
0.0375526
-0.0546912
0.00354657
-0.0393851
-0.0555167
-0.0256436
-0.0141203
0.0563324
0.200386
0.494154
0.550972
0.443657
0.5251
0.617023
1.0732
0.899893
0.651098
0.557256
0.55447
0.601856
0.575521
0.52499
0.386684
0.280819
0.120772
0.182071
0.138489
0.15417
0.080776
0.0315495
0.112895
0.114866
0.112985
0.192318
0.21395
0.230104
0.24408
0.755673
0.84498
0.843615
0.739461
0.84828
0.731174
0.536836
0.415414
0.25281
0.361561
0.170693
0.27749
0.149898
0.0362002
0.128477
0.0498234
0.0263908
0.120368
0.1356
0.164186
0.21277
0.163899
0.215112
0.196929
0.177889
0.196541
0.113825
0.120672
0.150514
0.166196
0.191441
0.21894
0.180969
0.165038
0.314589
0.282573
0.295429
0.26208
0.169916
0.140867
0.0898285
0.169284
0.0333223
0.118813
0.179524
0.194974
0.241085
0.365337
0.244809
0.192384
0.246804
0.261611
0.242693
0.153461
0.130518
0.165613
0.144576
0.257688
0.240284
0.256081
0.221969
0.166196
0.135876
0.198045
0.171881
0.161189
0.230697
0.264716
0.205485
0.0956542
0.152264
0.083487
0.156319
0.195648
0.270952
0.234138
0.108401
-0.00736616
-0.0329527
-0.0677956
-0.0988294
-0.09042
-0.0011406
0.140957
0.114301
0.0813534
-0.0909714
-0.150191
0.140152
0.0133732
-0.0371318
0.0192607
0.232891
0.0682248
0.196351
0.173311
0.222949
0.22567
0.244497
0.0869228
0.24586
0.212005
0.0630134
-0.109098
-0.172527
-0.0632027
0.00192437
-0.166674
-0.230932
-0.22837
-0.272817
-0.27809
-0.299284
-0.356567
-0.228788
-0.207975
-0.0928769
-0.0177628
-0.104607
0.106273
-0.0438199
0.100376
0.00441968
-0.190225
-0.330361
-0.343398
-0.56076
-0.473071
-0.449954
-0.567674
-0.436143
-0.319154
-0.161781
-0.132645
0.0094223
-0.122381
-0.0474932
-0.1188
-0.222576
-0.558522
-0.628288
-0.540519
-0.276249
-0.275877
-0.0848631
-0.0277657
0.163659
-0.0594419
0.143916
0.0424271
0.0722439
-0.0858068
-0.0828696
-0.312434
-0.0605292
-0.04256
-0.103605
-0.17568
-0.0788629
-0.0553522
-0.0247324
-0.168548
-0.153332
-0.222962
-0.381489
-0.407952
-0.266016
-0.207316
-0.346143
-0.226289
-0.196208
0.0768987
-0.161705
-0.216025
-0.287473
-0.189779
-0.372911
-0.244381
0.00344984
-0.32973
-0.0919997
0.0393782
0.0334537
-0.0839393
-0.0778655
-0.10129
-0.0575772
-0.262422
-0.293354
-0.25537
-0.188972
-0.233449
-0.219314
-0.134201
-0.110887
-0.111046
-0.0228812
-0.0443291
0.0137169
-0.0860399
-0.117431
-0.184948
-0.0528755
-0.079894
-0.166148
-0.269556
-0.181728
-0.174064
-0.15385
-0.306128
-0.168306
-0.214399
-0.22566
-0.137031
-0.0167637
0.0339716
0.0457521
0.105081
-0.0847948
-0.0601486
-0.227894
-0.118546
-0.186855
-0.278999
-0.262264
-0.223492
-0.245091
-0.243777
-0.201582
-0.295942
-0.146571
-0.129711
-0.24928
-0.298606
-0.237311
-0.0717594
-0.189202
-0.229786
-0.194962
-0.144966
-0.177079
-0.22197
-0.182848
-0.168702
-0.245003
-0.305029
-0.174655
-0.220097
-0.241141
-0.0979661
-0.112116
-0.0935295
-0.0897977
-0.0390745
-0.0553441
-0.0776211
-0.10978
-0.0196573
-0.00274912
-0.0315784
-0.0558809
-0.0329288
0.0730886
0.0244244
0.0581243
0.0478957
0.0618367
0.072178
0.0539347
-0.0106563
0.00592032
0.0363864
0.0210203
-0.015946
-0.00171817
-0.0559644
-0.0980634
-0.0544332
-0.120586
-0.10432
-0.0943114
-0.0411844
-0.0268253
-0.0589473
-0.108111
-0.0872282
-0.114008
-0.116185
-0.138514
-0.114305
-0.136252
-0.10914
-0.148339
-0.126309
-0.147275
-0.112789
-0.110973
-0.0487187
-0.112036
-0.0969098
-0.0810707
-0.115021
-0.121019
-0.0681648
-0.0428474
-0.133835
-0.108498
-0.134629
-0.0691285
-0.0816942
-0.0433222
-0.0786348
-0.122673
-0.125117
-0.166295
-0.147227
-0.135032
-0.194935
-0.125857
-0.0894312
-0.153972
-0.0188351
-0.0568916
-0.093863
0.0267582
-0.0646202
-0.0316729
0.0350511
-0.0410947
0.0276057
0.00240563
-0.0708699
-0.0114217
-0.101652
-0.156442
-0.0267089
-0.10173
-0.113566
-0.0968439
-0.115873
-0.166579
-0.12724
-0.1342
-0.213351
-0.151426
-0.00856794
0.0560239
-0.0684555
-0.0252662
-0.0047912
-0.0767679
-0.168453
-0.170463
-0.119988
-0.0509068
-0.0597407
-0.062372
-0.0991945
-0.124575
-0.0511443
-0.113013
-0.142942
-0.0634847
-0.128417
-0.0673621
-0.106715
-0.178331
-0.142548
-0.176349
-0.223959
-0.267841
-0.207182
-0.103021
-0.194049
-0.163911
-0.159332
-0.153275
-0.179871
-0.195799
-0.125506
-0.222923
-0.120143
-0.123714
-0.12004
-0.107125
-0.159627
-0.183975
-0.0945286
-0.165571
-0.174044
-0.191292
-0.163586
-0.226583
-0.164353
-0.143072
-0.165085
-0.154902
-0.0547453
-0.164784
-0.173841
-0.152767
-0.128378
-0.159716
-0.10756
-0.0695022
-0.0570731
-0.142367
-0.134269
-0.111964
-0.147533
-0.217749
-0.164272
-0.203213
-0.251182
-0.181588
-0.138024
-0.162874
-0.121989
-0.118256
-0.220935
-0.156948
-0.0610625
-0.0129423
-0.131748
-0.116342
-0.0149478
-0.116607
-0.199221
-0.0148305
-0.134226
-0.179379
-0.0975454
-0.0884771
-0.23204
-0.274671
-0.144105
-0.0816919
-0.190399
-0.158321
-0.146118
-0.174419
-0.213809
-0.0827306
-0.137767
-0.14986
-0.120971
-0.118826
-0.160195
-0.0812684
-0.084725
-0.095427
-0.0557598
-0.110324
-0.128295
-0.153679
-0.052472
-0.0419466
-0.0970815
-0.0196913
-0.0534801
-0.0257896
0.0218459
0.0286308
0.0508216
-0.0321928
-0.0308439
0.00843751
-0.0877921
-0.0799355
-0.0635023
-0.122642
-0.100728
-0.0860237
-0.161948
-0.0460063
-0.0579629
-0.115514
-0.0390269
-0.0475088
-0.0621605
-0.0427758
-0.053141
-0.0284393
0.0413303
0.0210904
0.0749417
0.0363515
0.0466125
0.106456
0.0111374
-0.0204889
-0.00131148
-0.0567716
-0.0640715
0.0219821
-0.0232648
-0.0310878
0.0467335
0.0352128
0.0739254
0.0632281
0.0142319
0.00364355
0.0187168
0.0995758
0.0348977
0.0352814
0.102733
0.0230059
0.0261908
0.0488317
0.0584412
-0.00292588
0.0644171
-0.00879449
0.0160318
0.00292176
-0.0324627
-0.00709287
-0.0353199
0.00417521
0.0662513
-0.0813247
-0.0352644
-0.00140911
-0.00942239
0.0287003
-0.00431633
0.0122009
-0.0409608
-0.00318896
0.0138986
-0.0651583
0.0404129
0.00590839
-0.0412807
0.102129
0.00923587
-0.0476746
-0.0699662
-0.00859819
-0.0747693
-0.0248114
-0.0650212
-0.028839
-0.0295564
-0.0951101
-0.0512685
0.00989525
0.0133976
0.00761833
-0.0215581
-0.0170252
0.0166315
-0.0172943
0.0442924
0.0120474
-0.0327189
0.0356989
0.0413327
-0.0155935
0.00522793
-0.00415028
-0.0134959
0.00861768
-0.0309426
-0.0217043
-0.0596368
-0.057433
-0.0204963
-0.0323797
-0.0612262
-0.0205684
0.0196487
0.0151028
-0.0344917
-0.0608602
-0.0359406
-0.00127516
-0.0257578
-0.0782987
0.0461007
-0.0122534
-0.090104
-0.0489999
0.00083998
-0.0417548
-0.0609271
-0.036208
-0.0406626
-0.0515121
-0.0113687
-0.091192
-0.125695
-0.0210317
0.00462961
-0.0983371
-0.0955697
0.00463249
-0.0238251
-0.0131993
-0.0773078
-0.00564702
-0.044558
-0.0123509
-0.0137805
-0.0251472
-0.0208127
0.00521367
-0.0818132
0.0417299
0.0231082
-0.105068
0.00798239
0.0312871
-0.0278831
-0.0134525
0.010883
0.00204236
-0.00655381
0.00627321
-0.00179149
-0.0436362
-0.00833892
-0.0228386
-0.0195721
0.00879821
0.0487384
-0.0385777
-0.010278
-0.0145807
0.000121443
-0.0395353
0.0484321
0.0305991
-0.0149474
-0.0380584
0.0535088
-0.0417539
0.0126373
0.0183894
-0.0508465
0.0166929
-0.0193852
0.0519909
0.00926871
0.0268039
0.0733868
-0.0170767
-0.0410433
-0.00396
-0.0128789
-0.0130509
-0.00677027
-0.0261467
-0.0266002
-0.0227636
-0.00710819
-0.0838831
0.0243506
-0.0700263
-0.0182843
0.0138758
-0.106303
-0.0360024
-0.063747
-0.0540665
-0.0185845
-0.142612
-0.0841508
0.0224016
-0.110692
-0.0682533
-0.0462034
-0.065624
-0.107193
-0.061233
-0.0391259
-0.0300474
-0.159118
-0.0706643
-0.0748405
-0.0776537
-0.109841
-0.0910438
-0.0974161
-0.127195
-0.06864
-0.171983
-0.125418
-0.086493
-0.110143
-0.0749975
-0.056998
-0.0684501
-0.015556
-0.106981
-0.158258
-0.106419
-0.131289
-0.0774143
-0.0511419
-0.0286385
-0.0420943
-0.0805069
-0.087704
-0.105321
-0.0873316
-0.100059
-0.0927397
-0.0973217
-0.107126
-0.126567
-0.130395
-0.131017
-0.103294
-0.12403
-0.172083
-0.0739225
-0.0942786
-0.0772356
-0.0468176
-0.0155494
-0.00987283
-0.129368
-0.131544
-0.0841023
-0.207586
-0.181234
-0.0495764
-0.0930787
-0.0544034
-0.107398
-0.0992315
-0.1007
-0.0827437
-0.13108
-0.177597
-0.123902
-0.153866
-0.1531
-0.0300528
-0.158093
-0.0427186
-0.0992863
-0.187515
-0.0904346
-0.028954
0.0648567
0.043639
0.124053
0.170453
0.158523
0.181214
0.183253
0.177531
0.169987
0.142955
0.0349683
0.0249026
-0.0855448
0.117747
0.0503101
0.1493
0.000459727
0.0225315
0.00565674
-0.0975768
0.0408088
-0.0450329
0.00327797
0.0226274
-0.0678886
0.00165164
-0.021389
-0.10753
0.0649177
0.103743
0.157791
0.0453032
0.0696091
0.103914
0.137557
0.21623
0.137264
0.11279
0.0915056
0.214727
0.20679
0.282759
0.237462
0.11044
0.091825
0.110903
0.0759684
0.0302123
0.0975862
0.0231208
0.0702578
-0.0189628
0.045375
-0.0607637
-0.0219672
-0.0295323
-0.0370761
-0.136822
-0.101433
-0.157601
-0.178273
-0.0997215
0.0171888
0.00583575
-0.0427857
-0.119256
0.0037818
0.0945868
0.165175
0.150708
0.248448
0.252713
0.303161
0.317178
0.192045
0.172244
0.106261
0.0516843
0.0547221
0.0133777
0.285752
0.068525
0.0356987
0.102511
0.00920232
-0.00531841
-0.00733099
0.0613965
0.011671
0.101214
0.000241825
-0.0743323
0.0517875
-0.0409399
0.10174
0.125684
0.165661
0.0951048
0.140602
0.140781
0.127656
0.204261
0.207178
0.190903
0.178124
0.166841
0.154154
0.245718
0.258944
0.230355
0.199811
0.109005
0.130462
0.0359705
-0.0439096
0.0937973
0.00808842
-0.053038
0.0223011
-0.0134323
0.0386294
0.0566638
-0.00617202
-0.0195787
0.00486187
0.0355405
0.106472
0.09043
0.125457
0.135858
0.245703
0.238436
0.0882554
0.272093
0.178674
0.0864766
0.205602
0.385301
0.201705
0.202956
0.190864
0.0852628
0.144321
0.13005
0.0918784
0.127958
0.147613
0.154456
0.143755
0.109946
0.149176
0.105026
0.0290673
0.100567
0.0469853
0.132685
0.115843
0.147477
0.167649
0.136707
0.131218
-0.0731879
0.433948
-0.069629
0.310439
0.168506
0.178605
0.309184
0.233971
0.213697
0.225746
0.22297
0.168546
0.18319
0.0561314
0.157701
0.287055
0.127754
0.120938
0.137689
0.106187
0.0810499
0.0948577
0.0905334
0.161455
0.0640417
0.0281836
0.0839865
0.0952168
0.0856711
0.0777893
0.143651
0.0974604
0.072577
0.166359
0.160119
0.0612788
0.149455
0.124754
0.0556837
0.0432919
0.0628076
0.0845798
0.0314106
-0.00359321
0.089317
0.0678124
0.0496073
0.0487553
0.0452246
0.0377981
0.0398416
0.0421317
0.00488791
-0.0076426
0.014079
-0.0095155
0.01889
0.0498117
0.121036
0.0776786
-0.000140332
0.0596494
0.0729738
0.036454
0.0456643
0.0663207
-0.00950628
0.0149397
0.0252339
0.0176976
0.030154
0.0370834
0.0268749
0.0249323
0.0365911
0.0411524
0.0270384
0.0361739
0.0263034
0.0174712
-4.23901e-005
-0.0168533
0.00396037
-0.0511582
0.00200014
-0.00349669
-0.0643969
-0.00298698
-0.0061052
-0.0281038
-0.00291693
0.00600193
0.00932269
0.0208182
0.0376579
0.040634
0.0340394
0.0490703
0.0477679
0.0310084
0.0414424
0.0603017
0.0545096
0.0470458
0.0358837
0.0235124
0.0281861
0.0277483
0.0175238
-0.0044912
-0.0073502
0.000545619
-0.00631268
0.00328941
0.00916258
0.0070194
0.0264876
0.0152626
0.0180276
0.0147336
0.0151714
0.0290381
0.0285141
0.0212586
0.0233106
0.026589
0.00294589
0.00747215
-0.00647785
-0.0132986
-0.00918815
0.0166397
0.0104152
0.0100268
-0.0293524
-0.0139393
-0.0309404
-0.0264634
-0.0136852
-0.0118684
-0.0227613
-0.0241168
-0.033508
-0.0345281
-0.0330069
-0.0356294
-0.053957
-0.0497188
-0.0529719
-0.0542721
-0.0562457
-0.0742133
-0.0805553
-0.0694295
-0.0789616
-0.0801482
-0.0654327
-0.0845196
-0.0768871
-0.0759952
-0.071302
-0.0785614
-0.118319
-0.126226
-0.0974986
-0.0948104
-0.0927091
-0.120115
-0.105253
-0.0577584
-0.0708749
-0.0610389
-0.0208787
-0.020325
-0.0203154
-0.0177825
-0.0227379
0.00735172
-0.0168719
-0.0366674
-0.0432324
-0.0592401
-0.0225325
-0.0757198
-0.0971357
-0.0719486
-0.0990768
-0.129604
-0.106468
-0.0881803
-0.136488
-0.154344
-0.187135
-0.194598
-0.209411
-0.155798
-0.179131
-0.171509
-0.196877
-0.139236
-0.167367
-0.1317
-0.172532
-0.142477
-0.115199
-0.110064
-0.0949449
-0.0679606
-0.0942408
-0.0993467
-0.0782101
-0.0993521
-0.03992
-0.097154
-0.101884
-0.0251669
-0.0888124
-0.139101
-0.122624
-0.0672916
-0.090914
-0.118649
-0.155608
-0.192271
-0.184739
-0.180376
-0.134114
-0.116291
-0.110782
-0.100316
-0.115311
-0.0903769
-0.0691624
-0.0719484
-0.0922143
-0.0888887
-0.0966757
-0.0718083
-0.119529
-0.129537
-0.165795
-0.171076
-0.171995
-0.171342
-0.260133
-0.266726
-0.194901
-0.207223
-0.176655
-0.185854
-0.212154
-0.154122
-0.165705
-0.208712
-0.180632
-0.173813
-0.140466
-0.0637883
-0.0733527
-0.0973572
-0.074411
-0.062492
-0.115095
-0.103124
-0.00533931
-0.0321906
-0.114717
-0.137923
-0.10187
-0.130966
-0.153996
-0.167347
-0.164323
-0.15836
-0.144958
-0.0919304
-0.164652
-0.13572
-0.158057
0.0641237
-0.264557
-0.0664664
-0.181155
-0.185511
-0.112132
-0.181378
-0.170073
-0.174338
-0.150693
-0.201856
-0.17351
-0.107696
-0.190344
-0.212522
-0.205733
-0.192594
-0.243582
-0.261814
-0.243197
-0.215927
-0.254693
-0.238202
-0.20937
-0.161122
-0.0974587
-0.0575433
-0.0336234
-0.0512804
0.0205697
-0.0692418
-0.123994
-0.173663
-0.0709499
-0.086665
-0.112543
-0.165681
-0.127197
-0.139113
-0.113073
-0.133028
-0.078244
-0.169587
-0.156595
-0.0746694
-0.130602
-0.167722
-0.138838
-0.264423
-0.325674
-0.219885
-0.275926
-0.220747
-0.214314
-0.0489762
-0.125778
-0.124846
-0.138443
-0.108231
-0.160838
-0.121408
-0.158252
-0.139601
-0.229557
-0.22066
-0.128935
-0.102832
-0.127649
-0.0929512
-0.101392
-0.0187424
-0.0876753
-0.0890938
-0.125265
-0.111813
-0.154856
-0.109611
-0.130253
-0.149945
-0.0644424
-0.0721989
-0.0925149
0.0407137
-0.00855037
0.0774748
0.101199
0.0944917
0.0486735
0.0354851
0.0401577
-0.0189895
-0.0624142
-0.0791609
-0.226424
-0.189932
-0.140632
-0.149753
-0.146264
-0.110582
-0.0965989
-0.0232492
-0.170067
-0.158826
-0.166494
-0.116962
-0.107705
-0.151513
-0.150938
-0.133521
-0.172608
-0.133982
-0.156456
-0.157903
-0.17534
-0.155164
-0.201464
-0.179743
-0.0917106
-0.134641
-0.128759
-0.117624
-0.168726
-0.166239
-0.207186
-0.173677
-0.136698
-0.13942
-0.0827135
-0.0812277
-0.101157
-0.0901557
-0.02815
-0.0718993
-0.0862612
-0.06619
-0.0477059
-0.0366258
-0.0501134
-0.0231628
-0.0482051
-0.00443821
-0.0938168
-0.0606511
-0.113309
-0.115797
-0.0847283
-0.0508942
-0.0325766
-0.0469994
-0.131452
-0.0815986
-0.0172827
-0.0427803
0.00955459
-0.105488
-0.0691116
-0.0718113
-0.102406
-0.156965
-0.132014
-0.162514
-0.136151
-0.145183
-0.174712
-0.162839
-0.107579
-0.132586
-0.138828
-0.17542
-0.14847
-0.152885
-0.116606
-0.125251
-0.129487
-0.121889
-0.151848
-0.159767
-0.183102
-0.16832
-0.149488
-0.13686
-0.078089
-0.110563
-0.0485133
-0.0949071
-0.0119667
0.00989794
0.00904701
-0.0423496
-0.00262778
-0.0238283
-0.0240977
-0.0613969
-0.0403091
-0.00796623
0.0209427
0.00369901
0.0143488
-0.0102684
0.0455344
0.033467
0.111421
0.0759783
0.0904648
0.0783373
0.0982458
0.0311686
0.0522387
0.0270905
0.0932369
0.0694045
0.0651795
0.0177915
0.0457749
0.0293503
-0.0126102
-0.0139636
-0.000316883
-0.00412352
0.00269963
-0.014966
-0.00173344
0.0184373
0.0378681
0.0426795
0.0304974
0.0200844
0.0771802
0.0427279
0.0599475
0.0520612
0.0660393
0.0544787
0.0759398
0.0513655
0.113127
0.0755469
0.118491
0.0748421
0.114251
0.109076
0.146509
0.0940192
0.113491
0.101895
0.118037
0.11356
0.110862
0.103875
0.123597
0.0907822
0.0980096
0.112354
0.0873334
0.0919181
0.0844078
0.0976604
0.109203
0.104094
0.110492
0.109893
0.11396
0.117875
0.106379
0.119128
0.103031
0.0965842
0.0839788
0.072381
0.0600907
0.0306659
0.0164798
0.0164781
0.0054603
0.00380365
0.0140485
0.0260078
0.0305575
0.0342379
0.0385721
0.0484791
0.0652783
0.0597987
0.0539477
0.0546005
0.0690861
0.0587842
0.0443428
0.0256984
0.0174691
0.00940809
0.00431254
0.000152437
-0.0139353
-0.0171372
-0.0299636
-0.024579
-0.0316983
-0.0310678
-0.0305898
-0.0420612
-0.0277895
-0.0369774
-0.0243105
-0.0206601
-0.0295614
-0.028744
-0.0158799
-0.0182929
-0.031152
-0.0248709
-0.0148099
-0.0111635
-0.0112379
-0.0195312
-0.0166056
-0.00830673
-0.00751107
-0.00798132
-0.00862377
-0.00214851
0.00044978
-0.00120207
0.001838
-0.00404057
-0.00500367
-0.000269281
0.00111903
-0.000521636
-0.000531117
0.00592394
0.0100218
0.00989059
0.0122783
0.0127275
0.0111184
0.00973628
0.00868035
0.00805199
0.0105591
0.00778962
0.00476047
0.00837011
0.012171
0.00861114
0.0103327
0.00994954
0.0117896
0.011451
0.0114372
0.0187013
0.0113215
0.0155178
0.0194052
0.0162038
0.0170338
0.0143143
0.0109381
0.0186518
0.0143568
0.0120848
0.0204157
0.015727
0.0194496
0.0230307
0.0229821
0.0306024
0.0234729
0.0247885
0.0254653
0.0231836
0.0254072
0.0261143
0.0196776
0.0147305
0.0284198
0.015898
0.0298118
0.0159047
0.0290356
0.0304878
0.0347776
0.0235971
0.0367931
0.0292127
0.0400708
0.032519
0.0337926
0.0310753
0.0396754
0.029773
0.0393168
0.0290078
0.0373204
0.0337444
0.0457661
0.0345567
0.0500388
0.0341243
0.0464858
0.0317129
0.0399469
0.0358735
0.0383884
0.0349358
0.0357507
0.0274856
0.0361792
0.0305516
0.0355838
0.0358853
0.0419712
0.033633
0.0409134
0.036447
0.0414654
0.0329351
0.0381187
0.0339739
0.0157043
0.0462913
0.0418225
0.0144826
0.0449252
0.0420487
0.0265419
0.0496723
0.0384654
0.021283
0.0554012
0.0342469
0.0207159
0.0493206
0.0279146
0.0225822
0.0408999
0.036904
0.0235707
0.055878
0.0437943
0.0255878
0.0464109
0.036899
0.014578
0.052504
0.0378808
0.023806
0.0587742
0.0394681
0.0250497
0.0568537
0.0437766
0.0150337
0.051279
0.0421518
0.023214
0.054088
0.0430079
0.0222011
0.0520092
0.0500699
0.0312298
0.0466712
0.0382583
0.0191142
0.042397
0.0294282
0.0123164
0.0179908
0.0255821
0.0184407
0.0293856
0.0280337
0.0136606
0.0226941
0.0235717
0.00811461
0.00508287
0.0273103
0.0282908
0.0324621
0.0347246
0.032238
0.0263724
0.0324063
0.024586
0.0218926
0.0442722
0.0371888
0.0289935
0.044422
0.038891
0.0114578
0.0455211
0.0380159
0.0177087
0.0608087
0.0435711
0.0143279
0.0599139
0.0419695
0.00218705
0.0581494
0.0469967
0.0140154
0.0569424
0.0430037
0.0134815
0.0661668
0.0412794
-0.00901545
0.0369724
0.0342985
-0.0130021
0.0483078
0.0429348
-0.0153097
0.0589699
0.0386401
-0.00804129
0.0651133
0.0214136
-0.00122765
0.0836999
0.0248331
-0.000757428
0.0595445
0.0257839
0.0123207
0.0595892
0.0357956
0.000583628
0.0538245
0.0343099
-0.0226205
0.0386953
0.0358124
-0.0230436
0.0155037
0.0280702
-0.026943
0.00874106
0.0405871
-0.00827415
-0.00358306
0.0291733
0.00748014
0.00368479
0.0289144
-0.00596176
-0.00641916
0.0466261
0.00359662
-0.0149932
0.0439779
-0.00484126
-0.0286111
0.0525678
-0.00683329
-0.0263682
0.0514719
0.00655769
-0.0200316
0.0498187
-0.00592855
-0.0282545
0.0595562
0.0115885
-0.0250698
0.0641517
0.0125563
-0.042846
0.0664341
0.0426157
-0.0193296
0.0513888
0.0410934
-0.0148767
0.0287243
0.0356089
-0.0173977
0.0296948
0.0197312
-0.0249218
0.0320689
0.0326483
-0.0218214
0.0431936
0.032468
-0.0233308
0.0309523
0.0334125
-0.0185156
0.0390028
0.0466067
-0.0253224
0.0320971
0.0338265
-0.0228142
0.0385149
0.0681108
-0.00682592
0.0614971
0.0507876
0.0307967
0.0333139
0.0432111
0.0345314
0.0475493
0.0177938
0.0281897
0.0303529
0.0322638
0.021205
0.0341629
0.0100665
0.0341713
0.0204439
0.034171
0.0229951
0.0442402
0.0335488
0.0460147
0.0344121
0.0563914
0.0380145
0.060523
0.0356902
0.049988
0.0228308
0.0361142
0.0286785
0.0388731
0.0296276
0.0282063
0.0214796
0.0298615
0.0325328
0.045598
0.04986
0.0575993
0.0403363
0.0448165
0.0445009
0.0461123
0.0514846
0.0505401
0.0522409
0.0534226
0.0619324
0.0525498
0.055037
0.0421918
0.0458275
0.0451053
0.0584211
0.0536151
0.0521506
0.0550267
0.0538883
0.047015
0.0547047
0.0412139
0.0529201
0.0554314
0.0501909
0.0550254
0.0435441
0.0481264
0.0470204
0.0435643
0.0416521
0.0480609
0.0550744
0.050883
0.0484204
0.0419313
0.0325768
0.0304116
0.0240977
0.0279144
0.0213441
0.0245652
0.0232285
0.0236135
0.00920276
0.0204767
0.0297114
0.0286203
0.0170706
0.0376379
0.0109341
0.0237875
0.0223025
0.0103924
0.0107573
0.0126089
0.0107229
0.0332823
0.0163599
0.0310829
0.0206282
0.0439655
0.00713755
0.0415943
0.0186049
0.0412649
0.0211423
0.0368726
0.0172679
0.0368437
0.0135288
0.0420157
0.00101265
0.0379407
-3.15048e-005
0.0503664
-0.00501508
0.0656262
0.0140835
0.0598307
0.0117829
0.0469717
-0.0107929
0.0359033
-0.00599024
0.0270343
0.000248514
0.0284911
-0.00891632
0.0267549
-0.0208987
0.0109027
-0.0251526
0.0122702
-0.0100436
0.0293586
-0.0232938
0.045534
0.00300372
0.0436095
0.000106832
0.0269233
0.00392818
0.0379053
0.0224843
0.0274088
0.0094751
0.0242385
0.0131554
0.048231
0.0354172
0.050811
0.0375019
0.0413567
0.0403818
0.0472852
0.0449172
0.0502782
0.03698
0.0463084
0.0476216
0.0525982
0.0484007
0.06062
0.0516729
0.0488566
0.0453851
0.0554677
0.0550263
0.0680647
0.0462078
0.0556557
0.0484714
0.0670547
0.0641365
0.0629268
0.0519018
0.0500526
0.0518095
0.0608625
0.0609848
0.00215809
0.0357664
0.0759707
0.037768
0.0690056
0.0670971
0.0846011
0.0649771
0.0794086
0.0458808
0.003795
0.0440583
0.081194
0.0295687
-0.0070924
0.0461906
0.0156463
0.00582218
0.0153197
0.0480003
0.0689486
0.0176674
-0.00142444
0.0588262
0.0460521
0.0615408
0.0900228
0.0264053
0.0783037
0.108726
-0.0221475
-0.00406266
0.0887654
0.0322032
0.0338428
0.108782
0.00903306
0.0575454
0.121212
0.0180507
0.055894
0.0955624
-0.0208855
0.0453714
0.0987828
-0.0357655
0.0175325
0.0494962
-0.00797295
0.0281383
0.0507047
-0.0108388
0.0600993
0.0857053
-0.0292404
-0.00514957
0.0757588
-0.0387676
-0.0267039
0.0554639
-0.000115225
0.0571436
0.0398551
-0.0129405
-0.000606867
0.0854621
0.0211523
0.056492
0.0595737
-0.0221934
0.0597337
0.101059
0.0036815
-0.0139312
0.0505655
-0.0164852
0.0530561
0.0781339
0.00672454
-0.00847951
0.0653955
0.0506864
0.0507372
0.090114
-0.00509129
-0.00914129
0.0850515
0.0405436
-0.0293124
0.074242
0.0274493
-0.0337301
0.0882732
0.0371419
-0.0306235
0.0794592
0.0572836
0.0527168
0.0864212
0.0106719
0.072443
0.107133
0.00602885
-0.00328616
0.05692
0.0361538
0.0306226
0.0843895
0.00533496
-0.0264342
0.0642729
0.0608577
0.0411422
0.0848827
-0.0070233
-0.0182924
0.0673357
0.0371687
-0.0446789
0.0434819
0.0421314
0.0479011
0.0908979
-0.00125001
-0.0079781
0.076935
0.0472904
-0.0305813
0.0608611
0.0470957
0.0309321
0.0811828
0.0156971
0.0707424
0.0908857
0.015259
0.000591636
0.061211
0.0310691
0.0480209
0.0658137
-0.00682044
-0.00604228
0.0609674
0.0434165
0.0359685
0.0631188
0.0103999
-0.0125988
0.0572795
0.0345592
-0.0291763
0.0403989
0.0164258
-0.0358662
0.0466741
0.0350678
-0.0247417
-0.0256313
0.0544685
0.0196052
-0.0367286
-0.0260081
0.053622
0.0346677
-0.0296522
-0.0163874
0.0659773
0.0327367
-0.0411095
-0.0202452
0.0584211
0.0368889
-0.0314917
-0.0265712
0.0486053
0.0377372
-0.0270091
-0.0179815
0.0626112
0.0279022
-0.0338678
-0.0230553
0.0559209
0.028189
-0.0385505
-0.0197968
0.0591312
0.0249466
-0.0476485
-0.0238428
0.0557971
0.0239024
-0.0325068
-0.014598
0.0497687
0.0225081
-0.0256864
-0.00906258
0.0542536
0.0171308
-0.0343015
-0.0138057
0.0488553
0.0177974
-0.038572
-0.018602
0.0479748
0.026824
-0.00771328
-0.0198637
-0.00153011
0.0405349
0.0106262
-0.0131177
-0.0162071
-0.0165153
0.0314844
0.0219117
-0.0093703
-0.0209574
-0.0209791
0.0365319
0.0280082
-0.0115072
-0.0152439
-0.0106101
0.044422
0.0248399
-0.00769983
-0.0103467
-0.00571316
0.0319289
0.0274477
-0.00194044
-0.00769121
-0.0135876
0.0295603
0.0291303
-0.00779873
0.00961524
0.0329262
0.0314377
0.00764576
0.00597264
0.0249591
-0.0144984
-0.0132751
0.0467095
0.0317386
-0.0178328
0.00341224
-0.00162204
-0.0160741
0.0325939
0.0230025
-0.00908058
0.0084238
0.0235283
0.0355818
0.0325255
0.0244096
0.0125963
0.0294773
-0.00414872
-0.0182997
0.0364709
0.0190481
-0.0104193
0.00970331
0.024513
-0.0206369
-0.0257246
0.0393503
0.0213193
-0.00340344
0.00207826
0.0175249
-0.0106609
-0.0166503
0.047844
0.0259649
-0.00816844
0.00156803
0.0205276
0.0164582
-0.0133483
-0.0171545
0.0386817
0.0187491
-0.00802882
0.00180128
0.0244221
0.0089002
-0.0141664
-0.0175348
0.0385169
0.0217062
-0.00853376
0.00690635
0.025942
0.0144444
0.0153007
-0.00796982
-0.0132208
0.0444628
0.0194621
-0.00118458
0.00508143
0.0257101
0.0143039
0.015553
0.0239994
-0.00318039
-0.0334387
0.0322007
0.0138995
-0.00359762
-0.0019959
0.0197512
0.0114431
0.0201419
0.0309195
0.0261066
-0.0103367
-0.0341314
0.028827
0.0097326
-0.00984176
0.0033533
0.0169286
0.0148347
0.0166944
0.0211102
0.0212178
0.0135817
0.0100751
0.00531555
0.0402471
0.0407382
0.0299744
0.0186407
0.0240032
0.029711
0.0124228
0.0200227
0.018702
0.0175912
0.0106873
0.0131278
0.0162495
0.0155673
0.0112069
0.0381049
0.0471142
0.0376404
0.0197917
0.0179072
0.0292719
0.0114311
0.0207979
0.0218826
0.014832
0.0103218
0.0113241
0.0177702
0.0201255
0.0148663
0.0140674
0.0204135
0.016323
0.0160521
0.00155891
-0.0387023
0.0232693
0.00769896
-0.00894879
0.0095839
0.0127649
0.0128042
0.0125294
0.0173535
0.0220753
0.0142002
0.00956656
0.0182009
0.0153246
0.0237361
0.0174345
0.0180471
0.0198191
0.020222
0.0186713
0.0142826
0.0120435
0.0132989
0.0124005
0.0166522
0.0166447
0.018348
0.0169569
0.016961
0.0167653
-0.00318039
-0.0197216
0.0210219
0.0128688
-0.00262402
0.00738277
0.020506
0.012055
0.00877734
0.0208588
0.0181048
0.0154725
0.0112143
0.0140832
0.022127
0.0196143
0.0215855
0.0170939
0.0232622
0.0211707
0.0189479
0.019132
0.0161551
0.0149895
0.0165611
0.0138325
0.0176708
0.0151418
0.0130202
0.014955
0.0172927
0.019124
0.0169333
0.0148863
0.0187687
0.0154544
0.0212974
0.0183132
0.0202018
0.0164259
0.0157839
0.018131
0.0139708
0.0149888
0.0155105
0.0174345
0.0205073
0.0154735
0.0170483
0.0185381
0.0171912
0.0179687
0.0152743
0.0161066
0.0138508
0.0182042
0.017007
0.0142139
0.0155658
0.0168476
0.0152759
0.0189201
0.0196362
0.0186603
0.0145883
0.0137354
0.0185835
0.0186651
0.0174186
0.0165253
0.0132702
0.0202698
0.0177889
0.0172196
0.016545
0.0153766
0.0176256
0.0146218
0.016883
0.0149072
0.0216586
0.0203562
0.0182771
0.018469
0.0150782
0.0127521
0.0172468
0.0169733
0.0160522
0.0151471
0.012957
0.0149585
0.0194687
0.0204041
0.0161136
0.0153929
0.0178427
0.0170171
0.0186661
0.0156873
0.0168554
0.018841
0.0147744
0.0184094
0.01694
0.0162552
0.0170121
0.0145999
0.0177548
0.0122546
0.0157807
0.0152284
0.0179497
0.0197784
0.0213448
0.0183487
0.0154063
0.0161334
0.0159517
0.0179721
0.0130551
0.017749
0.0139713
0.0158663
0.0208634
0.0208634
0.0172831
0.0187061
0.0152599
0.0189807
0.0174807
0.0177082
0.0157441
0.0141149
0.0177238
0.0150547
0.0160801
0.0177665
0.0155838
0.0189194
0.0187292
0.0177375
0.0149539
0.0150572
0.0217573
0.0186804
0.016933
0.0166178
0.0149604
0.0203363
0.0159165
0.0169557
0.0168383
0.0159702
0.0169795
0.0187431
0.0185174
0.0157625
0.0142999
0.0153322
0.0181707
0.0155918
0.019199
0.0134515
0.0151659
0.0185235
0.0179939
0.0181202
0.0135515
0.0151927
0.0180866
0.0160305
0.0189859
0.0140509
0.0169223
0.0143697
0.0129055
0.0169355
0.0191946
0.017916
0.0173858
0.0172368
0.0180524
0.0141718
0.0138885
0.0147823
0.0172903
0.0173894
0.0162049
0.0176174
0.0164125
0.0197072
0.0202843
0.0166499
0.0165573
0.0139683
0.0187325
0.017279
0.0173174
0.0172945
0.0147089
0.0178789
0.0196613
0.0187102
0.018084
0.0164851
0.0194681
0.019198
0.015365
0.0173064
0.0156323
0.0176698
0.0159407
0.0200383
0.0175096
0.0168778
0.0198716
0.0163833
0.0201594
0.0142137
0.0152825
0.0167169
0.0165926
0.0189818
0.0169208
0.0154649
0.0175349
0.0163733
0.0154475
0.0156409
0.0147217
0.0182443
0.014121
0.0177622
0.0136518
0.0161833
0.0170864
0.0178826
0.0187614
0.0160028
0.0145337
0.0170934
0.0131264
0.0201043
0.0149466
0.0140648
0.0153601
0.0157125
0.0173492
0.0192483
0.0161915
0.0159629
0.0141982
0.0218572
0.018261
0.0147425
0.0146424
0.0147061
0.0178769
0.0179087
0.016079
0.0182343
0.017079
0.0161947
0.0161033
0.016381
0.0125958
0.0162001
0.0192337
0.0169593
0.0144784
0.0170334
0.0166276
0.019402
0.0187074
0.0166634
0.0150685
0.0156102
0.0170175
0.0160791
0.0159559
0.0192007
0.0169281
0.0181662
0.0148131
0.0157625
0.0168021
0.0147376
0.0185163
0.015517
0.0169319
0.0172507
0.0175318
0.0198571
0.021223
0.015629
0.0167716
0.0160473
0.0206382
0.0200578
0.0159827
0.0164957
0.0159797
0.0197325
0.0158927
0.0139105
0.0176034
0.0153698
0.0169172
0.0162062
0.0177928
0.0170099
0.0200843
0.0160467
0.0196536
0.0171622
0.0159964
0.0192061
0.0159379
0.0171323
0.0154894
0.0169671
0.0152698
0.0174328
0.0149665
0.0158194
0.0169466
0.0153056
0.0174487
0.0176791
0.0136682
0.0186222
0.0109448
0.0176108
0.0194111
0.0185541
0.0192085
0.0137699
0.0163269
0.0172066
0.016839
0.0174563
0.0166045
0.0165169
0.0166072
0.0186562
0.0193966
0.0165921
0.0180925
0.0194186
0.0149046
0.0171243
0.0183358
0.0174464
0.0154327
0.0174285
0.0156195
0.0147111
0.0168235
0.0156359
0.0180948
0.0176638
0.0150673
0.0147516
0.019212
0.0181556
0.0178716
0.014761
0.0188606
0.0175156
0.0197827
0.018049
0.0165487
0.0180385
0.014215
0.0180401
0.0138916
0.0151269
0.0160125
0.0183053
0.0195483
0.0170505
0.0159351
0.0199033
0.0136919
0.0164191
0.0199593
0.0134967
0.0181129
0.0183707
0.019056
0.0181449
0.0190646
0.0192439
0.0164913
0.0201338
0.0154885
0.0158649
0.0155516
0.0152763
0.0189851
0.0179885
0.0144103
0.0175754
0.0146929
0.0198051
0.015021
0.01816
0.0187781
0.015498
0.0199574
0.0161664
0.0203114
0.0157217
0.0189976
0.0186091
0.0176184
0.0173492
0.0186352
0.0143224
0.0179235
0.0173593
0.0200987
0.018697
0.0155914
0.0183148
0.0195029
0.0175112
0.0168763
0.0162084
0.0224815
0.019449
0.0156468
0.0158176
0.017002
0.0168663
0.0185698
0.0167711
0.0211943
0.0152147
0.0143612
0.0183197
0.0144308
0.0192306
0.0173628
0.0213512
0.0173109
0.0180375
0.0143358
0.0159455
0.0200553
0.0207326
0.0166135
0.0168949
0.0167836
0.0190394
0.0158873
0.0143678
0.0154659
0.0159971
0.0181715
0.0186815
0.015107
0.0167293
0.0145849
0.0200354
0.0171582
0.0195854
0.0164806
0.0165288
0.0174825
0.0163454
0.016082
0.0167138
0.0141863
0.01834
0.0188144
0.0154246
0.0154857
0.0152765
0.0154504
0.0165555
0.0170528
0.018007
0.0130514
0.0192695
0.0201626
0.0183306
0.0169474
0.0151977
0.0170946
0.0190209
0.0172723
0.0190053
0.0137825
0.0179706
0.0155929
0.0187522
0.0157597
0.0128162
0.0212368
0.013526
0.0177257
0.0197233
0.016139
0.0206426
0.017816
0.0171027
0.0185783
0.0131523
0.01569
0.0176799
0.0204359
0.0194436
0.0137686
0.0189189
0.0184377
0.0175662
0.0161487
0.0167569
0.017993
0.0168848
0.0158689
0.0168649
0.0167101
0.021086
0.018528
0.0207512
0.019113
0.0185003
0.022807
0.0175439
0.0148242
0.0151272
0.0149581
0.0152174
0.0153487
0.020876
0.0159513
0.0165453
0.0170739
0.0162869
0.0177283
0.0163296
0.0159312
0.013847
0.0158279
0.0234806
0.0167226
0.0171701
0.0175508
0.0164245
0.0184999
0.0158061
0.0142196
0.0155125
0.0182801
0.0212064
0.0190289
0.0188393
0.0156218
0.0154956
0.0190856
0.0181315
0.0169636
0.0190435
0.0173802
0.02037
0.0179557
0.0174357
0.0143083
0.018474
0.0183026
0.0146867
0.0181817
0.0156219
0.0176941
0.0157021
0.0219594
0.0164481
0.0183206
0.0164162
0.0180122
0.0165597
0.0208448
0.0178997
0.0144157
0.0198633
0.0156325
0.0152555
0.0134346
0.0191861
0.0168965
0.0170383
0.0159325
0.0201131
0.0180553
0.0156906
0.01806
0.0160261
0.020529
0.0151064
0.0220081
0.0184628
0.0172739
0.01411
0.0167316
0.020735
0.0166023
0.0177677
0.0172307
0.0151684
0.0184488
0.016007
0.0157114
0.0167764
0.0175184
0.0194119
0.01855
0.0172426
0.0158898
0.0176021
0.0212856
0.0183179
0.0188369
0.018505
0.0150862
0.0169076
0.0210276
0.0173623
0.0191142
0.0138535
0.0173911
0.0170448
0.0165371
0.0170911
0.0141914
0.01901
0.0180736
0.0190812
0.0199597
0.0146176
0.0177506
0.0159615
0.0152268
0.0214887
0.0159447
0.0171042
0.016291
0.0169567
0.0177704
0.0129395
0.0232121
0.0184127
0.0144167
0.0163058
0.0182458
0.0156991
0.0142867
0.0203923
0.0169687
0.0161431
0.0212893
0.0145023
0.0193501
0.0187607
0.0182191
0.016976
0.0159985
0.0175224
0.0198963
0.0150446
0.018651
0.0161589
0.0204098
0.0174917
0.0154567
0.0174062
0.016802
0.0185767
0.0179316
0.0153163
0.0187756
0.0169363
0.016259
0.0179347
0.0164356
0.0193555
0.0164573
0.0203422
0.0154168
0.0145241
0.0173635
0.0157955
0.0190831
0.0178538
0.0149006
0.0188763
0.0169452
0.0179219
0.017063
0.0193297
0.0217359
0.0156773
0.0200406
0.016543
0.0188326
0.0196308
0.0146416
0.0191641
0.0197032
0.01709
0.0173628
0.0156395
0.0198297
0.0165736
0.0193152
0.0169371
0.0195739
0.0201935
0.017245
0.0195401
0.01774
0.0160952
0.019849
0
0
0
0
0
0
0
0
0
0
0
0
0
0
0
0
0
0
0
0
0
0
0
0
0
0
0
0
0
0
0
0
0
0
0
0
0
0
0
0
0
0
0
0
0
0
0
0
0
0
0
0
0
0
0
0
0
0
0
0
0
0
0
0
0
0
0
0
0
0
0
0
0
0
0
0
0
0
0
0
0
0
0
0
0
0
0
0
0
0
0
0
0
0
0
0
0
0
0
0
0
0
0
0
0
0
0
0
0
0
0
0
0
0
0
0
0
0
0
0
0
0
0
0
0
0
0
0
0
0
0
0
0
0
0
0
0
0
0
0
0
0
0
0
0
0
0
0
0
0
0
0
0
0
0
0
0
0
0
0
0
0
0
0
0
0
0
0
0
0
0
0
0
0
0
0
0
0
0
0
0
0
0
0
0
0
0
0
0
0
0
0
0
0
0
0
0
0
0
0
0
0
0
0
0
0
0
0
0
0
0
0
0
0
0
0
0
0
0
0
0
0
0
0
0
0
0
0
0
0
0
0
0
0
0
0
0
0
0
0
0
0
0
0
0
0
0
0
0
0
0
0
0
0
0
0
0
0
0
0
0
0
0
0
0
0
0
0
0
0
0
0
0
0
0
0
0
0
0
0
0
0
0
0
0
0
0
0
0
0
0
0
0
0
0
0
0
0
0
0
0
0
0
0
0
0
0
0
0
0
0
0
0
0
0
0
0
0
0
0
0
0
0
0
0
0
0
0
0
0
0
0
0
0
0
0
0
0
0
0
0
0
0
0
0
0
0
0
0
0
0
0
0
0
0
0
0
0
0
0
0
0
0
0
0
0
0
0
0
0
0
0
0
0
0
0
0
0
0
0
0
0
0
0
0
0
0
0
0
0
0
0
0
0
0
0
0
0
0
0
0
0
0
0
0
0
0
0
0
0
0
0
0
0
0
0
0
0
0
0
0
0
0
0
0
0
0
0
0
0
0
0
0
0
0
0
0
0
0
0
0
0
0
0
0
0
0
0
0
0
0
0
0
0
0
0
0
0
0
0
0
0
0
0
0
0
0
0
0
0
0
0
0
0
0
0
0
0
0
0
0
0
0
0
0
0
0
0
0
0
0
0
0
0
0
0
0
0
0
0
0
0
0
0
0
0
0
0
0
0
0
0
0
0
0
0
0
0
0
0
0
0
0
0
0
0
0
0
0
0
0
0
0
0
0
0
0
0
0
0
0
0
0
0
0
0
0
0
0
0
0
0
0
0
0
0
0
0
0
0
0
0
0
0
0
0
0
0
0
0
0
0
0
0
0
0
0
0
0
0
0
0
0
0
0
0
0
0
0
0
0
0
0
0
0
0
0
0
0
0
0
0
0
0
0
0
0
0
0
0
0
0
0
0
0
0
0
0
0
0
0
0
0
0
0
0
0
0
0
0
0
0
0
0
0
0
0
0
0
0
0
0
0
0
0
0
0
0
0
0
0
0
0
0
0
0
0
0
0
0
0
0
0
0
0
0
0
0
0
0
0
0
0
0
0
0
0
0
0
0
0
0
0
0
0
0
0
0
0
0
0
0
0
0
0
0
0
0
0
0
0
0
0
0
0
0
0
0
0
0
0
0
0
0
0
0
0
0
0
0
0
0
0
0
0
0
0
0
0
0
0
0
0
0
0
0
0
0
0
0
0
0
0
0
0
0
0
0
0
0
0
0
0
0
0
0
0
0
0
0
0
0
0
0
0
0
0
0
0
0
0
0
0
0
0
0
0
0
0
0
0
0
0
0
0
0
0
0
0
0
0
0
0
0
0
0
0
0
0
0
0
0
0
0
0
0
0
0
0
0
0
0
0
0
0
0
0
0
0
0
0
0
0
0
0
0
0
0
0
0
0
0
0
0
0
0
0
0
0
0
0
0
0
0
0
0
0
0
0
0
0
0
0
0
0
0
0
0
0
0
0
0
0
0
0
0
0
0
0
0
0
0
0
0
0
0
0
0
0
0
0
0
0
0
0
0
0
0
0
0
0
0
0
0
0
0
0
0
0
0
0
0
0
0
0
0
0
0
0
0
0
0
0
0
0
0
0
0
0
0
0
0
0
0
0
0
0
0
0
0
0
0
0
0
0
0
0
0
0
0
0
0
0
0
0
0
0
0
0
0
0
0
0
0
0
0
0
0
0
0
0
0
0
0
0
0
0
0
0
0
0
0
0
0
0
0
0
0
0
0
0
0
0
0
0
0
0
0
0
0
0
0
0
0
0
0
0
0
0
0
0
0
0
0
0
0
0
0
0
0
0
0
0
0
0
0
0
0
0
0
0
0
0
0
0
0
0
0
0
0
0
0
0
0
0
0
0
0
0
0
0
0
0
0
0
0
0
0
0
0
0
0
0
0
0
0
0
0
0
0
0
0
0
0
0
0
0
0
0
0
0
0
0
0
0
0
0
0
0
0
0
0
0
0
0
0
0
0
0
0
0
0
0
0
0
0
0
0
0
0
0
0
0
0
0
0
0
0
0
0
0
0
0
0
0
0
0
0
0
0
0
0
0
0
0
0
0
0
0
0
0
0
0
0
0
0
0
0
0
0
0
0
0
0
0
0
0
0
0
0
0
0
0
0
0
0
0
0
0
0
0
0
0
0
0
0
0
0
0
0
0
0
0
0
0
0
0
0
0
0
0
0
0
0
