-0.00840414
-0.0103727
-0.0109858
-0.0128289
-0.0138105
-0.00999486
-0.00816257
-0.0133218
-0.00926836
-0.00508918
-0.0111072
-0.0134449
-0.00558135
-0.0133147
-0.00779104
-0.0104867
-0.00915742
-0.00300988
-0.0140529
-0.00804203
-0.0138073
-0.0103815
-0.00644809
-0.0128162
-0.00591972
-0.00593034
-0.0134251
-0.00689986
-0.0141664
-0.0099811
-0.00347478
-0.0118274
-0.00814209
-0.00961666
-0.0128166
-0.00459243
-0.0120716
-0.00518978
-0.0104833
-0.0102307
-0.0109595
-0.00949083
-0.0128053
-0.0141593
-0.0114503
-0.00568017
-0.0109596
-0.0134297
-0.00889295
-0.00858938
-0.0128911
-0.00920922
-0.00834593
-0.00896234
-0.007604
-0.00958184
-0.00724782
-0.0106767
-0.00821376
-0.00748407
-0.00993351
-0.0138604
-0.0131323
-0.00895096
-0.0147262
-0.00724989
-0.00846901
-0.0109252
-0.010923
-0.0127563
-0.00834111
-0.00944196
-0.0158364
-0.00870664
-0.0120314
-0.00637998
-0.00576745
-0.0137617
-0.00698871
-0.0127705
-0.0159563
-0.00403662
-0.0148565
-0.00810072
-0.0116611
-0.0154632
-0.0116575
-0.0126371
-0.010415
-0.0105516
-0.0114039
-0.013385
-0.00957796
-0.0144864
-0.014976
-0.0110581
-0.0162064
-0.0117737
-0.0175621
-0.0192964
-0.0126584
-0.0138534
-0.0078321
-0.0172762
-0.0166744
-0.00217348
-0.00562835
-0.00196178
-0.00467472
-0.0163056
-0.00522758
-0.00803849
-0.0114764
-0.0135639
-0.0134571
-0.00979069
-0.00796051
-0.00610801
-0.0142043
-0.0128357
-0.0076874
-0.0134577
-0.00436484
-0.00659797
-0.00695972
0.00298361
-0.00181644
-0.000978843
-0.005269
-0.00489833
0.00125859
-0.00193938
-0.00121826
-0.00821454
-0.00169992
-0.00256063
-0.0111586
-0.00488595
-0.00477854
-0.00477039
2.47161e-005
0.00187434
0.00578476
0.0109596
0.00555319
0.0141689
0.0120737
0.000399279
0.0110951
0.00445772
0.000773637
0.00469558
0.00603967
0.0148962
0.00886137
-0.00259576
-0.00882836
-0.00120602
-0.00220774
0.00739316
0.00763787
0.00360291
0.00114781
0.00533225
0.0219139
0.0169991
0.0161227
0.00272757
-0.0040023
0.00187533
-0.00171295
-0.0106802
-0.00957077
-0.00706781
-0.00686793
-0.0159401
0.0179981
-0.00905315
-0.00866919
-0.00832772
-0.0154741
-0.00648888
-0.00368727
-0.00552185
-0.00304003
0.00236243
-0.0100748
-0.0047839
-0.0120301
-0.00550615
0.00579042
0.00370257
0.00309272
0.0119274
0.00519309
-0.00155617
-0.0047733
-0.00513001
-0.00144719
0.00506825
0.00359927
0.00110795
-0.00539802
0.00246231
0.00765369
0.00345733
0.00554597
0.00395411
0.0117109
0.00899133
-0.0067525
-0.000688441
0.0320001
0.0229976
0.0263182
0.00739842
0.00676487
0.00193812
0.00413122
0.0108924
0.0316747
0.0247879
0.0141126
0.0525738
0.0459378
0.0206005
0.0381929
0.0382438
0.0248278
0.00638832
0.00398099
0.00215268
-0.00303879
0.0151474
0.00753567
-0.00315814
0.0283832
0.0342967
0.0338933
0.0226053
0.025337
-0.0158505
-0.0380405
-0.0247268
0.00127919
0.00946754
-0.017436
-0.0231867
-0.00525038
0.0259422
0.0124477
-0.0177494
-0.0228299
-0.0158183
-0.0143328
-0.00498088
-0.0125898
-0.0188476
-0.00396267
0.00588983
0.0257927
0.0229635
-0.00284074
0.011327
-0.00342107
-0.0146583
-0.0106105
-0.0107738
-0.0218602
-0.0345145
-0.00704208
0.0311272
0.0262846
0.0339315
0.0101564
-0.0988095
-0.0772179
-0.0279095
-0.0662381
-0.0251013
-0.0201386
-0.0545888
-0.0478523
-0.0298552
-0.00979718
-0.0152297
-0.0137594
-0.0167988
-0.00846307
-0.0431352
-0.0769138
-0.0772049
-0.0333862
-0.0504077
-0.0615702
-0.0674892
-0.0422769
-0.0094644
-0.0486725
-0.0539206
-0.0461868
-0.0449678
-0.0679162
-0.0789932
-0.0497226
-0.027076
-0.0572463
-0.0514448
-0.0172258
-0.0354595
-0.0565719
-0.0473908
-0.0348708
-0.074442
-0.0321679
-0.0320374
-0.0380393
-0.0496353
-0.00703494
0.0110736
0.0348798
0.0246097
-0.00342717
-0.0175749
-0.0813147
-0.0303136
0.0383368
-0.0221094
-0.0343966
0.0343812
0.0661253
-0.128917
-0.504001
-0.1696
0.0709782
-0.0135675
-0.0738763
-0.0153217
0.0513574
-0.0132962
-0.0760322
-0.126756
-0.0879353
-0.111645
-0.158251
-0.0766562
-0.050814
-0.0925716
-0.0518619
-0.0411424
0.0153368
0.0115681
-0.0204019
-0.0754441
-0.0540785
-0.00665001
0.0296655
0.000229274
0.00998001
0.0522656
0.0602377
0.0492018
0.0144606
0.034905
0.0394633
0.0142646
0.0824333
0.0659875
0.0175164
0.0320557
0.0563393
-0.0165246
-0.0341907
-0.0542093
-0.000927848
-0.0169537
0.0255549
-0.0191213
0.00392174
-0.00814421
0.00664765
-0.0294013
-0.0701458
-0.0316984
-0.0450237
-0.0608967
-0.0459782
-0.0707834
-0.148705
-0.16269
-0.0638944
-0.0892334
-0.137031
-0.187684
-0.195933
-0.205819
-0.113037
-0.10607
-0.0693236
-0.132431
-0.101802
-0.112702
-0.0970689
-0.0749962
-0.0379724
-0.0611303
-0.0884717
-0.0743896
-0.0341786
-0.0356184
0.010579
-0.0126487
-0.00796667
-0.077243
-0.0356222
-0.0889671
-0.113967
-0.0887142
-0.0944167
-0.112686
0.0251644
-0.00380914
0.00607079
0.00866532
0.0468762
0.0596591
0.0168505
-0.024288
-0.0355378
-0.0161105
0.00969042
0.0175451
-0.0106951
0.0403603
0.0203522
-0.00103755
0.00236477
0.00668435
0.00471482
-0.0266833
-0.0433386
-0.0669095
-0.0823263
-0.0575964
-0.0366329
0.0108739
-0.0212377
-0.0939459
0.0428585
-0.00372077
-0.0752359
-0.139481
-0.135307
-0.0720947
-0.0778919
-0.0733908
-0.0823627
-0.0861252
-6.94588e-005
-0.00626036
-0.0526829
-0.111192
-0.10526
-0.021778
-0.0125254
0.0122631
0.0301303
0.0433957
-0.0363988
-0.0130502
0.0573481
0.0547804
0.0268603
0.016472
0.0988014
-0.0188566
-0.0621645
-0.087806
-0.0768334
-0.0682181
-0.107719
-0.150266
-0.087514
-0.0869874
-0.0690025
-0.124222
-0.193344
-0.160851
-0.0914382
-0.017122
-0.0971621
-0.0700062
-0.0574988
0.0200664
-0.0250323
-0.101949
-0.102567
-0.0985908
-0.01684
0.0188712
0.0672168
0.0374573
-0.024006
-0.0789179
-0.142641
-0.0696365
-0.0944446
-0.0219479
-0.05318
-0.0361443
-0.0712431
-0.111767
0.0548158
0.0393207
0.0266321
0.0561181
0.000270902
-0.0196027
0.00442405
-0.0562958
-0.0752095
-0.0658241
-0.0497412
-0.129637
-0.150571
-0.0415613
0.0198842
-0.0105847
-0.0660176
-0.119274
-0.0801779
-0.0371383
-0.108601
-0.130553
-0.0140161
-0.0231441
-0.0759149
-0.0774583
-0.0543435
-0.0553336
-0.0227746
-0.00272328
0.00534128
-0.0372915
-0.0462369
-0.0730386
-0.0478819
-0.0581872
-0.00233546
0.0753138
0.0459035
0.0297905
0.0524679
-0.0155915
-0.00910033
0.0185904
0.039142
0.0403298
-0.00900637
-0.0225771
0.0560414
0.0149794
-0.0546244
-0.0612588
-0.039897
-0.06872
-0.135033
-0.206975
-0.184216
-0.0717435
-0.132525
-0.141148
-0.136772
-0.14921
-0.0882402
-0.0619088
-0.165906
-0.160284
-0.0861893
-0.115812
-0.0562732
-0.0629379
-0.0611942
0.0334161
-0.0173409
-0.0673792
-0.0815724
0.00401264
0.078267
0.036924
-0.0350293
-0.0552978
-0.0725609
-0.0683424
-0.107674
-0.0128693
0.0786211
0.0572377
-0.00914474
-0.00870159
-0.0769738
-0.0741659
-0.108978
-0.0985318
-0.0555809
-0.0279981
0.00724506
0.030768
-0.0218215
0.0378962
0.0255389
-0.0220816
-0.00948793
-0.0905107
-0.156708
-0.120001
-0.0577936
-0.00955412
-0.0169276
0.0187399
-0.0420552
-0.0504006
-0.118478
-0.0928807
-0.0646147
-0.0928402
-0.0516535
0.0359562
-0.0157237
-0.0270562
-0.136991
-0.0832989
-0.0137698
0.0156901
0.0451999
0.0636066
-0.0211437
-0.0511665
-0.0277154
0.0137363
0.00867931
-0.0165169
-0.0926454
-0.0476651
-0.0134205
-0.049855
0.0153821
-0.00652674
-0.0853553
-0.0986913
-0.12406
-0.0984367
-0.0387988
-0.0130283
-0.0201061
-0.0386452
-0.0594257
-0.0758
-0.0191248
-0.0621532
-0.0947126
-0.0455352
-0.0530925
0.000844408
-0.0557926
-0.0744565
-0.0835103
-0.0900216
-0.0898418
-0.0873058
-0.0987665
-0.109723
-0.0837882
-0.0596769
-0.0575534
-0.0782927
-0.10176
-0.0588491
-0.0727702
-0.120272
-0.117978
-0.156717
-0.145075
-0.0916926
-0.150478
-0.141704
-0.0175433
-0.0056614
-0.0627881
-0.124455
-0.103122
-0.128683
-0.0451069
-0.0227474
0.00458584
-0.00396374
0.0207523
0.0257623
0.00948004
-0.00215868
-0.0254843
-0.0301508
-0.0346787
-0.0258715
-0.0175661
-0.051187
-0.0505654
-0.0483901
0.0402312
0.0923709
0.00733471
-0.0463631
-0.0592339
0.00222349
-0.0362932
-0.0783555
-0.0431266
-0.0495392
-0.0822526
-0.0428559
-0.0970611
-0.0502949
-0.00939923
-0.0137408
-0.00849027
0.000763549
-0.0288432
-0.0444379
0.00319808
-0.132093
-0.0478068
-0.0429419
-0.029281
0.0452833
0.0406146
0.0128131
-0.0140003
-0.015794
-0.0129667
-0.0264955
-0.0431444
-0.0706336
-0.0825307
-0.102431
-0.0639597
-0.0755768
-0.0759062
-0.0703477
-0.0865538
-0.0432702
-0.0379477
-0.0110672
0.0298648
-0.00927282
-0.0327645
-0.0569138
-0.0284359
-0.0253436
-0.0340839
-0.0232809
0.0250581
-0.0059477
-0.0133075
-0.031576
-0.109899
-0.0930214
-0.085135
-0.0790857
-0.0283724
-0.0729086
-0.111591
-0.0880777
-0.0658999
-0.0904733
-0.078762
-0.0359298
0.00104298
0.0229613
0.0108145
-0.0132563
-0.0300871
-0.024767
-0.0200708
-0.0533129
-0.0490002
-0.00871034
0.0124632
0.0287609
0.0377703
0.0189973
0.0148678
0.0271507
0.0265619
0.0256954
0.00122762
0.0165887
0.0124201
-0.00897457
-0.000328551
0.00729007
-0.0031555
-0.00289472
0.00396372
-0.00733159
-0.0229493
-0.0184183
-0.0343968
-0.0334363
0.00502706
0.00721281
0.0231261
0.00691351
-0.00888573
-0.0202889
-0.0253211
-0.00113878
-0.0258514
-0.0222881
-0.0125539
8.15668e-005
0.00572291
-0.00569865
0.0128288
0.0140249
-0.00341979
-0.0126988
-0.0047219
-0.00570433
-0.00705478
-0.0140322
-0.02434
-0.0136569
-0.0116691
-0.0124109
-0.00873371
-0.0138962
-0.0102319
-0.0160073
-0.0172289
-0.020527
-0.0194393
-0.0227533
-0.011103
-0.0177561
-0.0136812
-0.0162338
-0.00909703
-0.0136603
-0.0104738
-0.0201774
-0.0184589
-0.0150227
-0.0222541
-0.0123161
-0.0201444
-0.0304728
-0.018311
-0.0212681
-0.0216435
-0.0121826
-0.0189347
-0.00653038
-0.00886566
-0.0102254
-0.0116895
-0.0161146
-0.0109625
-0.018445
-0.0121725
-0.0118198
-0.0152543
-0.0147506
-0.019178
-0.0175862
-0.0238858
-0.0271928
-0.0295154
-0.0301425
-0.0276833
-0.027438
-0.0225292
-0.0221734
-0.027446
-0.0227576
-0.0242393
-0.0128083
-0.0210248
-0.0197911
-0.0153563
-0.013035
-0.0110754
-0.00800352
-0.0178359
-0.0135299
-0.0140276
-0.0137773
-0.0130581
-0.01489
-0.0141472
-0.0160006
-0.0148862
-0.0159922
-0.0117078
-0.0195512
-0.0121923
-0.0147592
-0.013531
-0.00726625
-0.0142541
-0.0163637
-0.00948468
-0.0226108
-0.0179466
-0.0166011
-0.0140264
-0.0112041
-0.0137753
-0.010468
-0.0151407
-0.0188225
-0.0119537
-0.0131711
-0.0166074
-0.0154961
-0.0152584
-0.0116956
-0.0170898
-0.0145123
-0.0104641
-0.0107137
-0.0177141
-0.0129381
-0.0151294
-0.0142779
-0.0174737
-0.0210215
-0.0162474
-0.00998296
-0.0159978
-0.0158658
-0.0134153
-0.0136707
-0.0162389
-0.0161217
-0.0100966
-0.012076
-0.0153874
-0.0110987
-0.0166188
-0.0137812
-0.00900959
-0.0126824
-0.00764459
-0.0119618
-0.0144115
-0.0103556
-0.00825716
-0.0115871
-0.0112119
-0.00925419
-0.0151707
-0.00901658
-0.0124425
-0.0112312
-0.00878266
-0.0200791
-0.0124489
-0.00950869
-0.012214
-0.0135662
-0.0177343
-0.0130804
-0.0107196
-0.0129429
-0.0171198
-0.0185944
-0.014914
-0.0184703
-0.0204297
-0.0154012
-0.0128281
-0.0163811
-0.0123364
-0.0149193
-0.0130835
-0.0120877
-0.0185711
-0.015761
-0.0107195
-0.0182125
-0.0123167
-0.0124301
-0.0173622
-0.0121901
-0.0146425
-0.0112148
-0.0126825
-0.0167375
-0.0102349
-0.014153
-0.0103743
-0.0102342
-0.013669
-0.0252155
0.150759
0.0294308
-0.0229515
-0.0144027
-0.0644196
-0.0258393
-0.014978
-0.00891493
-0.00877461
-0.0108389
-0.00862602
-0.0102213
-0.0120718
-0.00961994
-0.0174726
-0.0133016
-0.0141618
-0.0156367
-0.0117095
-0.0125776
-0.016238
-0.0131627
-0.0178297
-0.0177261
-0.0140466
-0.0153889
-0.0142825
-0.0173633
-0.0150253
-0.0163743
-0.0159915
-0.00950006
-0.0153989
-0.0147748
-0.0147682
-0.0124398
-0.0172235
-0.00998335
-0.0115741
-0.0126865
-0.0119532
-0.0166092
-0.0133074
-0.0141565
-0.0169836
-0.0121778
-0.0119539
-0.0121959
-0.0119511
-0.0155059
-0.0116988
-0.0121905
-0.0145338
-0.0103474
-0.0131727
-0.0134278
-0.0112031
-0.00863927
-0.016373
-0.00935972
-0.0167096
-0.0105844
-0.0103267
-0.0169709
-0.0139038
-0.0156069
-0.0138991
-0.0111975
-0.0177006
-0.0136557
-0.0116738
-0.0179495
-0.013279
-0.0175741
-0.0123241
-0.0138997
-0.018929
-0.0142665
-0.0138983
-0.0159844
-0.0116906
-0.0145081
-0.0143903
-0.0127896
-0.0158562
-0.0141465
-0.0140239
-0.0156085
-0.0161113
-0.0135231
-0.0136513
-0.0104656
-0.0149968
-0.013901
-0.00996171
-0.0167222
-0.0108279
-0.0125439
-0.0147611
-0.0111899
-0.01487
-0.00922859
-0.0125455
-0.01733
-0.0129077
-0.0109559
-0.0107063
-0.0132788
-0.013288
-0.0110779
-0.014509
-0.0140008
-0.0153353
-0.00970232
-0.0157159
-0.0166994
-0.0134969
-0.013143
-0.0128936
-0.0168117
-0.0115402
-0.0143684
-0.0189095
-0.0109269
-0.0132501
-0.0151127
-0.000857651
-0.0714388
-0.0534161
-0.0177255
0.0151539
-0.0134384
0.00392347
-0.017678
-0.023695
-0.008338
-0.0148447
-0.0150851
-0.0118944
-0.0156927
-0.0132333
-0.011523
-0.0174163
-0.0115194
-0.0110289
-0.0101686
-0.0133617
-0.0115259
-0.0105385
-0.0161987
-0.00992474
-0.0155628
-0.0116535
0.00259782
-0.0558116
-0.0382129
-0.0155216
0.0170053
-0.0125764
0.000625258
-0.0187576
-0.0271073
-0.0153273
-0.0159517
-0.015496
-0.0142551
-0.0181701
-0.015956
-0.0132587
-0.0119163
-0.0132603
-0.00185576
-0.0270687
-0.0237223
-0.00981058
0.0157967
-0.0147853
0.000360357
-0.0196505
-0.0240731
-0.0154595
-0.0230775
-0.0111799
-0.0157238
-0.0126543
-0.0117886
-0.00393427
-0.0005067
0.00180945
-0.0301407
0.00843035
-0.0257249
-0.0127272
-0.0197002
-0.0176144
-0.0119509
-0.0111972
-0.0157542
-0.00250983
-0.0059886
0.0246334
-0.0269809
-0.0154565
-0.0236199
-0.0149263
-0.0197996
-0.0167508
-0.0174735
-0.0144023
-0.00631308
-0.0324348
0.0249023
-0.0306509
-0.0307486
-0.0168501
-0.011348
-0.00752244
-0.00568291
-0.00701677
-0.0014956
-0.0334174
0.0274909
-0.0428201
-0.0350599
-0.0146408
-0.0140591
-0.0023869
0.00141813
0.000197999
-0.0158166
0.0288725
-0.0233738
-0.0351886
-0.0198072
-0.0152836
-0.0174899
0.0055929
-0.0189169
0.0448488
-0.0267963
-0.0348079
-0.026343
-0.0216948
-0.00611392
-0.0110861
0.0239244
-0.0245878
-0.027076
-0.0228893
-0.0144366
-0.00817998
0.00122513
0.0240547
-0.0245775
-0.0166295
-0.0264573
-0.0165224
-0.0148214
-0.0128904
0.00783841
-0.0384786
-0.0304118
-0.0245027
-0.00349745
-0.0228488
0.00352763
-0.0383698
-0.021505
-0.0273146
-0.00434489
-0.019259
-0.00161395
-0.0315681
-0.0203959
-0.0304856
0.00596368
-0.011517
0.0062761
-0.0294722
-0.0163435
-0.0349047
6.00028e-005
-0.0157007
-0.00231426
-0.0316761
-0.0160827
-0.0307547
-0.00378511
-0.0103323
-0.0347632
-0.0182995
-0.0265539
-0.000934542
-0.00728309
-0.0474495
-0.0209991
-0.0179434
0.00238616
-0.00274053
-0.0445285
-0.0164667
-0.021871
-0.0159433
-0.0215468
-0.0317612
-0.00912791
-0.0158636
-0.0245446
-0.0154054
-0.0421929
-0.0212774
-0.0063971
-0.0310335
-0.0122943
-0.0216979
-0.0168671
-0.0248538
-0.0105267
-0.0258283
-0.0046704
-0.0486563
-0.0013906
-0.0402624
-0.0151108
-0.043884
-0.0125941
-0.0344024
-0.0269104
-0.0535619
-0.0361581
-0.0410313
-0.0227216
-0.0807257
-0.057029
-0.0586947
-0.0304819
-0.0652605
-0.0618134
-0.0457904
-0.0181875
-0.0791425
-0.0565473
-0.0411345
-0.00319889
-0.05456
-0.0258435
-0.0273896
0.0132846
-0.0485017
-0.0376688
-0.0355157
0.0141514
-0.061173
-0.0427143
-0.038342
0.00541974
-0.0690293
-0.0524152
-0.0174679
0.0164809
-0.0765267
-0.0345612
-0.00762285
0.0293656
-0.0824368
-3.17033e-006
-0.0138647
0.0171994
-0.052818
-0.0213894
-0.0213811
-0.0265233
-0.0711722
-0.0109757
-0.0497689
-0.0614096
-0.0153281
-0.0607318
-0.0596871
-0.0124595
-0.0676146
-0.0711027
-0.0108427
-0.0603644
-0.0544121
-0.0053202
-0.0559535
-0.0580738
0.000336064
-0.0480691
-0.0241602
0.019742
-0.0337151
-0.0306946
0.0156854
-0.0338132
-0.030206
0.0127008
-0.0262325
-0.0127903
0.0307602
-0.0306581
-0.0242131
0.00705732
-0.0572087
-0.0228539
0.0126948
-0.0391646
0.00650522
0.0205591
-0.0252727
0.0205233
0.0272027
-0.019872
0.0146265
0.00768276
-0.023928
0.000986191
0.0143012
-0.0185078
-0.0152367
0.00166798
-0.0321643
-0.0207192
-0.0183709
-0.0383013
-0.0474709
-0.0762593
-0.0589325
-0.0412804
-0.0448967
-0.0114834
0.0107656
-0.0321905
0.0210838
0.0261261
-0.068252
0.00388789
0.0362071
-0.044767
-0.00242484
0.00306431
-0.0293611
-0.0100795
-0.0382798
-0.0231898
-0.00207104
-0.035749
-0.0191346
0.0098604
-0.0088785
-0.0145366
0.0166384
0.0245401
-0.00764023
0.0432003
0.0388236
-0.0320648
0.011395
0.0235961
-0.0393316
0.0156196
0.0170692
-0.0491872
0.019461
0.0170676
-0.0634578
0.0255588
0.0310116
-0.0522407
0.0204627
-0.0125969
-0.0417238
0.0399837
-0.0455706
-0.0349027
0.037563
-0.0219805
-0.024834
0.024113
-0.0545644
-0.0563698
0.0393338
-0.0472037
-0.0555479
0.0262154
-0.060918
-0.0416543
0.0431695
-0.035503
-0.0159541
0.0564674
-0.04915
-0.0219775
0.0607718
-0.0586025
-0.0369351
0.0284716
-0.101636
-0.0373002
0.0302856
-0.0923742
-0.0470181
-0.03943
-0.0130633
-0.00723538
0.0257843
-0.0152934
0.00442718
-0.025037
0.0285945
-0.0348851
0.0121347
-0.0366058
0.000359944
-0.0550503
-0.00177454
-0.0564159
-0.0200437
-0.0704437
-0.0282379
-0.0533022
-0.00672893
-0.0171411
0.0117351
-0.0478676
-0.0208357
-0.0554381
-0.0353073
-0.087409
-0.0397617
-0.0625512
-0.0303623
-0.0303889
-0.0124032
-0.0253429
0.0416854
-0.0327354
0.0570497
-0.0212721
0.0471925
-0.0309635
0.0292737
-0.0399616
-0.0144448
-0.042798
-0.022316
-0.0361355
-0.0253996
-0.0324723
-0.00930977
-0.017339
-0.00931175
-0.00417255
0.0104912
0.00957412
0.00775891
-0.0121824
0.00544959
-0.0184624
0.0140202
-0.0394986
0.00813092
-0.0601127
-0.00615281
-0.0462152
-0.00321775
-0.0485581
-0.00823189
-0.0115779
-0.0165538
-0.00888291
0.000902388
-0.0099648
-0.0176316
-0.00750679
-0.0224537
-0.00997464
-0.031164
-0.0202861
-0.0481199
-0.0275442
-0.0401569
-0.0154156
-0.0491291
-0.00619729
-0.0358494
-0.00287361
-0.0308403
0.00993969
-0.0300255
-0.0241429
-0.0460592
-0.00298516
-0.029749
-0.0104686
-0.0372232
-0.0087419
-0.0347865
0.00551374
-0.0303472
-0.000631088
-0.00539378
0.00181489
-0.0114231
-0.013566
-0.0209065
0.0256661
-0.0417865
-0.00668006
-0.043927
-0.0262019
-0.0661795
-0.0394242
-0.0677535
-0.0367077
-0.0645656
-0.0196228
-0.0445341
-0.00746837
-0.0112313
0.0236591
0.0125881
0.0124727
0.0101779
0.0158143
0.00868215
0.0197215
-0.0219532
0.0135045
-0.0372056
-0.00498333
-0.016205
-0.00512948
-0.0105742
0.0065592
-0.0147779
0.0196126
0.00268313
0.0336308
0.00123743
0.02405
-0.0105671
0.0197534
-0.0201287
0.00230399
-0.0246935
-0.0136569
-0.043598
-0.00467744
-0.0282197
0.014388
-0.0206039
0.0232067
-0.00205289
0.0345246
-0.00451777
0.0288995
-0.0129436
0.0176035
-0.0210405
0.00557034
-0.0398631
-0.00536006
-0.0408105
-0.0106249
-0.0556611
-0.00986796
-0.037943
0.0132347
-0.0359999
0.0167956
-0.0379654
0.00498362
-0.041024
-0.00397016
-0.0602018
-0.0220593
-0.0789071
-0.0301845
-0.0876233
-0.041244
-0.0752247
-0.0171106
-0.0589727
0.0056166
-0.0547997
0.00142167
-0.0524722
-0.0101352
-0.0762946
-0.0352927
-0.103909
-0.0494214
-0.125071
-0.0536336
-0.122661
-0.0432339
-0.0919509
-0.035234
-0.0811194
-0.016912
-0.0634272
-0.00388476
-0.0230914
-0.0516625
-0.0347938
-0.00155468
-0.0477719
-0.0206431
-0.00418039
-0.0574853
-0.0230201
0.00368188
-0.0804677
-0.0385166
-0.0145071
-0.0752813
-0.0299003
-0.00896715
-0.0493331
-0.0108552
0.00416272
-0.0456647
-0.00486567
0.0139514
-0.0626306
-0.0462405
-0.000622356
-0.0765128
-0.052523
-0.00554645
-0.0833916
-0.0655638
-0.000625028
-0.0678878
-0.0515629
0.00503146
-0.0383994
-0.0739611
0.00685568
-0.0245835
-0.0590491
-0.00884571
-0.0364807
-0.0605047
-0.0182266
-0.0562923
-0.0868217
-0.0282799
-0.0698198
-0.0746727
-0.00656882
-0.0617375
-0.084131
0.011527
-0.0450337
-0.074332
0.00589179
-0.0517752
-0.0703701
0.00813767
-0.0394833
-0.0659474
0.00949489
-0.0245162
-0.0677916
0.00861634
-0.0287158
-0.0646238
0.00676956
-0.0358173
-0.0729972
0.0119282
-0.0388729
-0.0705577
-0.00517167
-0.0383867
-0.0823402
-0.0031906
-0.0268406
-0.0494201
0.00133406
-0.00620318
-0.0324255
-0.00074418
-0.0191213
-0.0443368
-0.00564227
-0.0166637
-0.0571188
-0.0107856
-0.00744451
-0.0608969
-0.020516
-0.0295787
-0.0709822
-0.0166788
-0.0235193
-0.0596719
-0.011774
0.0470271
0.0358522
0.0189942
0.00327196
-0.00790824
-0.00575831
-0.0015186
-0.0220337
-0.0235596
0.00668411
-0.0208061
-0.0229795
0.0136774
-0.0145724
-0.0167581
-0.010063
-0.0369472
-0.0202024
-0.0128748
-0.0413441
-0.020931
-0.0244219
-0.0331064
-0.0183126
-0.0320535
-0.0225205
-0.0110711
-0.0164612
-0.00481442
0.000141025
0.0108355
0.00821899
-0.00442693
0.018714
-0.004194
-0.0140328
0.000415132
-0.00344805
-0.0200268
0.0048346
0.00418386
-0.016105
0.00188443
0.000852291
-0.0194324
0.00975544
-0.00813414
-0.0265514
-0.00620426
-0.0100987
-0.0233353
-0.00535942
-0.00836452
-0.0343867
0.00214968
-0.00686629
-0.0274107
-0.00214805
-0.013995
-0.0272764
0.0101326
0.00418135
-0.0218719
-0.0018855
-0.00939518
-0.0207471
-0.00988064
-0.0137201
-0.0281384
-0.016898
-0.00832837
-0.0298509
-0.0226881
-0.00256349
-0.031933
-0.0306604
-0.0231797
-0.0454412
-0.0269832
-0.0197424
-0.0353835
-0.0170456
-0.0179049
-0.0313264
0.00102774
-0.00843807
-0.033052
0.0133129
0.000396795
-0.0249419
0.0228566
-0.00588571
-0.0265584
0.0242041
-0.00329561
-0.0296095
0.0183227
-0.00699529
-0.0324426
0.0105704
-0.00355962
-0.0320682
0.0109505
0.0131586
-0.0374611
0.00982722
-0.000863285
-0.0319417
0.00955596
-0.0224722
-0.0183382
-0.0062286
-0.00938664
-0.0296072
-0.00247296
-0.0352381
-0.00311999
-0.0304687
-0.00912645
-0.030843
0.00758192
-0.0270076
0.00694769
-0.029597
0.0032968
-0.0232219
0.0011853
-0.0248187
0.00891958
-0.0288792
0.0112687
-0.0212374
0.0056092
-0.0199081
0.00587249
-0.024452
0.0241718
-0.0291155
0.0154353
-0.0202495
0.00929014
-0.0234633
0.0243051
-0.0276386
0.0183553
-0.0293521
0.0186339
-0.0226087
0.0198603
-0.00429415
-0.00338408
-0.00469818
-0.0137879
-0.0206697
0.00341946
-0.0152582
-0.00163774
0.00490289
-0.0136428
-0.00457149
-0.00786998
-0.022496
-0.00431576
-0.00161128
-0.0056994
0.00819988
-0.00726693
-0.00618889
-0.0117175
-0.00668066
-0.0140558
-0.00571087
-0.0176155
-0.0023807
0.0121597
0.0233109
0.0145659
-0.0132914
-0.00300726
-0.0171126
-0.0135506
-0.0125811
-0.0177327
-0.00322395
0.00684017
-0.0022283
-0.00631892
0.00610544
-0.02744
-0.0176534
-0.0145228
-0.0114778
0.0103989
-0.00629454
0.00721631
-0.0107132
-0.0075091
-0.0152505
0.00353211
-0.0014983
0.0157048
0.0028045
0.0165719
-0.0122894
-0.00729111
-0.00955392
0.00847077
0.014124
0.0211363
0.0352581
0.0130076
0.0155731
-0.00871619
-0.00603759
-0.00491073
0.00687628
-0.00616814
0.0272781
0.00492279
0.0170722
0.0229979
0.00872526
0.0164651
0.0185612
0.00825417
0.0326757
0.013516
0.0175826
0.0311232
-0.0105962
0.0334217
-0.0230642
-0.00753476
-0.0046758
-0.00123833
0.00627356
0.0265124
0.0270435
0.0150974
0.0271618
0.003241
0.0246866
0.0141204
0.0209958
0.0141386
0.0149632
-0.000868601
0.0201493
0.0129269
0.0163585
0.0291622
0.0385936
0.043271
0.0202861
0.0530993
0.0255471
0.0108984
-0.00638796
-0.0432809
-0.026194
-0.00812016
0.010332
0.0266737
0.0434816
0.0539193
0.0264062
0.036333
0.0274121
0.0513758
0.0792248
0.102121
0.102508
0.131217
0.129877
0.104915
0.091265
0.0804174
0.102905
0.103726
0.118061
0.0729798
0.0163637
-0.0366884
-0.0371553
-0.116877
-0.203631
-0.250141
-0.24074
-0.262697
-0.250059
-0.172311
-0.115325
-0.0900535
-0.0405859
-0.0432204
-0.0624857
-0.076794
-0.117416
-0.00298367
0.00948738
-0.0102305
-0.026314
0.0112826
-0.00916888
0.0732408
-0.0013352
0.0490077
0.033453
0.0632154
0.0437407
0.0217899
0.0451057
0.0166296
0.00272158
-0.0104536
-0.0241075
0.0108233
0.0204676
0.0727085
0.0412341
0.0986106
0.12114
0.140755
0.0946028
0.052342
0.031981
-0.0054208
-0.0223498
-0.0519389
-0.0805889
-0.130729
-0.0434892
0.00658415
0.00650678
0.0371471
0.0073843
0.0749698
0.0124997
0.0670446
0.132111
0.0788267
0.0794626
0.0410208
0.0756246
0.0819414
0.058124
0.081095
0.0912911
0.0333114
0.0396241
0.0302032
-0.0456825
-0.033807
-0.0243062
0.0119869
0.105592
0.17774
0.191538
0.169522
0.0929189
-0.0333816
0.146402
0.0135354
0.0956978
0.110078
0.0800239
0.114475
0.184551
0.0368162
0.00835112
0.0655836
0.128039
0.120254
0.0457875
0.23301
0.27431
0.20268
0.229974
0.100095
0.10588
-0.0158463
-0.00240798
0.0831651
-0.0238409
-0.127091
-0.0972481
0.0126094
0.0991478
0.0938134
0.079107
0.164428
0.255714
0.35906
0.306276
0.412971
0.603229
0.545995
0.520056
0.326189
0.410416
0.403249
0.377431
0.425795
0.274424
0.195801
0.0939501
0.109152
0.081616
0.202339
0.107886
-0.0152497
-0.080259
-0.0791815
0.0289977
0.127665
0.163152
0.132704
-0.00922276
0.0870197
0.284788
0.298747
0.335705
0.538319
0.58695
0.452381
0.487784
0.534938
0.518899
0.454822
0.272523
0.269757
0.258017
0.297297
0.347004
0.263315
0.0816339
0.0892025
0.0183596
0.0987197
0.123028
0.243664
0.445687
0.399907
0.504125
0.504554
0.471874
0.473093
0.402179
0.324442
0.291933
0.188229
0.255644
0.243781
0.198275
0.11039
-0.0164057
0.0377878
0.0279128
0.0270178
0.0669458
0.170396
0.154417
0.301214
0.544955
0.609649
0.56219
0.563411
0.575625
0.409639
0.415411
0.24814
0.244078
0.0966084
-0.00151454
-0.134853
-0.122573
-0.0997491
-0.0543952
-0.146678
-0.00654691
0.0874866
0.091572
0.177931
0.323318
0.583196
0.529942
0.447646
0.39503
0.373774
0.342807
0.298582
0.152712
0.166474
0.0979766
0.103524
0.012837
-0.069954
0.117916
0.238698
0.18307
0.143265
0.282229
0.341791
0.219233
0.412921
0.588616
0.579489
0.502381
0.399175
0.397518
0.276451
0.269884
0.195602
0.124836
0.052469
-0.0128965
-0.122467
-0.175446
-0.0421023
-0.149686
-0.044607
0.0358309
0.0228281
0.0899665
0.2396
0.312923
0.318002
0.355885
0.418194
0.438058
0.386737
0.311061
0.311556
0.316144
0.282852
0.239107
0.157347
0.0525929
0.0392056
0.00222874
-0.0689694
-0.00532299
-0.0156934
-0.079878
-0.164528
-0.161644
-0.114924
-0.0745291
0.0115792
0.0621967
0.0390842
0.0776226
0.0379829
0.119136
0.175279
0.193767
0.203702
0.235215
0.262795
0.236089
0.216082
0.21264
0.250475
0.251146
0.200484
0.124215
0.107414
0.0549422
0.157763
0.162056
0.103767
0.098596
-0.041286
-0.00746464
-0.0761529
0.00295213
-0.0231241
-0.0448985
-0.0563089
-0.049742
0.00149821
0.0405623
-0.00490252
0.00390094
0.103336
0.169773
0.165001
0.195191
0.166332
0.130182
0.159737
0.22725
0.217436
0.276088
0.227178
0.175892
0.24387
0.112424
0.125089
0.121118
0.124586
0.0670044
0.123535
-0.0942383
0.185573
-0.00265776
0.0600794
-0.0523146
0.00890493
-0.00841086
0.0409747
0.0680593
0.0989256
0.073412
-0.0539695
0.0147855
-0.0195664
0.0758237
0.0282536
-0.0478417
0.0959837
0.0222013
0.120565
0.0659478
-0.0527516
0.000171561
-0.0398753
-0.0580659
-0.0662051
-0.0657285
-0.122479
-0.148246
-0.10429
-0.124538
-0.0190855
-0.00128799
0.0987986
-0.00123363
-0.0656097
-0.0804965
-0.0502746
-0.0756498
-0.0778822
-0.0529353
-0.0967525
-0.038787
-0.0318323
-0.0462086
-0.158717
-0.139171
0.0133143
0.00475159
-0.00861424
-0.0774795
-0.0547434
-0.100738
-0.0738262
-0.0488492
0.0285152
0.0268571
-0.0113824
-0.0387715
-0.111296
-0.101962
-0.101084
-0.0167783
0.0367272
-0.0633525
-0.0603818
-0.167442
-0.158358
-0.126682
-0.035355
-0.0231817
0.0353936
0.133038
-0.159776
-0.0413396
0.0807855
-0.0839183
-0.0141831
-0.246404
-0.0847281
-0.0935503
-0.0866418
0.0761529
-0.134674
0.0109631
-0.0678665
-0.115205
-0.0988277
-0.0624905
0.038413
0.0632663
0.107524
-0.0150476
-0.00568855
-0.058745
-0.0486887
0.0574118
0.095886
0.0893155
0.203742
0.169666
-0.0298108
-0.0719475
-0.0742817
-0.0628151
0.130727
-0.0115846
-0.0531726
0.0347176
0.0325636
-0.00858111
0.127341
0.0709403
0.0175381
0.0279658
-0.0229486
-0.112911
-0.112988
-0.114982
-0.134669
-0.126548
-0.113862
-0.102467
-0.0536881
0.0369855
-0.0482392
0.00553182
-0.125111
-0.0960131
-0.00986372
-0.191211
-0.252748
-0.225403
-0.0693299
0.0277359
0.115256
0.0231829
-0.0192528
0.0635242
0.105658
0.0709925
0.0557438
0.0647149
0.192437
0.0805474
0.263687
0.118666
0.18927
-0.0144436
-0.056704
-0.0406759
-0.0296262
0.034935
-0.00501288
0.0917706
0.101905
0.224979
0.0721189
0.0840842
0.0653814
0.0281489
-0.0506654
0.0951527
-0.176927
-0.0434342
-0.214239
-0.116318
0.0809614
-0.0679049
0.187601
-0.160402
-0.053451
0.023905
0.0288313
0.11815
0.115237
0.0492514
0.0142462
-0.0473755
0.0874148
0.092442
0.0474337
0.0437328
-0.0551479
0.0357081
-0.0222164
0.00837343
-0.0621707
-0.113168
-0.059804
-0.0443246
-0.0344913
0.0269887
-0.0623702
0.0736476
-0.0346371
0.00285337
-0.0511603
-0.160257
-0.118904
0.0435056
-0.0373519
0.0709049
-0.0991702
0.101865
0.111368
0.176769
0.429131
0.104433
0.194518
0.065262
-0.0387271
0.106362
-0.0230313
-0.0223746
-0.070624
-0.0503144
0.00181162
-0.130392
-0.0594604
-0.162436
-0.16086
-0.0827133
-0.142043
-0.0622195
-0.210242
-0.153478
-0.109796
0.0887795
-0.129321
-0.168441
-0.0831422
-0.157423
0.00223665
0.0542763
0.0975863
0.0060331
0.121892
0.184185
0.138709
0.176843
0.0872995
0.118714
0.0782036
0.0376849
0.0922519
0.0306051
0.021857
0.0124604
-0.0709088
-0.0761993
-0.0712524
-0.103923
-0.178159
-0.241923
-0.190539
-0.161862
-0.197161
-0.128416
-0.159232
-0.172696
-0.122286
-0.102614
0.0252049
-0.0483821
-0.080467
-0.0299947
0.0481647
-0.125368
-0.0237587
-0.00980381
0.0255183
-0.034381
0.00483348
0.01161
0.0381415
0.0717889
0.0492355
-0.0288156
-0.0553939
-0.00898578
-0.00680475
0.0718149
0.0507471
0.0413898
-0.0886861
-0.0182956
-0.0458816
-0.0953205
-0.198726
-0.202697
-0.204884
-0.18345
-0.128256
-0.229474
-0.204922
-0.233191
-0.236451
-0.184257
-0.206645
-0.242453
-0.215524
-0.218595
-0.125926
-0.164868
-0.183111
-0.126562
-0.108291
-0.0943863
-0.0413043
-0.0638029
-0.00441145
-0.00571741
0.0212177
0.10739
0.155539
0.146231
0.0761222
0.136065
0.169191
0.121936
0.0974254
0.0222268
-0.00217231
-0.0584552
-0.0543992
-0.00644824
-0.0177844
0.0442241
0.00966164
-0.0189755
-0.0582157
-0.0626218
-0.0946169
-0.141175
-0.140035
-0.132188
-0.119538
-0.116215
-0.125459
-0.112105
-0.10128
-0.134601
-0.157562
-0.129277
-0.123422
-0.185759
-0.196058
-0.147249
-0.163651
-0.148994
-0.121091
-0.0793917
-0.0658092
-0.0482896
-0.0884677
-0.0738744
-0.100499
-0.0907639
-0.143439
-0.0905838
-0.0640626
-0.0777169
-0.0848444
-0.0588602
-0.050122
-0.0302725
-0.0286994
-0.0402093
-0.0572925
-0.0560484
-0.0889843
-0.0725984
-0.0497375
-0.0871337
-0.0205675
-0.0489966
-0.0563531
-0.0438667
-0.0310398
-0.0334658
-0.0266227
-0.0858793
-0.0330794
-0.0368294
-0.0838439
-0.11009
-0.0473847
0.0123932
-0.00988856
-0.0216099
-0.0241953
-0.0215727
-0.093142
-0.0804956
-0.103228
-0.0203142
-0.0440261
-0.0500339
-0.00143775
0.0115966
-0.0550572
0.0107789
-0.0221929
-0.000981291
-0.0282382
-0.00940358
0.00549621
0.0149722
0.0840669
0.0235025
0.03171
0.0256263
0.0469217
-0.0395956
-0.0353391
-0.0287856
-0.015938
-0.047599
-0.0571525
0.0141372
-0.0461364
-0.0264848
0.00909901
-0.00724182
-0.104047
0.00844381
-0.0636008
-0.0345621
0.0452267
-0.0159236
-0.0413798
-0.0302272
-0.010595
0.00713962
-0.0198374
-0.0297399
0.0373587
0.0350106
-0.0368985
-0.0174605
-0.0554733
-0.041257
-0.0620447
-0.0356902
0.0263296
-0.0501056
0.0951179
0.0422398
-0.018449
0.0719875
0.0649756
0.0413156
0.0765865
-0.0629183
-0.0590742
-0.0629989
-0.0761927
-0.0355352
0.0518254
0.133304
0.0247583
-0.000133038
0.0472756
0.0245571
0.00415899
0.0211999
0.0203431
0.1095
0.0590331
0.0835906
0.0116915
0.0325407
0.0545944
0.0876142
0.055618
0.0358642
0.0963926
0.0394389
0.155559
0.0142901
-0.022627
0.115322
0.0693235
0.0732563
0.082754
0.0577117
0.0456703
-0.0252839
0.0340202
0.0360049
0.0879426
0.153816
0.0703726
0.072173
-0.025315
0.0516797
0.0358324
0.0506553
0.0210189
0.0145069
0.0342637
0.0344184
0.0331182
0.101543
0.0266132
0.0556418
0.103257
0.026907
0.0812983
0.0650583
0.0496464
0.070622
-0.0276302
-0.147997
-0.0903208
0.0129376
0.00934188
0.0305587
0.124201
0.119621
0.0980186
0.106682
0.0982207
-0.121993
-0.0197395
0.0135505
0.166813
0.15667
0.146324
0.0702492
0.0201452
-0.0306526
-0.140835
0.154318
0.135263
0.0849032
0.0354125
0.112064
0.147997
0.0529153
0.214956
0.254959
0.120491
0.151581
0.182836
0.128494
-0.0310762
0.0764224
0.122632
-0.0284544
0.13352
0.13262
0.00478026
0.186763
0.190157
0.227598
0.289843
0.0539684
-0.0179306
0.0334202
0.103117
0.18392
0.0921207
0.0760107
0.106808
0.097354
0.105953
0.104181
-0.00310364
-0.0208574
0.1144
0.0798212
0.00918848
-0.1913
0.0265448
-0.118439
0.0425679
0.0014146
0.13119
0.0903669
-0.0559738
-0.0819486
-0.16219
-0.0918003
-0.0534435
0.0785838
0.0643895
-0.0650034
0.0582364
-0.00522665
-0.0797449
0.0223817
0.101875
-0.0205431
-0.26046
0.0488004
0.275335
0.0584924
0.142044
-0.0412933
-0.0705228
-0.0607819
-0.111563
-0.00794009
0.0819696
0.184033
0.267831
0.216012
0.0898822
0.0438254
0.0130597
0.114191
0.110187
0.149248
0.166977
0.0427015
0.042066
0.166888
0.226337
0.128326
0.223624
0.124146
0.163407
0.228277
-0.0113555
0.0717146
0.204376
0.241929
0.208236
0.0827559
0.104086
0.124106
-0.036868
0.0780938
0.0444431
0.0999743
0.105698
0.123716
0.157039
0.0768605
0.0842397
-0.074444
-0.0285649
0.0921795
-0.139292
-0.0384132
-0.0927753
0.113667
-0.0150248
0.0736964
0.0164173
0.0218815
-0.0386053
0.0159763
0.000295721
0.060369
0.0136621
-0.0356358
-0.0829327
-0.084985
-0.0995683
-0.0301661
0.0181954
0.0392109
0.0343963
0.0129556
0.00977618
0.0129929
0.0420812
0.0352959
0.0302427
0.0573861
0.0439696
0.0419713
-0.00841341
0.0142814
-0.0170947
-0.0189702
0.0835995
0.0541164
0.144139
0.0910914
0.0854795
0.0682763
0.00531285
0.0381849
0.0293801
-0.0453283
0.0256063
-0.0476819
0.126256
-0.101374
0.0516299
-0.070801
0.0358143
-0.0819942
0.0322623
-0.105781
-0.0208873
0.0556678
-0.0987983
-0.00479509
-0.0676498
-0.022178
-0.0157259
-0.268502
-0.0342042
0.0731023
-0.258135
0.00490013
-0.0557933
-0.137587
-0.0114545
-0.100597
-0.0410781
-0.0137249
-0.050979
-0.0206741
-0.190432
0.01393
-0.143089
-0.0219179
0.00744596
-0.209381
0.0701373
-0.0611172
-0.0367058
0.162958
-0.0433469
-0.14918
-0.0643254
-0.106429
-0.221402
-0.0927094
0.178093
-0.0226899
0.174866
-0.174357
-0.206525
-0.118696
0.118785
-0.0340168
0.0623073
0.0177769
0.0461265
-0.249329
0.0415699
0.0404143
-0.487363
-0.0656331
-0.370356
-0.286557
-0.229934
0.0832032
-0.223173
0.0532154
-0.000264304
-0.124613
-0.305086
-0.0237053
-0.186742
0.174543
-0.203691
0.010236
-0.211052
0.120846
0.0581876
-0.0587099
0.0285609
-0.167409
0.188719
-0.286464
-0.131187
0.135828
-0.227862
0.0912819
-0.166251
0.268168
-0.332558
-0.207699
0.0452952
0.173852
0.113583
-0.458194
-0.0689708
-0.310045
-0.0759049
-0.157125
-0.245256
-0.165062
0.246824
-0.271736
0.178434
-0.0576145
-0.27635
0.512284
-0.00947635
0.1401
-0.582064
0.019336
0.00171683
0.0203223
0.0791749
-0.208727
-0.192785
0.166603
-0.512131
-0.240415
-0.173958
-0.215741
0.433762
-0.459597
-0.181914
-0.225812
-0.311421
-0.21018
0.106235
-0.0267717
-0.425155
-0.402881
-0.120342
0.246299
0.00121438
-0.260447
-0.184077
-0.0365026
-0.0114621
-0.0783402
0.159165
-0.177378
-0.155097
0.126182
0.107918
-0.0765276
0.143428
-0.0625197
-0.00556119
-0.0656404
-0.114884
-0.223219
0.0911176
-0.223869
-0.0236677
-0.0321192
-0.208732
-0.155939
-0.140531
-0.100156
-0.160437
-0.122301
-0.111308
0.134387
-0.556908
-0.117667
-0.433979
-0.251757
-0.232467
-0.365615
-0.259241
-0.242954
-0.255798
-0.275602
-0.346145
-0.165795
-0.390339
-0.129159
-0.00817926
0.38072
-0.467204
-0.394763
-0.311138
-0.0641832
0.272712
-0.353493
0.202584
-0.752556
0.207512
-0.289521
0.195968
-0.101753
-0.101373
-0.305699
-0.161237
-0.161772
-0.313308
-0.171082
0.191227
-0.0410707
-0.312422
0.1388
0.0850837
-0.565394
-0.250992
-0.247248
-0.227961
-0.0247493
-0.0519871
0.0383338
-0.315929
-0.526678
-0.746282
-0.264058
-0.393912
-0.280945
-0.163452
-0.0518681
-0.170713
0.0910795
-0.340263
-0.479014
-0.229819
0.0545392
-0.692864
-0.704388
-0.387822
-0.527218
-0.670381
-0.493449
-0.225295
0.0136702
0.0666999
0.0286924
0.146609
-0.334044
0.0377171
-0.490809
-0.0864097
-0.0403197
-0.430768
-0.15594
-0.340626
-0.15874
0.12636
-0.110414
0.12307
0.172139
0.0279792
-0.30471
-0.164749
-0.346986
-0.466189
-0.652918
-0.388683
-0.34121
-0.429913
-0.832642
-0.035282
-0.0380502
-0.0712846
0.0635158
0.130055
0.168197
0.448572
-0.16493
-0.343261
0.0965904
0.227908
-0.341938
-0.481075
-0.262387
0.0616243
0.135937
-0.193742
-0.301446
0.253831
0.241584
-0.232434
-0.715134
-0.522793
-0.231991
-0.341999
-0.465841
-0.483535
-0.332777
-0.491795
-0.571771
-0.588709
-0.131116
0.00777106
-0.0494585
-0.326963
-0.360432
-0.305646
-0.214394
-0.173195
-0.148968
-0.166091
-0.25384
-0.207156
0.588288
0.228091
-0.093507
-0.370496
-0.626067
-0.478826
-0.416921
-0.055376
-0.00426095
-0.207673
-0.349501
-0.157344
-0.153803
-0.138675
-0.155455
-0.235886
-0.229389
-0.304894
-0.314923
-0.232008
-0.0929165
-0.0787683
-0.332242
-0.520679
-0.359298
-0.430547
-0.435793
-0.458069
0.186064
-0.389512
-0.936016
-1.02107
-0.390059
-0.491052
-0.266802
-0.24899
0.0781511
-0.187654
-0.338791
-0.540129
-0.429933
-0.646571
-0.563508
-0.750561
-0.475014
-0.703819
-0.679523
-0.756893
-0.665028
-0.451844
-0.411761
-0.508006
-0.341534
-0.269012
-0.645407
-0.30307
-0.48681
-0.482123
-0.487771
-0.699618
-0.898779
-0.81348
-0.313069
-0.349911
-0.248509
-0.250067
-0.144322
-0.148603
-0.00307186
-0.357913
-0.226737
-0.37465
-0.578127
-0.614267
-0.382101
-0.366587
-0.250412
-0.198478
-0.176349
-0.137227
0.137001
-0.183582
-0.214878
-0.558698
-0.568997
-0.646962
-0.468973
-0.487193
-0.0882586
-0.266213
0.0689539
-0.13062
-0.210554
-0.201506
-0.465541
-0.552949
-0.977888
-0.470583
-0.625045
-0.274266
-0.621083
-0.165801
-0.138867
-0.100693
-0.0616122
-0.0545924
-0.471243
-0.677295
-0.38871
-0.161491
-0.405615
-0.445782
-0.0828621
-0.386186
-0.060045
-0.104227
-0.0676729
-0.245448
-0.327224
-0.234552
-0.280613
-0.308732
-0.390867
-0.426378
-0.169589
-0.164919
-0.0704238
-0.112305
0.0808354
-0.123299
-0.210669
-0.263791
-0.0832099
-0.317983
-0.218249
-0.372078
-0.299252
0.0826155
-0.0275037
-0.104586
-0.195395
-0.109985
-0.140135
-0.0220297
0.0919573
0.0540224
-0.125131
-0.170651
-0.142075
0.135963
0.0336414
-0.102883
0.108148
0.218339
0.18818
0.170233
0.0460602
0.0614674
0.0126365
0.0114249
-0.0982628
-0.0530586
-0.0534576
-0.0447025
-0.0421591
0.0137176
0.0042482
0.060371
0.104483
0.122957
0.136361
0.0396207
0.153386
0.315011
0.340769
0.290928
0.288772
0.226635
0.11244
0.089119
0.100577
0.0442632
-0.0508041
-0.0980539
-0.112551
-0.0995697
-0.0399068
-0.0567189
-0.0113661
0.103215
0.134847
0.250811
0.177633
0.175603
0.147062
0.168606
0.214733
0.216046
0.181829
0.150241
0.0147708
0.0339952
0.0188349
0.0474982
-0.0180332
-0.0217966
-0.00405828
-0.0174887
0.101222
-0.0614252
-0.154077
0.103801
0.150475
-0.0176088
0.0294691
-0.0229625
-0.0297601
-0.061461
-0.116037
0.00522873
-0.0399802
-0.0647988
-0.0994624
-0.0239837
-0.0382058
-0.0368931
-0.100241
-0.0149699
-0.118109
-0.0261186
-0.106398
-0.0533921
-0.0630295
-0.0283356
-0.00675697
-0.0931368
-0.0296615
-0.0413772
0.00865677
-0.0393639
-0.0583598
0.0225454
-0.0703929
-0.026237
-0.116374
-0.0549948
-0.0875559
-0.053258
-0.192679
-0.116499
-0.156382
-0.0694292
-0.169682
-0.18999
-0.221258
-0.177554
-0.176757
-0.0986665
-0.130314
-0.173356
-0.0795971
-0.0814926
-0.0467379
-0.0335166
-0.0424641
-0.0237038
-0.0527313
-0.131966
-0.166842
-0.079162
-0.123655
0.00678701
0.00914391
-0.0191856
-0.123842
-0.0749919
-0.283904
-0.137801
-0.157198
-0.15936
-0.00951367
-0.116937
-0.0930401
0.000186738
-0.196782
-0.17273
-0.0265612
-0.296183
-0.169777
-0.0615948
-0.0299387
-0.0865209
-0.0350132
-0.234581
-0.128525
-0.146583
-0.19474
-0.147797
-0.056097
-0.0265426
0.0307537
0.0546854
-0.0100831
0.108136
0.0376243
-0.182703
0.00742705
-0.0183551
0.0245444
0.0356356
0.06345
-0.0664424
-0.0791314
-0.154837
-0.0729523
-0.0584375
-0.113514
-0.0400495
-0.032295
-0.0108661
-0.0457154
0.0245573
-0.0669144
-0.0888584
-0.0662517
0.0917243
-0.0805991
0.017565
-0.151846
-0.0170646
-0.0683038
-0.0806837
-0.123395
-0.126248
-0.0288153
-0.0400497
0.0132344
0.00544877
-0.00293333
-0.19322
-0.043096
-0.150476
-0.0367985
-0.0957842
0.0667936
-0.173979
-0.120278
-0.170633
-0.193511
-0.113741
-0.148224
-0.275244
-0.010498
-0.261221
0.0720933
-0.148133
-0.214456
-0.240819
-0.222332
-0.295973
0.00132963
-0.194318
-0.0618752
-0.275577
-0.305241
-0.290868
-0.293748
-0.285534
-0.271285
-0.206169
-0.102293
-0.158737
-0.110373
-0.189463
-0.217555
-0.30525
-0.122512
-0.285745
0.0713927
-0.248497
-0.072022
-0.158348
-0.261301
-0.180538
-0.213547
-0.288186
-0.124901
-0.279608
0.127014
-0.191452
-0.187118
-0.0880346
-0.150115
-0.204231
-0.0407787
-0.216559
-0.089241
0.00921884
-0.034497
-0.00592844
0.0224866
0.0829476
0.0168271
-0.0535971
0.00613649
0.00938908
0.00885094
0.0853278
0.0582469
0.00599172
0.0587284
-0.00515315
-0.0961712
-0.0844073
-0.156102
-0.0552289
-0.105589
-0.0100551
0.0924831
0.0335996
-0.0560155
-0.123094
-0.0813113
-0.027604
-0.0813448
0.012908
0.132646
-0.262856
-0.0398622
-0.213166
-0.274913
0.194587
-0.161348
-0.0787222
-0.287917
-0.367384
-0.344746
-0.179359
-0.142542
0.0992583
0.365473
0.00227899
-0.0857753
-0.201397
-0.283509
-0.116563
-0.0571213
-0.0286313
0.0658121
0.0925152
-0.075434
-0.00563139
-0.0158415
-0.0266995
0.033159
0.0185317
-0.0242661
-0.0380113
-0.117851
-0.179837
0.119912
0.0920259
-0.165402
-0.125118
-0.319874
-0.0512501
-0.134695
-0.232679
-0.0234222
-0.0535198
0.0930665
-0.062227
-0.0413282
-0.0925587
-0.249561
-0.241662
0.123497
-0.0996798
0.0943943
-0.0339647
0.0216279
-0.100705
0.0346216
-0.128106
0.0702282
-0.00182406
0.181395
0.097199
0.173102
-0.0086918
0.199328
0.0337346
0.129792
-0.0355004
0.08589
0.025761
0.177388
0.171815
0.112974
-0.051288
-0.0228547
-0.0486259
-0.0313251
0.0157551
-0.0807364
0.169828
-0.0515586
0.0358591
0.188171
0.0896299
0.0641263
-0.0116874
-0.00192971
0.0435607
0.0135635
0.0225678
0.0415515
0.046845
0.0173453
0.0370645
0.12298
0.0347004
0.0166154
0.0509943
-0.0375424
-0.0221346
-0.0435846
-0.0404646
0.0198644
0.0326246
0.0195364
0.0439537
-0.0250057
-0.0303833
0.00975626
-0.0175299
-0.00211095
0.0234528
-0.0183625
-0.0424748
-0.0715484
-0.0289216
0.0334066
0.0551516
0.0589646
0.0176978
-0.0661512
0.0179615
0.0237159
0.0154136
0.0359966
0.0386482
0.0243497
0.0293432
0.0129415
-0.000869864
0.0156489
0.0160901
0.0209021
-0.0126337
0.0173514
-0.00193473
0.0191556
-0.00188282
-0.0086907
-0.0330468
0.119617
0.0714683
-0.00322891
0.0025782
-0.0204835
0.000520438
0.02615
-0.0553439
0.0439011
0.0429082
0.00179327
-0.0108265
0.0346502
0.0225318
0.0180889
0.0777808
0.0690881
0.00021548
-0.0336198
0.08023
0.0169636
0.0217946
0.0787904
-0.0455165
0.0802366
0.0698079
0.0264796
-0.0438732
0.0591217
-0.0208373
-0.0312581
0.00209328
0.014514
0.0737662
-0.00567494
-0.00737949
-0.00410259
-0.0130002
-0.0923718
-0.0643537
-0.0521098
-0.019829
-0.0251832
-0.0281727
-0.132172
-0.00701939
-0.0543754
-0.058355
-0.077205
-0.0224079
-0.000557655
-0.025934
-0.111655
-0.0632569
-0.081754
-0.0693148
-0.0489186
-0.0921163
-0.0100544
-0.0124251
-0.0253802
-0.0353765
-0.0667267
-0.0538296
-0.0366214
-0.110802
-0.0695569
-0.0483826
-0.0708406
-0.0413834
-0.112221
-0.0669545
-0.0542882
-0.0580238
-0.062993
-0.136608
-0.0224867
-0.159231
-0.0331782
-0.021879
-0.0806489
0.015455
-0.068912
-0.0611052
-0.0769286
-0.0789181
0.00937682
0.0738218
-0.0186181
-0.0237056
-0.064798
-0.115982
-0.0800859
0.0118601
0.119601
-0.0152424
-0.174303
0.0937285
0.14286
-0.220817
0.0458739
0.115148
-0.193165
0.038395
-0.153145
-0.157278
-0.0867116
-0.199873
-0.0321086
-0.0421445
-0.0192555
-0.0413158
0.0187536
-0.0968909
-0.082814
-0.0673262
-0.176742
0.0079124
-0.109119
-0.0670598
0.000104493
0.0276769
0.0343861
0.0296961
-0.0814056
-0.106863
-0.150005
-0.0960738
-0.00485049
0.0564943
0.0174827
-0.0631717
-0.0303703
-0.00641488
-0.0135129
-0.0666752
0.0399313
0.0348621
-0.0352436
-0.111398
-0.0157005
-0.0300909
-0.024598
0.0272002
-6.25026e-005
-0.0377238
0.0491557
0.0370039
0.0887504
0.218944
0.158499
0.0394481
-0.0692198
-0.0481891
0.0160507
0.0600727
0.0504648
0.151309
0.0201279
0.075149
0.103434
0.0408286
0.0439831
-0.0156684
-0.0124243
-0.0148555
-0.0207199
-0.0461315
-0.165141
-0.0366664
-0.111839
-0.0926134
-0.00623742
-0.024477
0.0605773
0.0644453
0.01013
-0.00320626
-0.0642228
-0.113555
0.0765931
0.0974157
0.085432
0.0664066
-0.030835
-0.00576868
0.144422
0.136416
0.201877
0.171604
0.215169
0.184227
0.0942428
0.188273
0.0912096
0.0123156
-0.0688591
0.0407032
0.0676926
0.169318
0.150693
0.117868
0.0100778
-0.0380907
-0.0488872
-0.0381291
-0.107474
-0.128069
-0.170185
-0.24017
-0.0743481
-0.133882
-0.106939
-0.011059
-0.0524688
-0.0454813
-0.0848553
-0.197627
-0.166811
-0.150201
-0.101919
-0.160258
-0.186801
-0.069447
-0.0712831
-0.124452
-0.0461767
-0.087083
-0.104263
0.0685441
0.0564304
-0.0591596
-0.0450409
-0.139338
-0.125425
-0.0655944
-0.110912
-0.251819
-0.169043
-0.209777
-0.156732
-0.099212
-0.231104
-0.284185
-0.193048
-0.293379
-0.0781978
0.000156679
-0.0682979
-0.132419
-0.225879
0.0175764
0.109176
0.0994489
0.209826
0.206953
0.119725
0.170288
0.0794932
0.00442428
0.079152
-0.0751806
-0.00782729
-0.150335
-0.0240069
-0.115231
-0.134261
-0.0674167
-0.0488161
-0.16243
-0.158641
-0.0683433
-0.120902
-0.233797
-0.0829431
-0.118275
-0.0707364
-0.116569
-0.15686
-0.141748
-0.159584
-0.0924447
-0.140142
-0.143583
-0.118572
-0.179553
-0.105459
-0.124383
-0.0630732
-0.0593676
-0.0733268
0.0985115
0.0425524
-0.0649087
-0.147449
-0.000617266
-0.0734932
0.0329627
-0.0617118
-0.00235351
-0.0603084
-0.0905223
-0.105096
-0.0466614
0.00145557
-0.0264411
0.0407165
0.0601724
0.0350871
0.0793128
0.0531981
0.111228
0.162801
0.188461
0.221638
0.237245
0.266239
0.269577
0.284953
0.262283
0.239602
0.256812
0.256876
0.262329
0.248296
0.263235
0.262086
0.243957
0.223579
0.196136
0.160971
0.128166
0.0494937
-0.0521195
-0.230113
-0.308982
-0.236617
-0.209169
-0.161881
-0.0971798
-0.167455
-0.12705
-0.0630592
-0.0726826
-0.0577695
-0.111279
-0.100359
-0.0464836
-0.000590319
0.01289
-0.00878208
-0.0662266
-0.0773085
-0.0483692
-0.0262547
0.00284957
0.0198849
0.0172233
0.077741
0.0432871
0.0774738
0.0781798
0.0402394
-0.00725104
-0.0284541
-0.0505591
-0.0155775
0.0235767
-0.0244317
-0.00214907
-0.0367282
0.0777722
0.0870188
0.110111
0.0806701
0.0956409
0.0799985
0.095546
0.118986
0.0935685
0.0845914
0.133544
0.160048
0.13515
0.0513696
-0.0434416
0.0252459
-0.00172111
0.119445
0.109487
0.0648577
0.042937
0.0153045
0.0428784
0.0432071
-0.0635202
-0.134904
-0.159864
-0.0893932
-0.0804147
-0.00566815
0.0619959
-0.00993609
-0.0667262
-0.0886572
-0.01154
0.0665302
0.0434567
-0.0043624
-0.209729
-0.140943
0.0446406
0.156297
0.0332929
0.125136
0.233339
0.174712
0.195298
0.00669664
-0.109949
-0.107382
0.0424297
0.16428
0.0881584
-0.0656923
0.0464573
0.0497439
0.0419201
0.0540269
0.068448
-0.0564507
0.0335881
-0.0218952
-0.0565127
-0.0663562
-0.10597
-0.0339196
-0.108868
-0.187281
-0.153359
-0.0880051
-0.0258402
-0.103155
-0.162665
-0.287774
-0.225118
-0.301039
-0.154858
-0.0601546
-0.271926
-0.263814
-0.400806
-0.127648
-0.127048
-0.0204743
-0.146744
-0.131161
-0.00360228
0.139744
0.0359341
0.0237524
0.01549
-0.0475729
0.0661916
0.0724291
0.198254
0.241404
0.164387
0.280292
0.231081
0.181648
0.177503
0.133795
0.0527897
-0.175533
-0.478593
-0.51344
-0.532713
-0.512991
-0.504908
-0.486963
-0.454948
-0.453771
-0.381468
-0.438685
-0.461212
-0.429818
-0.311331
-0.232325
-0.301886
-0.318433
-0.157666
-0.034756
0.115785
0.0749408
-0.0647798
0.0439364
0.119533
-0.102711
-0.047964
-0.0691505
0.00377778
0.0473627
-0.0375731
0.205487
0.111589
-0.105279
-0.236006
-0.229238
-0.212712
-0.26161
-0.292477
-0.125313
-0.0867595
-0.14202
-0.14389
-0.216839
-0.171925
-0.241862
-0.250945
-0.0357885
-0.188708
-0.315249
-0.129455
-0.313008
-0.201537
-0.160153
-0.209195
-0.19888
-0.244373
-0.120599
-0.223364
-0.165816
-0.137245
0.0700911
0.0494852
0.0106838
0.0502424
0.0712554
-0.0751195
-0.00316994
-0.0246977
-0.0252684
-0.0456341
0.081438
0.0972055
0.127643
0.0449697
0.151692
0.059172
0.0631405
0.0269646
-0.0486977
-0.266642
-0.0926537
-0.0130903
-0.136144
-0.288023
-0.305022
-0.201244
-0.19647
-0.352705
-0.282314
-0.370358
-0.238139
-0.146309
-0.162374
-0.228683
-0.281641
-0.214696
-0.103754
-0.150099
0.0207312
-0.106765
-0.200497
-0.165591
-0.141285
0.0406756
0.0193645
0.0325375
-0.0691944
-0.0155941
-0.119951
-0.0705693
-0.0943879
-0.140206
-0.269312
-0.0623509
-0.235015
0.0197349
-0.18206
-0.243877
-0.216373
-0.408451
-0.287477
-0.340165
-0.252879
-0.173369
-0.209306
-0.0187931
0.116276
-0.176952
-0.309474
-0.308813
-0.182795
-0.0227699
-0.270097
-0.192035
-0.105241
-0.236483
0.283312
-0.165274
0.543641
-0.25616
0.164336
-0.109163
-0.042562
-0.136648
0.0461373
-0.238335
0.094092
-0.223706
0.231478
-0.203095
0.0155885
-0.183121
0.269593
-0.0133302
0.322182
-0.438529
0.218968
-0.324306
0.561906
-0.236602
0.445406
-0.452696
0.483419
-0.234657
0.656803
-0.354724
0.363762
-0.0871398
0.250687
-0.344704
0.2838
-0.281559
0.385154
-0.250806
0.564791
0.0729066
0.426494
-0.0665089
0.482538
-0.363909
0.241861
-0.29868
0.329365
-0.159348
0.398712
-0.120784
0.583054
-0.103275
0.310359
-0.163588
0.467001
-0.241299
0.56467
0.091717
0.573426
0.102063
0.264271
-0.0484133
0.285527
0.167013
0.145012
0.0527552
0.132636
0.108361
0.157017
0.0376619
0.280127
0.0852123
0.218338
0.152546
0.164582
0.0551081
-0.0807026
-0.178597
0.238098
-0.189981
-0.0311538
0.151304
0.282079
0.0625239
0.145094
0.433122
0.387975
0.405738
0.0414049
0.370794
0.196035
0.407849
0.168466
0.314571
0.342562
0.391702
0.206986
0.481448
0.433816
0.367136
0.553916
0.43409
0.486545
0.378054
0.170986
0.283938
-0.0606325
-0.163555
-0.0934226
0.21417
-0.0670381
-0.0214533
-0.18656
-0.101443
-0.0903945
0.0556818
-0.0362848
0.205017
0.143107
0.261204
0.511193
0.242399
0.856224
0.143704
0.78689
0.462453
0.526678
0.151183
0.114037
-0.0586743
0.35111
0.575791
0.394572
0.357055
0.193597
0.213251
0.0370099
0.28603
0.297448
0.152824
0.15521
0.0367217
0.273013
0.261825
0.544304
0.388429
0.455654
0.484107
0.249194
0.162436
0.217837
0.0771943
0.0696236
0.0601757
0.0398099
-0.0541782
-0.00432368
-0.0813776
-0.288149
-0.179466
-0.0185933
-0.20077
-0.23867
-0.11858
0.0385205
0.136999
0.076937
-0.0126847
0.0348691
0.0275299
0.137035
0.284718
0.225756
0.23154
0.309592
0.21103
0.169312
0.265944
0.287637
0.288674
0.29165
0.290357
0.181525
0.140376
0.159842
0.111526
0.0378402
0.0227178
0.130666
0.150837
0.16919
0.205036
0.107193
0.0497125
-0.0210349
-0.0137512
0.032749
-0.0609019
-0.0498633
-0.0677951
-0.0568895
-0.0658902
-0.0418047
-0.128821
-0.0231689
0.0115536
0.0126358
-0.0539667
0.00866751
-0.00763393
-0.0052972
-0.00409832
0.0574316
0.021994
0.0723462
0.0614267
-0.0402896
-0.0435001
0.0855857
0.0927874
0.0845853
0.123771
0.112914
0.1939
0.273709
0.168787
0.0760277
0.00671838
-0.00747262
-0.0826758
-0.0532635
-0.00737467
0.0268401
-0.00765839
-0.0212263
-0.158942
-0.14698
-0.0177598
-0.0315832
-0.0528759
-0.116691
-0.0861863
-0.0239096
0.025089
0.0633678
0.0622991
-0.0510183
0.00128746
0.00458173
0.0611593
0.0239176
-0.0321619
-0.0903635
-0.0805304
-0.122783
-0.0814725
-0.151537
-0.164919
-0.0790316
-0.0834659
0.0305044
-0.0969529
-0.164348
-0.150887
-0.230773
-0.231027
-0.0816328
-0.139914
-0.332011
-0.143797
-0.136134
-0.131811
0.0596426
-0.0436394
0.118487
-0.000446582
-0.223032
-0.0647958
-0.00310633
0.0806698
0.0370569
-0.0158905
0.00967012
0.0113403
0.0466804
0.135577
0.128777
0.186559
-0.0152088
0.049097
-0.0517352
0.0343264
0.0261055
-0.0483666
-0.2136
0.17792
0.0957557
0.0571411
-0.0604952
0.0157055
0.142275
0.0165081
0.0693086
-0.0537591
0.117255
0.241032
-0.0983136
-0.0802262
0.0824801
0.0501767
0.0790729
0.110899
0.00851652
-0.103703
-0.0562906
-0.285429
0.0647606
-0.420022
-0.0272452
0.236772
0.00166703
0.0495356
-0.0612553
-0.265159
-0.0994512
-0.206902
0.198885
-0.00268223
0.0158183
0.0859477
0.043318
-0.277358
0.118689
-0.073587
-0.184128
-0.115234
-0.064435
0.157191
0.147342
-0.010235
0.0109853
0.0447449
-0.164793
0.0892549
-0.224942
-0.0222534
-0.0226208
-0.019917
-0.0169877
-0.177244
-0.100131
-0.142005
-0.0463248
0.0170688
0.0430142
-0.0117916
-0.0611778
-0.215584
0.0950339
-0.0895545
0.0969035
-0.0277044
0.0780459
-0.0283501
-0.105255
-0.251291
0.157618
-0.129188
-0.0190176
-0.190553
-0.0836254
-0.0809551
0.0034787
-0.0241518
-0.0825463
-0.213139
-0.0510955
-0.11601
-0.0966006
-0.020501
0.0648377
0.0278888
0.265792
-0.258319
-0.00536434
-0.312226
-0.0148304
0.0138184
0.205541
-0.106723
0.135669
-0.129591
0.031781
-0.264886
-0.16407
0.0690638
-0.146679
0.0423662
0.0361651
0.0639006
-0.312161
0.115913
-0.117094
-0.091297
0.0107065
0.0194413
-0.0457912
-0.188108
-0.136105
-0.10038
-0.196333
-0.298214
-0.156706
-0.282127
-0.112837
-0.365763
0.135576
-0.111747
-0.214594
-0.152599
-0.383429
-0.181642
-0.0898881
-0.174386
-0.156719
-0.137253
-0.228592
-0.0684797
-0.540593
-0.129031
-0.400166
-0.336731
-0.297624
-0.383578
-0.163755
-0.312341
-0.309683
-0.28319
-0.465756
-0.228154
-0.229573
-0.111548
-0.287725
-0.23977
-0.173777
-0.306264
-0.250868
-0.420084
-0.440437
-0.325327
-0.295175
-0.163121
-0.307374
-0.282664
-0.178792
-0.190289
-0.202116
-0.499689
-0.345791
-0.147179
-0.29366
-0.114236
-0.207216
-0.0600303
-0.112398
-0.164509
-0.0489261
-0.118251
0.144366
-0.0574062
-0.152864
0.16844
-0.192144
0.400465
-0.144999
0.0222718
0.0941524
-0.0175383
-0.0936504
-0.0658472
0.0865809
-0.0268001
0.0281028
-0.0631841
-0.105684
-0.0570718
-0.101013
-0.159983
-0.130339
-0.15209
-0.0299448
-0.209507
-0.0469895
-0.215937
-0.0231143
-0.00636914
-0.293334
-0.340674
-0.114372
-0.121768
-0.170925
-0.193527
-0.232791
-0.250256
-0.215589
-0.171743
-0.061438
-0.215651
-0.270613
-0.256859
-0.0633948
-0.0823121
0.0332877
-0.0902413
-0.0821617
-0.0232698
-0.110658
-0.17082
-0.0891099
-0.131451
-0.0144205
-0.0249114
-0.0337089
-0.10731
-0.134182
-0.0422028
-0.126376
-0.138241
-0.10998
-0.0996939
-0.0883312
-0.13423
-0.17793
-0.0969593
-0.0244861
-0.0945289
-0.129262
-0.0951701
-0.12454
-0.136181
-0.150047
-0.118006
-0.125672
-0.158549
-0.182553
-0.095983
-0.0723026
-0.0465503
-0.051579
-0.0702823
-0.0215423
-0.120067
-0.0375587
-0.0366388
-0.047643
0.0438422
0.0621666
-0.0299659
-0.145321
-0.116877
-0.0342562
-0.0745102
-0.0559178
-0.0810153
-0.0823851
-0.0626792
-0.0998179
-0.128809
-0.0941534
-0.153556
-0.101963
-0.154189
-0.162321
-0.150107
-0.137057
-0.164266
-0.0903172
-0.0503229
-0.0174773
-0.0247211
-0.114806
-0.117129
-0.110551
-0.128674
-0.0836164
-0.129572
-0.10356
-0.0990148
-0.118074
-0.0752174
-0.0722612
-0.0480975
-0.0330678
-0.0103844
0.00104826
-0.0698684
-0.0175164
0.00202352
-0.00411544
0.0080558
-0.0948814
-0.0439443
-0.0197909
-0.0713434
-0.0293101
-0.024249
-0.0460062
-0.0493293
-0.0430411
-0.0669952
0.00732904
-0.0096647
-0.021685
-0.0223783
-0.0724743
-0.068501
-0.0682296
0.015907
0.0321075
0.0168444
0.0234113
0.0256412
-0.0325525
0.0308571
-0.066985
-0.0283473
0.0414197
-0.0216998
-0.0125736
-0.0283852
-0.0344648
-0.0192584
-0.0912775
-0.119731
-0.0112598
-0.00687306
-0.0947822
-0.0457686
-0.0175377
-0.00845076
-0.037658
0.00430738
-0.0350598
-0.0364051
0.0153161
-0.0700424
0.0239619
0.00524086
0.00885188
0.100802
-0.0376921
0.0498774
0.0335341
0.0154167
0.0599004
-0.0200462
0.0551963
0.0395644
-0.0104792
0.0398604
-0.0533369
0.0964971
0.0361121
-0.0144569
0.100682
0.0127963
0.0216376
0.0546974
0.0758098
0.0375748
0.0313383
0.0145759
0.0639929
0.0130564
0.0225043
0.0158385
0.0378465
-0.0397457
-0.101715
0.0263002
-0.0151975
-0.0479787
-0.0669895
-0.0101725
-0.135453
-0.0625323
0.0293905
-0.0183544
0.0121591
-0.0315069
-0.0251296
0.0333323
-0.00622582
0.015336
-0.07754
-0.00149029
0.0238887
-0.012941
0.105857
0.0567855
0.0525167
0.0880601
0.110159
0.0237773
0.0530135
0.0689856
0.0764963
0.0708172
0.0447101
0.070324
0.0700205
0.0894405
0.102454
0.127469
0.105374
0.146032
0.128246
0.139824
0.132334
0.0962438
0.0356772
0.0866124
0.0531165
0.072921
0.0840652
0.20264
0.148796
0.14625
0.143505
0.0275379
0.004822
0.0177217
-0.0020774
0.0366359
-0.0461314
-0.00812826
-0.0106344
-0.00131746
0.135553
0.266517
0.119429
0.0836562
0.105995
0.0622419
0.082599
0.0170901
0.0341992
-0.0763762
0.0837512
0.200442
0.187955
0.111292
0.0371042
0.049221
0.155437
0.122689
0.269232
0.236759
0.172575
0.195202
0.164583
0.192322
0.231651
0.159025
0.13401
0.227343
0.153463
0.0518911
0.049246
0.0714044
0.142686
0.090344
0.119339
0.170913
0.194145
0.167184
0.244933
0.274814
0.120241
0.170116
0.163743
0.117016
0.0308211
0.0967481
0.0925204
0.0365507
0.16457
0.0669221
-0.00154285
-0.0994055
-0.00656957
0.0127824
0.111589
-0.0108579
0.0468666
-0.0429632
0.0343518
0.166593
0.159891
0.0241944
-0.0610227
0.0542736
0.125731
0.239756
0.0678567
0.0402061
0.00533566
0.0519753
0.185089
0.253094
0.318122
0.268496
0.15599
0.200014
0.254017
0.245381
0.239536
0.111689
0.0313944
0.245637
0.237631
0.0769731
0.0292737
-0.0062781
0.159766
0.0730242
-0.0948205
-0.178483
-0.0290923
0.0148959
-0.0022778
-0.0628061
0.0216285
-0.0825791
-0.0962345
-0.0195757
0.0421811
0.0778461
-0.0567327
0.00507195
0.0133674
0.157087
0.145634
0.112384
0.189045
0.252797
0.141199
0.13285
0.121154
0.0151522
0.0672535
0.112877
0.224236
0.239814
0.199664
0.0885526
0.144231
0.178107
0.203786
0.12497
0.117713
0.151392
0.206853
0.202924
0.127983
0.136089
0.0162042
0.0892655
0.0541459
0.194631
0.184345
-0.0346328
0.0139453
-0.0340271
-0.129806
0.00563928
0.0803102
0.032978
0.0343783
-0.125642
-0.137379
-0.0363511
-0.0496235
-0.0742344
-0.0390581
-0.00776278
-0.0631337
-0.0380617
0.00556209
0.0578812
0.073393
0.0400635
0.0206507
-0.0763004
-0.07059
-0.134754
-0.00589586
0.0946048
0.0500664
0.0204549
0.0128085
0.0170029
0.0471005
-0.0425358
0.0686252
0.062054
0.0422031
0.0060153
0.0445436
0.0138524
0.00469278
-0.0202906
-0.0394275
-0.0256837
-0.00618099
-0.0247333
-0.03753
-0.0271463
-0.0123362
-0.0139702
-0.0133653
0.0269324
0.0237283
-0.00806158
-0.0156323
-0.0541944
-0.0484993
-0.0902137
-0.114186
-0.070976
-0.0900168
-0.00627768
-0.133299
-0.223964
-0.104413
-0.199975
-0.12866
-0.214664
-0.138953
-0.093601
-0.154787
-0.117767
-0.136024
-0.122864
-0.105262
-0.111561
-0.12023
-0.12957
-0.121408
-0.121175
-0.132434
-0.128562
-0.108453
-0.0673484
-0.0677118
-0.0301863
-0.0328835
-0.0457187
-0.0455823
-0.0637628
-0.100047
-0.0994153
-0.0528604
-0.0316939
-0.0126926
-0.00111873
-0.0780024
-0.0806034
-0.0807937
-0.0923302
-0.0434686
-0.0419454
-0.0219021
-0.0855456
-0.0781739
-0.080022
-0.0931701
-0.0860594
-0.0147871
-0.0380816
-0.0605988
-0.032589
-0.0709189
-0.0175576
-0.0839429
-0.0656734
-0.0293531
-0.0548516
-0.0208878
-0.115644
-0.147267
-0.168177
-0.166149
-0.161944
-0.0532404
-0.146106
-0.15331
-0.127561
-0.155582
-0.0688833
-0.215794
-0.116121
-0.0435734
-0.0912298
-0.0259717
-0.0856856
0.0269668
0.0938694
0.0434153
0.0198974
-0.021999
-0.106203
0.00284775
0.00412697
-0.045399
-0.0697527
-0.210142
-0.0343265
-0.0521572
-0.106197
-0.250784
-0.238079
-0.128054
-0.088591
-0.0652673
-0.1411
-0.0119674
-0.137078
-0.0935243
0.020618
0.085418
-0.0719407
-0.0264205
0.0334529
-0.115751
-0.0227317
0.186246
-0.18577
0.0472369
-0.0754663
0.0216434
0.0701217
-0.120818
-0.082624
-0.0382266
-0.0674617
-0.0177188
-0.129421
-0.0731865
-0.112235
-0.00803281
-0.141978
-0.0823634
0.00213239
-0.0329233
-0.0439656
-0.058488
-0.061124
-0.0858838
-0.0973366
-0.134059
-0.121668
-0.0534065
-0.141361
-0.059647
-0.129812
-0.0311869
-0.221865
-0.143877
-0.190101
-0.257103
-0.254878
-0.191078
-0.308385
-0.291137
-0.293206
-0.322158
-0.311866
-0.290417
-0.320104
-0.237532
-0.182089
-0.0716505
0.114442
0.0714515
-0.0672848
0.018274
0.0145871
-0.052998
-0.143716
-0.0753045
-0.12752
-0.107381
-0.148842
-0.111271
-0.0808025
-0.0287248
0.00261143
0.165163
0.0520103
0.124684
-0.0619349
-0.0648328
-0.088673
-0.0510596
-0.10493
-0.119979
-0.108219
-0.25726
-0.285619
-0.259302
-0.229777
-0.214019
-0.237513
-0.208608
-0.20591
-0.422794
-0.275988
-0.215522
-0.115042
-0.0304426
-0.678152
-0.451661
-0.171659
-0.226263
-0.232801
-0.267466
-0.259113
-0.305124
-0.102584
-0.0154424
0.119157
-0.138548
0.0217048
0.115226
-0.07797
-0.178302
0.190853
0.00877566
-0.098012
-0.102618
0.125346
-0.0077308
0.183636
-0.250922
-0.470771
-0.37788
-0.320174
-0.458318
-0.332306
-0.221686
0.00759774
0.110166
-0.00696494
0.16554
-0.161153
-0.200607
-0.194388
-0.112401
-0.170742
-0.159153
-0.188833
-0.216532
-0.223864
-0.171371
0.00634246
-0.188707
-0.169813
-0.267223
-0.12134
-0.08307
-0.0439345
0.154796
-0.0833711
-0.132156
-0.189822
-0.230044
-0.193423
-0.285176
-0.245049
-0.675532
-0.541365
-0.553181
-0.404735
-0.329627
-0.235389
-0.132761
-0.185329
-0.272566
-0.18464
-0.263426
-0.291575
-0.208478
-0.0788963
-0.221786
-0.261663
-0.259166
-0.145775
-0.0632402
0.0386189
0.204448
0.137908
0.0838139
-0.18851
-0.0686784
-0.139617
-0.169429
-0.182919
-0.112308
-0.0456479
-0.0958315
-0.326128
-0.488401
-0.26268
-0.223359
-0.161117
-0.225042
-0.11513
-0.169479
-0.125367
-0.175336
-0.0667786
-0.0182006
0.206575
0.205767
0.177484
0.0287192
0.00135455
-0.0878105
-0.682782
-0.375893
0.509159
0.0898834
-0.220141
-0.210888
-0.0509604
-0.236738
0.00535934
-0.0829552
-0.0568278
-0.205086
-0.189101
-0.0881902
0.0675591
-0.108813
0.0535671
-0.055137
0.142585
0.0239877
-0.0108775
0.0106065
0.213144
0.11021
-0.0194919
0.170542
0.116942
-0.082499
0.172598
0.234601
-0.0552641
-0.216064
-0.164378
-0.111161
-0.0754655
-0.0332631
-0.41098
-0.22598
-0.0211194
0.168276
0.226463
0.360816
0.410007
0.279117
0.335646
0.405127
0.226169
0.0566347
-0.0104538
-0.0895457
-0.102518
-0.269814
-0.282618
-0.294367
0.305276
0.0832405
-0.105622
-0.0880138
0.161068
0.160995
0.252566
-0.306119
0.0466104
-0.0125046
0.0582576
-0.138985
-0.145163
-0.00882022
0.202897
0.0739219
-0.0475418
0.098294
0.370304
0.324071
0.241565
0.0492257
-0.178334
-0.260502
-0.254559
-0.285501
-0.0150828
0.123644
0.23721
0.0467833
0.086525
0.208863
-0.162029
0.0928066
-0.179244
0.0721913
-0.181615
0.378315
-0.0127354
-0.115655
0.0536664
-0.0807155
0.126095
-0.272263
0.245099
-0.0711615
0.0360342
-0.148205
-0.0563726
0.144105
0.316782
0.0890586
0.0523932
-0.0212899
0.449767
0.289073
0.440808
0.0853857
0.248983
-0.00298049
0.24648
0.0472315
0.268589
-0.0239946
0.157815
0.0659586
0.199133
-0.183861
-0.131634
-0.325568
-0.00832538
-0.237007
0.00364271
-0.26362
0.0737578
-0.409757
-0.290138
-0.22778
-0.146969
0.356562
0.481044
0.433724
0.231291
0.142426
0.0934333
0.513464
0.124659
0.116458
0.179991
0.122548
0.157178
-0.169154
-0.0562088
-0.117117
-0.132836
-0.0279394
-0.244071
-0.104944
-0.0580648
0.197094
0.0214109
0.015041
0.0350291
0.0267865
0.000801631
0.00251599
0.133542
0.128749
0.159398
0.238885
0.0616757
0.0440134
0.0620962
0.0823752
-0.140735
-0.211744
-0.310872
-0.170017
-0.200192
-0.247317
-0.404359
-0.251531
-0.197068
-0.259085
-0.255186
-0.271069
-0.290625
-0.265826
-0.313776
-0.2153
-0.217724
-0.11958
-0.263948
-0.269245
-0.240723
-0.246128
-0.237603
-0.144622
-0.136106
0.0298825
0.113563
0.120751
0.0116459
-0.0931556
-0.178476
-0.172567
-0.110631
-0.130771
-0.126075
-0.0516504
-0.0663112
-0.0437192
-0.150537
-0.0908109
-0.0481672
0.0128989
-0.0359349
-0.0593112
-0.201443
-0.00645466
-0.0616145
0.00296338
-0.12828
-0.100719
-0.182122
-0.0752975
-0.0562928
-0.0709821
-0.144256
-0.181998
-0.224121
-0.24091
-0.222295
-0.102115
-0.1777
-0.150501
-0.132778
-0.0979287
-0.0225875
-0.0162883
-0.13787
-0.0274789
-0.1069
-0.0574897
-0.0728018
-0.123402
-0.0141502
-0.0451043
-0.111446
-0.0334058
-0.0818456
-0.108553
-0.156494
-0.0405382
0.0244861
0.0580676
0.0297825
0.117834
0.155173
0.213036
0.155397
0.0197641
-0.0523861
-0.0316296
-0.0297611
-0.176415
-0.00264443
0.113399
0.260108
0.111154
0.0957125
0.0177747
0.0293477
0.00912205
0.0442944
-0.0878047
0.00858488
-0.0839028
-0.119938
0.0344266
0.0569346
-0.0106167
0.0511895
0.0282956
-0.0395317
-0.0140945
-0.0711921
-0.0467691
0.0133016
0.0394824
0.138259
0.105451
0.113169
0.0844357
0.122852
0.0573661
0.0426963
-0.0397967
0.045825
-0.0356509
-0.0974454
0.0552628
0.12907
0.0514358
0.0855453
0.0967221
0.100207
-0.0310658
0.100116
0.00320033
0.130988
0.135115
0.25324
0.198562
0.187703
0.235694
0.0543344
-0.0427241
0.0532711
-0.00448344
0.101715
0.126261
0.237358
0.11022
0.107672
0.0841592
0.0650784
0.00195983
0.0441106
0.0826403
0.0334982
0.150207
0.241892
0.231634
0.154768
0.28921
0.0690126
-0.0316336
0.0599506
0.0261633
0.0848408
0.194951
0.0937391
0.112694
0.168794
0.190876
0.128416
0.184615
0.0569572
0.150413
0.0274141
0.284521
0.169756
0.314801
0.28195
0.034938
0.153462
0.0797469
0.0160216
0.109687
0.131243
0.172031
0.221826
0.143365
0.0929177
0.166379
0.0573806
0.202351
-0.0195808
0.0645331
0.0832627
0.271313
0.104932
0.131513
0.266286
0.0566803
0.0346698
0.00753467
-0.0521758
0.0443372
0.0676259
0.138552
0.180909
0.0934734
0.131032
0.0916583
-0.0127535
0.00742863
0.00325781
0.0507064
0.0539959
0.12135
0.207964
0.213845
0.19823
0.194215
0.0904269
0.0600618
0.0466372
0.0152666
0.0476383
0.106424
0.143761
0.154801
0.129876
0.042297
0.0533371
-0.000667918
-0.0310807
-0.086211
-0.110545
-0.0732121
0.0474039
0.118315
0.148223
0.123396
0.100265
0.0767812
-0.0439389
-0.0681206
-0.0900633
-0.115162
-0.0493957
-0.211321
0.277729
-0.152762
-0.0389125
0.0559876
0.0084642
-0.00451099
0.0643352
-0.143622
0.068786
-0.127026
0.025003
-0.0777916
-0.039787
-0.0137598
0.0485927
-0.027993
-0.152844
0.200657
-0.0198802
0.0993203
0.0861891
0.00488987
-0.0831188
-0.0400918
-0.112877
-0.0417168
0.046229
0.0302081
0.106116
0.0611048
0.0582272
0.0235714
-0.134701
0.145355
-0.0440162
0.126245
-0.0263543
0.0945578
-0.0948506
0.0854604
-0.0344282
-0.0419403
0.0142978
0.0911855
0.104163
0.097079
0.165243
0.109531
0.102531
0.0826872
0.0658972
-0.0583666
0.109711
0.000326504
-0.00988459
0.0564028
-0.00683616
-0.0497962
-0.0132483
-0.107802
0.0952282
-0.0373756
0.144299
0.139329
0.133048
0.130878
0.12827
0.0812414
0.13929
0.0862834
0.0552443
0.0666843
0.0280176
0.0311527
0.0225169
0.0233246
-0.00394143
-0.0996231
-0.0142003
-0.0152465
-0.0661087
-0.0598655
0.0353329
-0.0258681
-0.00911309
-0.0118598
0.00916361
0.0508656
0.0452258
-0.0248714
0.0197301
0.052784
0.0688808
-0.034255
0.0404309
0.0512662
0.0190981
0.0202257
0.0623989
0.0277873
0.0754219
0.00781475
0.0832043
0.0436923
-0.00526321
0.0157811
0.000700284
-0.00913985
-0.00427273
-0.00607499
-0.0464418
-0.013048
0.0179518
-0.00526597
-0.0261486
-0.0104214
-0.0530519
-0.0957979
-0.0757228
-0.0591654
0.0243522
0.0864477
-0.0356398
-0.127646
-0.160256
-0.0211052
-0.115085
-0.0736503
-0.0641592
-0.0210812
-0.187903
-0.132213
-0.0819837
-0.034203
-0.11182
-0.0351111
-0.17177
-0.13635
-0.0911184
-0.0732805
0.0267991
-0.0328367
-0.0151854
-0.0202735
-0.0570905
0.0312303
0.0476821
0.00256043
-0.0310565
-0.0321386
-0.0176905
-0.0475008
-0.00781574
-0.0178932
-0.0456672
-0.0123415
-0.121599
0.0751978
-0.0111293
0.00253132
0.0386546
-0.0844384
0.0461576
0.0157139
0.0106533
0.135225
0.0633556
-0.0583362
0.0949125
0.0274357
0.0251197
-0.0444495
-0.016613
0.118991
0.121104
0.0189716
0.157836
0.0613301
-0.0130184
-0.0686451
0.0366561
-0.0623717
0.0301147
0.0898868
0.084947
0.252292
0.150141
0.20198
0.122482
0.0353383
-0.0472481
-0.147203
-0.152307
0.0327592
0.281157
0.294905
0.165774
0.0533222
-0.0642023
-0.0533927
0.0403757
0.0563709
0.0548813
0.0826743
0.0739719
0.130893
0.168204
0.147308
0.127122
0.181426
0.182075
0.140457
0.0603597
0.0684767
0.112024
0.190029
0.20606
0.178956
0.0690845
0.00750496
-0.174847
-0.0699857
0.0942314
0.159127
0.326596
0.126505
-0.0615735
-0.0582788
-0.0955056
0.0467752
0.0296725
0.015792
-0.0147058
-0.0328444
-0.0701091
-0.121517
-0.0783024
-0.0365732
-0.0886971
0.0890663
-0.054499
-0.110413
0.173016
0.0281946
0.122936
-0.129681
-0.111594
-0.0990458
-0.13731
-0.0502105
0.124308
0.118087
0.190915
0.0841951
-0.104593
0.16475
0.283509
0.467016
0.0546668
0.0433703
-0.0288408
-0.00198089
0.195378
0.158105
0.473863
0.0287887
-0.0353974
-0.0946296
0.101202
0.0685492
0.371487
0.231724
0.291868
-0.159173
0.0140514
-0.189719
0.0038643
0.0246713
0.00514089
0.0566225
-0.0627171
-0.147397
0.277538
0.103207
-0.0635187
-0.1751
0.00806521
-0.0244142
0.123955
0.14937
0.0642534
0.110719
0.0146838
0.041818
-0.0500472
0.0990076
0.0747399
0.125111
0.00361858
0.0333329
-0.0352099
-0.377088
0.368021
-0.124347
0.137245
0.106225
0.0494766
-0.133254
-0.0500008
-0.0055247
0.0549677
0.00363255
-0.162735
-0.163804
-0.134778
0.0371527
-0.0546078
0.0570065
0.0934303
-0.0850065
-0.0230513
-0.276914
0.407519
0.503457
0.301393
-0.226069
0.0304295
0.0149537
0.179533
0.103631
-0.0170291
-0.0286303
0.0743471
0.0955797
0.00932736
-0.0529745
-0.460456
0.318074
0.393697
-0.191403
-0.0233335
0.00353883
0.0324285
0.25047
0.00451457
0.0224245
0.0759776
0.016952
0.081999
0.130128
0.165825
0.101928
0.139534
-0.0642127
-0.028598
-0.0153669
-0.034536
0.0629744
0.146234
0.00809051
0.0210165
-0.0308978
-0.0644362
0.0781583
0.0089541
-0.0104458
-0.0106845
-0.0694099
-0.035664
-0.0603473
0.0147368
-0.136864
-0.100267
0.00922877
-0.0531699
0.0116272
-0.046313
-0.211886
0.239678
0.41548
0.105612
-0.088192
-0.167045
-0.109641
0.0687773
0.0976564
0.128366
0.183489
0.0492103
0.0281133
0.146144
0.00272756
0.0997985
0.0818485
0.00935451
0.0437115
-0.0404019
0.0529201
0.0653626
0.103733
0.0415836
-0.105188
-0.00622023
-0.0414041
-0.0106326
0.233395
-0.177344
0.322007
0.0418887
0.163652
-0.154179
-0.10956
-0.118911
0.0439175
-0.198429
0.0761577
-0.00538104
0.106063
0.139008
0.137364
0.098843
0.165048
0.0259805
0.0607224
0.0404694
0.0964324
0.118878
0.0617558
0.0651516
0.0916606
0.208958
0.0858746
-0.0217914
0.017975
0.00826867
-0.0553027
0.127469
0.00959677
0.016478
0.00674908
0.00795814
-0.0508377
-0.0217795
-0.0303239
-0.0234368
-0.0323545
-0.0489526
-0.0448501
0.00912187
0.0220046
0.0304047
0.095391
0.0700612
0.0348033
0.0690754
-0.0422166
-0.114564
-0.00912961
0.00396782
0.00716505
0.0852379
-0.00139382
-0.0270463
-0.0534265
-0.0467699
-0.00271107
-0.0129655
0.00136215
0.00886541
-0.0376041
0.0158949
0.0191572
0.0315392
-0.0109741
0.00967253
-0.0342902
0.00657219
0.03827
0.0275961
0.0121173
0.0268562
0.0264184
0.0259838
0.0203146
0.058763
0.0592952
0.0494171
0.0407792
-0.0130892
-0.0813624
-0.0583763
-0.0451413
-0.0374453
0.00396988
0.0179914
0.0198571
0.0196731
0.00344747
0.0174941
0.00637494
0.0269777
0.0294352
0.0220854
-0.00309359
-0.00198673
-0.0281196
-0.0366068
-0.0836569
-0.0647407
-0.0768724
-0.0860408
-0.0771708
-0.0444883
0.003035
0.0378084
0.0638791
0.0959541
0.0828191
0.0658611
0.0175845
-0.0133689
-0.028113
-0.0819477
-0.0811802
-0.0443355
-0.020984
-9.74337e-005
0.00381408
-0.0477757
-0.0788712
-0.0852489
-0.0929529
-0.0316343
-0.00399079
0.0125065
-0.00137114
-0.0359013
-0.0779397
-0.0705753
-0.0657769
-0.0320833
-0.0584843
-0.035143
-0.0729742
-0.0780368
-0.0566751
-0.0382391
-0.00129281
-0.0110852
-0.0725199
-0.0790556
-0.0763686
-0.0311578
-0.029179
-0.0389077
-0.0531813
-0.0192868
-0.00815994
0.0379075
0.0377831
0.0102762
0.0106254
0.00344855
-0.0198593
-0.0308717
-0.0553366
-0.0419608
0.0184378
0.0348556
-0.014915
-0.0434629
-0.0322508
-0.0345948
-0.0613617
-0.071731
-0.10576
-0.133397
-0.135898
-0.153467
-0.113561
-0.0883247
-0.0822338
-0.0656347
-0.058004
-0.0241068
-0.0607776
-0.111927
-0.0569158
-0.0389355
0.0662404
0.114958
0.0852334
0.105617
0.0508393
-0.0216959
0.000432993
-0.027598
0.0442027
0.0868551
0.0541386
0.0588445
0.095258
0.0417937
0.0729882
0.0469466
0.0469195
0.0063393
0.0332701
0.0857598
0.101107
-0.0108794
-0.042847
-0.138371
-0.141777
-0.201453
-0.172841
-0.143458
-0.123683
-0.110431
-0.0648827
-0.0492263
-0.164274
-0.114605
-0.129193
-0.0742728
-0.0498721
-0.0950203
-0.0314323
0.0367918
0.0413404
0.0283092
-0.0413664
-0.0741616
-0.0292355
-0.0704969
-0.0321483
-0.000641325
-0.00451281
-0.0421042
-0.0814793
-0.112809
-0.0683912
-0.0745904
-0.121114
-0.0758093
-0.051665
-0.0419332
-0.151967
-0.123156
-0.176829
-0.128934
-0.0853017
-0.1425
-0.0788834
-0.020307
-0.00192135
0.0421373
0.0680821
0.075041
0.0967412
0.100188
0.178092
0.0862879
0.0160059
0.0498097
0.15596
0.0620454
-0.0998168
-0.0827533
-0.0603571
-0.215423
-0.283156
-0.302627
-0.282036
-0.314817
-0.210408
-0.210429
-0.111482
-0.136469
-0.156723
-0.0540474
-0.0682318
-0.119766
-0.0967569
-0.298393
-0.594936
0.188982
0.175789
0.0396682
-0.0267117
0.0183666
-0.11319
0.0669828
-0.0981601
-0.198873
-0.105861
-0.050228
-0.183019
-0.123366
-0.0142723
-0.0793809
-0.0357382
0.050635
0.0791548
0.023328
-0.067807
-0.0657596
-0.00279858
-0.135816
0.0485246
0.0490828
0.0381579
-0.0251213
0.0745746
-0.137361
-0.179195
-0.174416
-0.0661836
-0.107338
-0.0592398
-0.111409
-0.0973622
-0.104716
0.00769512
-0.0195557
0.0123428
-0.00833665
0.142011
0.130657
0.0536136
0.0707119
0.0817992
-0.00840564
-0.039637
0.0312875
0.00625136
0.0103448
-0.066877
-0.106053
-0.324609
-0.277137
-0.164141
-0.0823651
0.00702782
0.172559
0.0338514
0.265399
0.0827036
0.208385
0.165422
0.0929269
0.154269
-0.0363182
-0.00205769
0.0426646
-0.12213
-0.066838
-0.0708687
-0.0534146
-0.228666
-0.170406
-0.131353
0.00265102
0.131996
0.129874
0.114367
0.150075
0.0622967
0.0240709
-0.153724
-0.0144291
-0.035707
0.0141652
0.110547
0.016393
0.0607068
0.0417789
0.129418
0.234138
0.165395
0.209231
0.144888
0.25797
0.230039
0.0798165
0.0532135
0.117017
-0.0273801
0.176927
0.138163
0.0805839
0.111381
0.0624506
0.0275587
0.0627031
0.0137461
0.045255
0.00106121
0.0631653
0.0400943
0.0926366
0.1156
0.0193979
0.136939
0.0664005
0.170699
0.255297
0.16169
0.257156
0.367591
0.27444
0.300674
0.147645
0.0320224
0.0655973
0.0117821
-0.0446667
0.109602
0.0464249
0.0461177
0.0251733
0.0497681
0.0843054
0.0647971
0.184016
0.0600043
0.163683
0.181989
0.16905
-0.0402564
-0.0147885
-0.155878
-0.0100426
-0.00368822
0.159937
0.0571523
0.129661
-0.00938745
-0.033646
0.0827567
-0.0105492
-0.0100459
0.137803
0.116168
0.0844156
0.125373
0.0823123
0.016296
0.0580778
0.0561057
0.00724736
0.00143105
-0.00768305
0.0574729
-0.00270877
0.0689016
0.0979539
0.0549188
0.0600686
0.0698957
0.228933
0.206398
0.289947
0.273389
0.191892
0.150342
0.163357
0.108613
0.0951404
0.133839
0.0431853
0.0571759
0.095748
0.141396
0.107065
0.193075
0.206212
0.208032
0.214791
0.109918
0.22432
0.162469
0.199725
0.161065
0.10156
0.154019
0.0859919
0.0837375
0.0421347
0.0444601
0.0757079
0.109182
0.0465987
0.0463806
-0.0228837
0.0208173
0.0126563
0.0217021
0.00523744
-0.0755987
0.00487482
-0.0950586
-0.04762
-0.086381
-0.00149158
-0.00321833
-0.0558787
-0.0639778
-0.0213041
-0.080157
0.0200047
-0.0164009
0.0119423
0.0530497
0.0513812
0.0695269
0.0350318
-0.00185857
-0.0242965
-0.0147162
-0.0409428
-0.00490223
-0.0405978
-0.00702595
-0.0607778
-0.04763
-0.0832262
-0.0409161
-0.0550442
-0.0254492
-0.0432345
-0.0419332
-0.057604
-0.0641098
-0.0669566
-0.0203775
-0.0186276
0.00107562
-0.0030281
-0.0082934
0.0134563
-0.00831924
-0.00145002
-0.0133551
-0.030674
-0.00707468
-0.00916913
-0.00365706
-0.000211489
-0.0187574
-0.0343716
-0.0590215
-0.0591077
-0.0503561
-0.0612998
-0.0313904
-0.0162358
-0.0300274
-0.0155157
-0.0112118
-0.0418262
-0.0240186
-0.0331427
-0.0404089
-0.0214795
-0.0244488
-0.0188539
-0.0159092
-0.0142956
-0.0141379
-0.0149113
-0.0262122
-0.0410487
-0.0299546
-0.0314138
-0.0228244
-0.0291973
-0.0374338
-0.0477114
-0.0424331
-0.0265558
-0.0210181
-0.0126743
-0.0142761
-0.00553628
-0.0118997
-0.000737694
-0.000135472
0.00624679
0.0102957
0.00834143
0.0149622
-0.00507904
-0.00873375
-0.0058876
-0.00590905
0.00302592
-0.000804419
-0.00372923
-0.00322567
-0.00446283
-0.00410612
-0.0197096
-0.0155391
-0.0167444
-0.0246219
-0.00755996
-0.0062176
-0.00572298
-0.00388115
-0.0106326
-0.0134513
-0.0161639
-0.0139418
-0.013818
-0.0107601
-0.00143175
-0.0118924
-0.010153
-0.0179076
-0.0150633
-0.00376387
-0.0122589
-0.00745023
-0.0160597
-0.00156584
-0.025876
-0.0085638
0.00481748
-0.0165467
-0.00220504
-0.0101652
-0.0255311
-0.00233262
-0.0197521
-0.0179223
-0.00624645
-0.0186607
-0.00491783
-0.00576769
-0.00466127
-0.00206896
-0.00772955
-0.0064926
-0.0110488
-0.00710176
-0.00208521
0.00738958
0.00086762
0.00144944
-0.0148504
-0.0103356
-0.0059057
-0.00600999
-0.00271726
-0.00233533
-0.00372621
-0.0133071
0.00121705
-0.0151183
0.0115062
-0.0070216
-0.00860738
-0.00408108
-0.00776097
-0.00275239
-0.010226
0.000211727
-0.012194
0.00474618
-0.0134309
-0.0129501
-0.0140345
-0.0146594
-0.00557789
-0.00533411
-0.00422497
-0.00214235
-0.0134182
-0.00239904
-0.012705
-0.00472406
-0.0201972
-0.0150463
-0.018864
-0.0104927
-0.0131845
0.00633111
-0.000906443
0.00252862
-0.000165494
-0.00434688
-0.0113313
0.00190477
-0.00261062
0.00154459
-0.00387068
-0.00497182
-0.0139341
-0.00792101
-0.00777267
0.000314586
-0.0141635
-0.000268131
-0.0309728
-0.00231768
0.00367257
-0.0313383
0.00207533
-0.0161127
-0.0296764
-0.00222999
-0.0092236
-0.0386376
0.0092937
0.000610281
-0.0448907
0.0112756
-0.00809423
-0.0304291
0.0112881
-0.0014749
-0.032892
0.0159333
0.0100705
-0.0357108
0.0231991
0.00998097
-0.0341007
0.00892995
-0.00698084
-0.0338656
-0.00128641
-0.00772291
-0.0424774
0.00302053
-0.00194747
-0.0497246
-0.0305164
-0.0197694
-0.0591948
-0.0187297
-0.00736274
-0.0573647
-0.0326085
-0.0124217
-0.0536898
-0.0163659
0.00897305
-0.0565028
-0.0100932
0.00506539
-0.0633735
-0.0108059
0.00187381
-0.0466788
-0.00785897
-0.000828788
-0.0614098
-0.00895945
0.00890272
-0.0619324
-0.00795565
0.000299067
-0.0647976
-0.0136285
0.000783586
-0.0831129
-0.0145975
0.0017829
-0.0695902
-0.0111655
0.00309151
-0.0783468
0.000883956
0.0180902
-0.068145
0.0285441
0.0265815
-0.0733154
0.0188712
-0.00943977
-0.0858775
0.0241746
-0.00149153
-0.0927678
0.0297351
-0.011791
-0.108728
-0.0154956
-0.0297313
-0.107142
-0.0147727
-0.0230089
-0.111542
-0.0227112
-0.0231841
-0.101459
0.0103229
-0.0127815
-0.09573
0.0259942
0.00476992
-0.0794957
0.0232841
-0.017343
-0.0885174
0.0115962
-0.0422139
-0.0880348
0.00494648
-0.032742
-0.0966226
-0.0105733
-0.0253181
-0.0929708
-0.00810093
-0.0224822
-0.0923803
0.0102537
-0.0046327
-0.09375
-0.00513072
-0.0191829
-0.074194
-0.0247847
-0.0138004
-0.0916337
-0.0468044
-0.019045
-0.0891587
-0.051264
-0.000236777
-0.0953049
-0.0604588
0.0206816
-0.109494
-0.0575365
0.0256548
-0.101754
-0.0549111
0.0438454
-0.101894
-0.0574948
0.0525759
-0.102383
-0.0579067
0.0299547
-0.0991763
-0.0658828
0.0164247
-0.118844
-0.0904673
0.0149297
-0.11001
-0.107059
0.00662235
-0.10532
-0.0853581
0.0306531
-0.105892
-0.0580618
0.0622376
-0.0746721
-0.0463764
0.0550891
-0.0918489
-0.0528599
0.0577809
-0.0805472
-0.0516732
0.0582704
-0.101319
-0.077317
0.0690588
-0.0900108
-0.0693644
0.0723813
-0.0740269
-0.0666656
0.0754313
-0.0915762
-0.070805
0.0767917
-0.0477518
-0.076768
0.0387437
-0.0850798
-0.0383851
-0.0819912
-0.0383467
-0.0629195
-0.0126307
-0.0565525
-0.0122256
-0.051473
-0.0287451
-0.0447149
-0.0165279
-0.0339149
0.0107421
-0.0190572
0.0130703
-0.0276645
-0.011129
-0.0491448
-0.0186427
-0.0464498
-0.0202442
-0.0376545
-0.0150846
-0.0436692
-0.0176502
-0.0355424
-0.00876887
-0.0184568
-0.00682626
-0.0196798
0.000900043
-0.00295451
-0.00644826
-0.0181818
-0.037154
-0.0361657
-0.0283563
-0.0176335
-0.00992623
-0.020583
-0.0159337
-0.00569427
-0.00440622
0.0111269
-0.0195245
0.0137981
-0.0328044
-0.0234055
-0.0411124
-0.0103651
-0.054516
-0.0244822
-0.0642056
-0.0609919
-0.076359
-0.0330998
-0.050594
-0.0204369
-0.0551128
-0.0393322
-0.070565
-0.0177238
-0.0362981
0.000571413
-0.0435605
-0.0185669
-0.0598686
-0.0188068
-0.0549559
-0.0330909
-0.0781914
-0.0407033
-0.0659021
-0.00740321
-0.0362878
-0.00211115
-0.0361274
-0.00296059
-0.0402121
-0.00837753
-0.0301285
-0.0123216
-0.045565
-0.0182614
-0.0703157
-0.0341525
-0.0686776
-0.0359269
-0.0578768
-0.0176958
-0.0528773
-0.00204622
-0.0401853
-0.00772001
-0.0294647
-0.0172073
-0.0368894
-0.0176831
-0.0392368
-0.0319567
-0.027401
-0.0374993
-0.0334664
-0.0448592
-0.0350796
-0.0268021
-0.0193726
0.00147159
0.00621986
-0.00334154
0.0140884
0.00593539
0.0570935
0.00833328
0.0445426
-0.0156259
0.0191965
-0.0256785
0.0121923
-0.0350155
0.023299
-0.0437393
-0.00251935
-0.0488633
-0.0077946
-0.0300834
0.00992738
-0.0368294
0.0164682
-0.0251167
0.0226992
0.00216513
0.0313274
-0.000207796
0.0437676
-0.0310499
0.0265379
-0.0259757
0.020139
-0.0271934
0.0177999
-0.00756824
0.0209768
0.0144301
0.0212634
-0.00633223
0.0197765
-0.00918042
0.000324868
-0.00329653
-0.0185777
-0.00796914
-0.0194421
-0.0107989
-0.0133177
-0.00293256
0.000219668
0.00934955
0.017364
0.0251795
0.0183717
0.0149649
0.0123697
0.00453843
0.00695142
-0.0104623
-0.00633472
-0.0131838
0.00153104
-0.0106016
0.00373283
-0.0159035
-0.000699256
-0.00483763
0.0181191
0.0248985
0.0280469
0.0144521
-0.028462
-0.0298102
-0.0231209
0.00822568
0.0460904
0.00373538
0.01168
-0.0266452
-0.0183034
-0.0285832
-0.0388952
-0.0390702
-0.0277114
0.0227438
0.00743167
-0.00821552
-0.0274759
-0.00950908
-0.0182181
0.0189757
0.00785401
0.0517489
0.016129
-0.0291286
-0.00875485
-0.0466133
0.00725351
0.060885
-0.023843
0.0277398
0.0147918
-0.0580942
-0.065163
-0.0296714
-0.0298385
0.109472
0.0358237
-0.0470328
0.0228149
-0.025885
-0.086683
0.0598058
-0.0213255
-0.0489092
0.0269853
-0.0322616
-0.00241354
-0.0888195
-0.0114309
-0.0276793
0.0854234
0.0485523
-0.036869
0.0394813
-0.0281874
-0.0545615
-0.0369403
-0.0317017
0.0861891
0.00505647
0.0594833
0.036565
0.0419406
0.0579055
-0.0266153
-0.0232129
-0.0452186
-0.0607804
0.0232855
0.0275354
-0.018108
-0.0111282
-0.084812
-0.045026
0.0144209
0.0266869
0.0524622
0.0028845
-0.0168343
-0.0738566
-0.0173046
-0.00759432
0.0146294
0.0562162
0.0109413
-0.0691415
-0.0443205
-0.0150983
-0.0407155
0.0387685
0.0362644
-0.00825559
0.0487422
0.0293613
-0.0116057
0.0423754
0.0194072
0.0160865
0.0313802
-0.0104616
-0.0447887
-0.0460549
-0.0466879
-0.0816644
-0.0306771
-0.00527109
-0.00834506
0.0652971
0.0461857
-0.0293539
-0.00595314
-0.00836727
-0.0161219
0.0369128
0.0158524
-0.0412556
-0.0166597
-0.00576423
-0.0411918
0.0517097
0.0410326
0.0225756
0.0662689
0.0158434
-0.0401674
-0.0285797
-0.0270388
-0.0549699
0.0214883
0.025303
0.0133734
0.0654339
0.00158187
-0.012259
-0.0212227
-0.0506279
-0.0862048
-0.0294054
-0.0135954
0.0428175
0.0336011
-0.00244529
-0.0386104
-0.0424381
-0.0196299
-0.0106857
0.0429659
0.038868
-0.030562
-0.0109451
-0.0191261
-0.0511108
0.0221344
0.013909
-0.0158264
0.0356462
0.0281217
0.0229393
-0.00345694
0.00935637
0.0336455
0.0447019
-0.0273267
-0.0034492
0.0199889
0.015546
-0.0210744
0.00364859
0.00914288
0.0172609
-0.0278279
-0.0229877
-0.00951799
-0.00634909
-0.0292972
-0.018187
-0.00645341
-0.0183711
-0.0279439
-0.00676829
0.00202589
0.0165122
-0.0145407
-0.00308014
0.0127297
0.0112406
-0.0123112
-0.00135438
0.0100229
0.0105171
0.00155329
0.0026857
0.00965608
0.00240999
-0.010857
-0.0254448
-0.012344
-0.0131882
-0.0317476
-0.0211595
-0.00103101
0.00929881
-0.0160096
-0.0253289
0.00180387
0.0126224
-0.0104849
-0.0185701
-0.00422675
0.00668646
-0.000741979
-0.0402147
-0.0479225
-0.00494503
0.0161458
0.0258988
-0.0143183
-0.0265684
-0.00177146
0.015885
0.0201225
-0.0129538
-0.0211604
0.00387771
0.0221502
0.0125197
-0.0341996
-0.049173
-0.015036
0.0206828
0.0163094
-0.02451
-0.037393
0.00167386
0.0157736
0.0169269
-0.0418123
-0.0567747
-0.0330739
-0.012234
0.00871331
0.00101629
0.0172449
0.0514542
0.0133691
-0.0220024
-0.0320517
-0.0655088
-0.0678286
-0.0201847
0.00397547
0.032271
0.00641845
-0.0293875
-0.0361076
-0.0174652
0.0117212
0.0178939
0.00505184
-0.0162985
-0.00107114
0.0574673
-0.013475
-0.0289087
-0.0419939
-0.0711507
-0.0360155
-0.0227799
0.0222813
0.03704
0.00929803
-0.013403
-0.0271645
-0.0519823
-0.0271171
0.0213055
0.0235306
0.0135039
-0.00760251
-0.0429077
-0.0696866
-0.0505715
-0.00731771
0.0126202
0.00527862
-0.00505436
-0.0141292
-0.0420596
-0.0499371
-0.0466315
0.0144171
0.0162872
0.00197813
-0.00516762
-0.0278622
-0.0338027
-0.0494139
-0.0504202
-0.00164193
0.00501666
0.00381062
-0.00321884
-0.0175825
-0.0124006
-0.0319726
-0.04573
-0.0291609
0.0081849
0.0212158
0.0108139
-0.00211256
-0.00958814
-0.0150141
-0.0156136
-0.0255838
-0.0185648
-0.0216727
0.0185144
0.0214859
0.006529
-0.00934312
-0.0180705
-0.0264379
-0.0203217
-0.0294966
-0.0234879
-0.0237006
-0.0361367
0.0034326
0.00528324
0.00393421
0.00122042
-0.00947009
-0.0179618
-0.0198199
-0.0210286
-0.0152433
-0.0168251
-0.00940168
-0.0273897
0.0258512
-0.000800769
-0.0248623
-0.0196617
-0.0378822
-0.0224992
-0.0113427
-0.0150298
-0.0070233
-0.00383214
-0.0170985
-0.0112105
-0.0124229
-0.0179142
-0.0318348
0.0183413
-0.0035343
-0.0086685
-0.0108224
-0.0346885
-0.0168596
-0.0167391
-0.0177346
-0.00875183
-0.0156161
-0.0194227
-0.0115786
-0.0155126
-0.0136732
-0.0169856
-0.0163585
-0.0138932
-0.0158376
-0.023505
-0.0252929
-0.0486691
-0.00076656
0.00651676
-0.00111494
-0.00330741
-0.0178102
-0.0194155
-0.0175992
-0.0194332
-0.015851
-0.0151111
-0.0210239
-0.0145035
-0.0158778
-0.0180779
-0.0158664
-0.0167271
-0.0126834
-0.00936228
-0.018799
-0.0185536
-0.0217177
-0.0152147
-0.0110437
-0.0126516
-0.0153609
-0.0165728
-0.0157224
-0.0187699
-0.0334342
-0.0340094
-0.0502378
-0.0140141
0.00198178
0.00160621
0.000243252
-0.0155838
-0.013742
-0.0105772
-0.0189156
-0.0127648
-0.0174371
-0.0154724
-0.0158419
-0.0188104
-0.012782
-0.0151083
-0.0167379
-0.00887138
-0.0161181
-0.0136544
-0.0195447
-0.0180705
-0.0087284
-0.0165971
-0.0136513
-0.0142621
-0.0156052
-0.0136415
-0.014643
-0.0139002
-0.0170918
-0.0138916
-0.0161034
-0.0168408
-0.0119367
-0.0212693
-0.0126817
-0.0131541
-0.0146353
-0.0151158
-0.017573
-0.011687
-0.0146514
-0.0136805
-0.0129427
-0.0199356
-0.0156352
-0.0172298
-0.016754
-0.0124361
-0.0172331
-0.0171006
-0.0134208
-0.0153966
-0.0120653
-0.0162497
-0.0159981
-0.0166114
-0.00863589
-0.0137986
-0.0179799
-0.0152722
-0.0175939
-0.01048
-0.0153887
-0.0170041
-0.0119472
-0.0188274
-0.014991
-0.0114473
-0.0164889
-0.0131607
-0.0154899
-0.0115563
-0.00972216
-0.0149954
-0.0151196
-0.0138929
-0.0156256
-0.0157483
-0.0108439
-0.0121828
-0.0151269
-0.0135216
-0.0159812
-0.0142766
-0.0136438
-0.0169672
-0.0124123
-0.0109461
-0.0162451
-0.0162342
-0.0158623
-0.013894
-0.0148849
-0.0129177
-0.013655
-0.0124233
-0.016101
-0.0152483
-0.0152442
-0.0135303
-0.0127977
-0.0129128
-0.0157349
-0.0129127
-0.0142622
-0.0159783
-0.0145111
-0.0121781
-0.0143917
-0.0139046
-0.0178419
-0.0172136
-0.0176965
-0.0137732
-0.0126612
-0.0139017
-0.0135168
-0.0142617
-0.0136473
-0.0146313
-0.0184559
-0.0184559
-0.0170904
-0.0200419
-0.0100904
-0.0169711
-0.0145249
-0.0143912
-0.0158606
-0.0148691
-0.012917
-0.0148686
-0.0143835
-0.015124
-0.0151293
-0.0129182
-0.0188143
-0.0109608
-0.0127897
-0.0164673
-0.00960833
-0.0157461
-0.0169679
-0.0158545
-0.0166021
-0.0138925
-0.0163278
-0.0165817
-0.0143684
-0.0165783
-0.012526
-0.0148715
-0.0121672
-0.0146038
-0.0152248
-0.0138696
-0.0168309
-0.0139945
-0.0169508
-0.015346
-0.0135067
-0.0142585
-0.0116715
-0.0165807
-0.0154674
-0.0124023
-0.0148664
-0.0111735
-0.0152313
-0.0162075
-0.0152167
-0.0178865
-0.0125953
-0.0164081
-0.01398
-0.0112567
-0.0176458
-0.00904587
-0.0201015
-0.0159245
-0.0106331
-0.0182623
-0.00905237
-0.0154348
-0.0182627
-0.0130978
-0.0156881
-0.0115161
-0.0180219
-0.0165389
-0.0108848
-0.0126072
-0.013717
-0.0175258
-0.0178879
-0.0154268
-0.0137165
-0.00917513
-0.0160618
-0.0123725
-0.0165402
-0.0188812
-0.0103992
-0.0155708
-0.013835
-0.0139537
-0.014095
-0.0107674
-0.0187536
-0.0161781
-0.0178857
-0.0144592
-0.0110096
-0.0187511
-0.0151947
-0.017149
-0.0129787
-0.013216
-0.0176521
-0.0159228
-0.0175269
-0.0160482
-0.0122415
-0.0175306
-0.0114971
-0.0186253
-0.0133402
-0.0117497
-0.014579
-0.0143311
-0.0189859
-0.0150673
-0.0168981
-0.0163007
-0.0106488
-0.0181361
-0.0151807
-0.0148184
-0.0122405
-0.0144542
-0.0169071
-0.0116251
-0.013951
-0.0123723
-0.0135904
-0.0186425
-0.0140843
-0.0165342
-0.0119953
-0.0145563
-0.0172672
-0.0116032
-0.0145458
-0.0166416
-0.012828
-0.0167755
-0.0113604
-0.016886
-0.0162835
-0.0145572
-0.0144365
-0.0122267
-0.0185905
-0.0161562
-0.015538
-0.0184867
-0.0116009
-0.0186059
-0.0129653
-0.0118534
-0.0177568
-0.0160224
-0.0168882
-0.0129592
-0.0152946
-0.0203651
-0.0152102
-0.0145999
-0.0114106
-0.0120202
-0.0148346
-0.0131235
-0.0187677
-0.013976
-0.016435
-0.0168001
-0.0169228
-0.0148394
-0.0143514
-0.0106792
-0.0208706
-0.0174144
-0.0149618
-0.0161902
-0.0132575
-0.0141092
-0.0137355
-0.0213425
-0.0155697
-0.0142346
-0.0154593
-0.0139962
-0.0142546
-0.0112946
-0.0168188
-0.0160908
-0.013021
-0.0196447
-0.0137627
-0.010685
-0.0202612
-0.0122879
-0.0157122
-0.0158567
-0.0128891
-0.0125313
-0.01658
-0.0176817
-0.0168274
-0.00946269
-0.0174365
-0.0142417
-0.0089697
-0.0128956
-0.012774
-0.0157246
-0.0148545
-0.0180507
-0.0145981
-0.0137514
-0.0135178
-0.0124086
-0.0135107
-0.015222
-0.0150954
-0.0158461
-0.0114284
-0.0173128
-0.0175667
-0.0105604
-0.0154765
-0.0127747
-0.0163433
-0.0135179
-0.0131359
-0.0192862
-0.00993918
-0.0179195
-0.0173272
-0.0142379
-0.0195249
-0.00981977
-0.0182911
-0.0113246
-0.0169596
-0.0195513
-0.00947646
-0.0188151
-0.0157414
-0.0116769
-0.0205376
-0.0125442
-0.0205327
-0.0107026
-0.0170835
-0.0189441
-0.0135256
-0.0173407
-0.0158682
-0.0156084
-0.0164756
-0.0119296
-0.0183126
-0.0153661
-0.0125329
-0.0151391
-0.012675
-0.0200414
-0.0146367
-0.0174798
-0.0108443
-0.00813987
-0.019206
-0.0119444
-0.015142
-0.0156457
-0.0110841
-0.0193254
-0.0180936
-0.0139181
-0.0131874
-0.0110953
-0.0204273
-0.0152648
-0.0164879
-0.0112172
-0.00999141
-0.0150285
-0.017465
-0.0175958
-0.010603
-0.015883
-0.0180915
-0.0109753
-0.0169827
-0.0141671
-0.015271
-0.0168688
-0.0124529
-0.0182037
-0.0134354
-0.0129307
-0.0149042
-0.0125657
-0.0187125
-0.0151417
-0.0151464
-0.0156405
-0.010365
-0.0187078
-0.0120751
-0.0156314
-0.01847
-0.0120775
-0.0187037
-0.0131739
-0.0151521
-0.0146637
-0.0191915
-0.0171056
-0.0161322
-0.0120537
-0.0166074
-0.0143919
-0.0146421
-0.0114392
-0.0159766
-0.0182048
-0.0140151
-0.0142771
-0.014515
-0.0140206
-0.0181994
-0.0164795
-0.0164663
-0.0127936
-0.0154965
-0.0190597
-0.0146345
-0.00922803
-0.011196
-0.0167301
-0.0147561
-0.0148705
-0.0151193
-0.0197868
-0.0148823
-0.0163802
-0.0161218
-0.0167339
-0.0144062
-0.0115892
-0.0131843
-0.0164996
-0.0169788
-0.0150255
-0.0159999
-0.0136674
-0.0183376
-0.0147752
-0.0135417
-0.0136761
-0.0157666
-0.015145
-0.0158779
-0.0176017
-0.0105976
-0.0145259
-0.0178479
-0.0178487
-0.0131768
-0.0121992
-0.014787
-0.0110931
-0.0167323
-0.017841
-0.0141526
-0.0134378
-0.0136758
-0.018212
-0.0141624
-0.0142802
-0.0151497
-0.0107304
-0.017839
-0.0191925
-0.0146554
-0.0140382
-0.0135516
-0.0162558
-0.0145311
-0.0114681
-0.014543
-0.0121964
-0.0158801
-0.0164858
-0.0152509
-0.0168677
-0.013561
-0.0173588
-0.0137928
-0.0146493
-0.0179785
-0.0135482
-0.0200452
-0.0139186
-0.0129295
-0.0139194
-0.0132986
-0.016008
-0.0131868
-0.0121934
-0.0158858
-0.0115902
-0.0198101
-0.0129424
-0.0162567
-0.0192125
-0.0114458
-0.0182143
-0.0141623
-0.011572
-0.0133146
-0.0107301
-0.0207963
-0.0155092
-0.0146531
-0.0169928
-0.0132959
-0.0179701
-0.0195649
-0.0139024
-0.0107329
-0.0133126
-0.016006
-0.0146513
-0.0177175
-0.0115942
-0.0151457
-0.0156396
-0.0110958
-0.0139133
-0.0139274
-0.0138021
-0.0184704
-0.0153903
-0.0172225
-0.0129381
-0.0140386
-0.0146626
-0.0118257
-0.0171283
-0.015662
-0.0145483
-0.0200873
-0.00964153
-0.0194539
-0.017386
-0.0132008
-0.0160229
-0.0162746
-0.0157762
-0.0151667
-0.0142974
-0.0187435
-0.0118513
-0.0197093
-0.0109879
-0.0156554
-0.0152937
-0.0134418
-0.0127148
-0.0107427
-0.0146784
-0.0168837
-0.0145455
-0.0149103
-0.0126945
-0.0162466
-0.0139224
-0.0113366
-0.0198147
-0.015271
-0.0139083
-0.0194421
-0.0137938
-0.0184573
-0.0144008
-0.0156443
-0.0153984
-0.014896
-0.0132898
-0.0144083
-0.0138022
-0.0137925
-0.0150307
-0.0167468
-0.0158815
-0.0150284
-0.0160055
-0.0137971
-0.0152628
-0.016987
-0.0130817
-0.0144313
-0.013447
-0.0147851
-0.0145541
-0.0098932
-0.016645
-0.0174996
-0.0163954
-0.0173699
-0.014177
-0.0117363
-0.0140625
-0.0149214
-0.0130719
-0.0128353
-0.0179904
-0.0150464
-0.015771
-0.0139312
-0.0117256
-0.0186023
-0.013699
-0.0148
-0.0159047
-0.0124568
-0.0152644
-0.0112145
-0.0146572
-0.0165026
-0.0129348
-0.0174756
-0.0146538
-0.0136689
-0.0151457
-0.0161386
-0.0142981
-0.0157555
-0.0185735
-0.0134432
-0.0137766
-0.0158775
-0.0125641
-0.0157514
-0.0156386
-0.0128159
-0.0152709
-0.015394
-0.0151483
-0.0120884
-0.0139076
-0.0155234
-0.013545
-0.019325
-0.0157586
-0.0128127
-0.0150252
-0.0140511
-0.0169853
-0.010978
-0.0148872
-0.015029
-0.0131748
-0.0177198
-0.0164889
-0.0130586
-0.019447
-0.0101046
-0.0198104
-0.015028
-0.0156399
-0.0125806
-0.0133071
-0.0195614
-0.0147704
-0.0147706
-0.014532
-0.0124398
-0.0168724
-0.0141574
-0.0112127
-0.0126949
-0.0103512
-0.0196937
-0.0138033
-0.0118395
-0.0128205
-0.0153919
-0.015396
-0.017726
-0.0151513
-0.0151492
-0.014773
-0.0156493
-0.0136708
-0.0128132
-0.0150207
-0.0144104
-0.0183397
-0.0168661
-0.0137908
-0.0150336
-0.0152719
-0.0121984
-0.019797
-0.0158599
-0.0169674
-0.0135321
0
0
0
0
0
0
0
0
0
0
0
0
0
0
0
0
0
0
0
0
0
0
0
0
0
0
0
0
0
0
0
0
0
0
0
0
0
0
0
0
0
0
0
0
0
0
0
0
0
0
0
0
0
0
0
0
0
0
0
0
0
0
0
0
0
0
0
0
0
0
0
0
0
0
0
0
0
0
0
0
0
0
0
0
0
0
0
0
0
0
0
0
0
0
0
0
0
0
0
0
0
0
0
0
0
0
0
0
0
0
0
0
0
0
0
0
0
0
0
0
0
0
0
0
0
0
0
0
0
0
0
0
0
0
0
0
0
0
0
0
0
0
0
0
0
0
0
0
0
0
0
0
0
0
0
0
0
0
0
0
0
0
0
0
0
0
0
0
0
0
0
0
0
0
0
0
0
0
0
0
0
0
0
0
0
0
0
0
0
0
0
0
0
0
0
0
0
0
0
0
0
0
0
0
0
0
0
0
0
0
0
0
0
0
0
0
0
0
0
0
0
0
0
0
0
0
0
0
0
0
0
0
0
0
0
0
0
0
0
0
0
0
0
0
0
0
0
0
0
0
0
0
0
0
0
0
0
0
0
0
0
0
0
0
0
0
0
0
0
0
0
0
0
0
0
0
0
0
0
0
0
0
0
0
0
0
0
0
0
0
0
0
0
0
0
0
0
0
0
0
0
0
0
0
0
0
0
0
0
0
0
0
0
0
0
0
0
0
0
0
0
0
0
0
0
0
0
0
0
0
0
0
0
0
0
0
0
0
0
0
0
0
0
0
0
0
0
0
0
0
0
0
0
0
0
0
0
0
0
0
0
0
0
0
0
0
0
0
0
0
0
0
0
0
0
0
0
0
0
0
0
0
0
0
0
0
0
0
0
0
0
0
0
0
0
0
0
0
0
0
0
0
0
0
0
0
0
0
0
0
0
0
0
0
0
0
0
0
0
0
0
0
0
0
0
0
0
0
0
0
0
0
0
0
0
0
0
0
0
0
0
0
0
0
0
0
0
0
0
0
0
0
0
0
0
0
0
0
0
0
0
0
0
0
0
0
0
0
0
0
0
0
0
0
0
0
0
0
0
0
0
0
0
0
0
0
0
0
0
0
0
0
0
0
0
0
0
0
0
0
0
0
0
0
0
0
0
0
0
0
0
0
0
0
0
0
0
0
0
0
0
0
0
0
0
0
0
0
0
0
0
0
0
0
0
0
0
0
0
0
0
0
0
0
0
0
0
0
0
0
0
0
0
0
0
0
0
0
0
0
0
0
0
0
0
0
0
0
0
0
0
0
0
0
0
0
0
0
0
0
0
0
0
0
0
0
0
0
0
0
0
0
0
0
0
0
0
0
0
0
0
0
0
0
0
0
0
0
0
0
0
0
0
0
0
0
0
0
0
0
0
0
0
0
0
0
0
0
0
0
0
0
0
0
0
0
0
0
0
0
0
0
0
0
0
0
0
0
0
0
0
0
0
0
0
0
0
0
0
0
0
0
0
0
0
0
0
0
0
0
0
0
0
0
0
0
0
0
0
0
0
0
0
0
0
0
0
0
0
0
0
0
0
0
0
0
0
0
0
0
0
0
0
0
0
0
0
0
0
0
0
0
0
0
0
0
0
0
0
0
0
0
0
0
0
0
0
0
0
0
0
0
0
0
0
0
0
0
0
0
0
0
0
0
0
0
0
0
0
0
0
0
0
0
0
0
0
0
0
0
0
0
0
0
0
0
0
0
0
0
0
0
0
0
0
0
0
0
0
0
0
0
0
0
0
0
0
0
0
0
0
0
0
0
0
0
0
0
0
0
0
0
0
0
0
0
0
0
0
0
0
0
0
0
0
0
0
0
0
0
0
0
0
0
0
0
0
0
0
0
0
0
0
0
0
0
0
0
0
0
0
0
0
0
0
0
0
0
0
0
0
0
0
0
0
0
0
0
0
0
0
0
0
0
0
0
0
0
0
0
0
0
0
0
0
0
0
0
0
0
0
0
0
0
0
0
0
0
0
0
0
0
0
0
0
0
0
0
0
0
0
0
0
0
0
0
0
0
0
0
0
0
0
0
0
0
0
0
0
0
0
0
0
0
0
0
0
0
0
0
0
0
0
0
0
0
0
0
0
0
0
0
0
0
0
0
0
0
0
0
0
0
0
0
0
0
0
0
0
0
0
0
0
0
0
0
0
0
0
0
0
0
0
0
0
0
0
0
0
0
0
0
0
0
0
0
0
0
0
0
0
0
0
0
0
0
0
0
0
0
0
0
0
0
0
0
0
0
0
0
0
0
0
0
0
0
0
0
0
0
0
0
0
0
0
0
0
0
0
0
0
0
0
0
0
0
0
0
0
0
0
0
0
0
0
0
0
0
0
0
0
0
0
0
0
0
0
0
0
0
0
0
0
0
0
0
0
0
0
0
0
0
0
0
0
0
0
0
0
0
0
0
0
0
0
0
0
0
0
0
0
0
0
0
0
0
0
0
0
0
0
0
0
0
0
0
0
0
0
0
0
0
0
0
0
0
0
0
0
0
0
0
0
0
0
0
0
0
0
0
0
0
0
0
0
0
0
0
0
0
0
0
0
0
0
0
0
0
0
0
0
0
0
0
0
0
0
0
0
0
0
0
0
0
0
0
0
0
0
0
0
0
0
0
0
0
0
0
0
0
0
0
0
0
