-11.7553
-11.7562
-11.757
-11.7579
-11.7587
-11.7596
-11.7603
-11.7611
-11.7619
-11.7627
-11.7635
-11.7643
-11.7651
-11.766
-11.7669
-11.7677
-11.7685
-11.7694
-11.7702
-11.7709
-11.7717
-11.7725
-11.7733
-11.7741
-11.7749
-11.7757
-11.7765
-11.7773
-11.7781
-11.7788
-11.7796
-11.7805
-11.7813
-11.7821
-11.783
-11.7838
-11.7846
-11.7855
-11.7863
-11.7872
-11.7879
-11.7888
-11.7896
-11.7905
-11.7913
-11.7921
-11.793
-11.7938
-11.7947
-11.7955
-11.7963
-11.7971
-11.7979
-11.7987
-11.7996
-11.8004
-11.8013
-11.8021
-11.803
-11.8039
-11.8047
-11.8055
-11.8063
-11.8071
-11.808
-11.8088
-11.8097
-11.8105
-11.8113
-11.8122
-11.813
-11.8139
-11.8147
-11.8156
-11.8164
-11.8173
-11.8181
-11.8189
-11.8198
-11.8207
-11.8215
-11.8224
-11.8233
-11.8241
-11.8249
-11.8258
-11.8266
-11.8275
-11.8284
-11.8292
-11.83
-11.8309
-11.8317
-11.8326
-11.8334
-11.8342
-11.8351
-11.836
-11.8368
-11.8376
-11.8384
-11.8393
-11.8401
-11.841
-11.8418
-11.8426
-11.8435
-11.8443
-11.8452
-11.8459
-11.8466
-11.8474
-11.8481
-11.8489
-11.8497
-11.8506
-11.8514
-11.8522
-11.853
-11.8538
-11.8546
-11.8555
-11.8563
-11.8571
-11.858
-11.8589
-11.8597
-11.8606
-11.8614
-11.8622
-11.863
-11.8639
-11.8647
-11.8655
-11.8663
-11.8671
-11.868
-11.8688
-11.8696
-11.8703
-11.8711
-11.8719
-11.8728
-11.8736
-11.8743
-11.8751
-11.876
-11.8768
-11.8776
-11.8784
-11.8792
-11.88
-11.8808
-11.8817
-11.8825
-11.8833
-11.8841
-11.8849
-11.8857
-11.8865
-11.8873
-11.8881
-11.8888
-11.8896
-11.8905
-11.8914
-11.8921
-11.8929
-11.8938
-11.8947
-11.8954
-11.8962
-11.897
-11.8978
-11.8986
-11.8995
-11.9003
-11.9012
-11.902
-11.9028
-11.9036
-11.9045
-11.9053
-11.9061
-11.907
-11.9078
-11.9086
-11.9095
-11.9103
-11.9112
-11.912
-11.9129
-11.9138
-11.9146
-11.9154
-11.9162
-11.9171
-11.9179
-11.9187
-11.9195
-11.9204
-11.9213
-11.9223
-11.9232
-11.9241
-11.925
-11.9259
-11.9268
-11.9277
-11.9286
-11.9295
-11.9303
-11.9312
-11.9321
-11.933
-11.9338
-11.9346
-11.9355
-11.9364
-11.9373
-11.9383
-11.9391
-11.9399
-11.9408
-11.9417
-11.9426
-11.9434
-11.9442
-11.945
-11.9458
-11.9467
-11.9477
-11.9486
-11.9494
-11.9502
-11.9511
-11.952
-11.9528
-11.9535
-11.9543
-11.9551
-11.9558
-11.9566
-11.9575
-11.9584
-11.9592
-11.9601
-11.9609
-11.9618
-11.9627
-11.9634
-11.9643
-11.9651
-11.9659
-11.9667
-11.9675
-11.9683
-11.969
-11.9699
-11.9707
-11.9716
-11.9724
-11.9732
-11.9741
-11.975
-11.9758
-11.9766
-11.9774
-11.9782
-11.9791
-11.98
-11.9808
-11.9816
-11.9825
-11.9833
-11.9841
-11.9849
-11.9857
-11.9867
-11.9875
-11.9884
-11.9892
-11.99
-11.9909
-11.9917
-11.9925
-11.9933
-11.9942
-11.9951
-11.9959
-11.9967
-11.9976
-11.9985
-11.9994
-12.0002
-12.001
-12.0019
-12.0028
-12.0037
-12.0045
-12.0053
-12.0061
-12.007
-12.0079
-12.0088
-12.0097
-12.0107
-12.0116
-12.0125
-12.0135
-12.0144
-12.0152
-12.0161
-12.017
-12.0179
-12.0188
-12.0197
-12.0204
-12.0213
-12.0222
-12.0231
-12.0239
-12.0247
-12.0256
-12.0264
-12.0271
-12.028
-12.0288
-12.0295
-12.0304
-12.0313
-12.032
-12.0327
-12.0336
-12.0347
-12.0356
-12.0366
-12.0375
-12.0384
-12.0393
-12.0402
-12.041
-12.0419
-12.0428
-12.0437
-12.0445
-12.0454
-12.0464
-12.0473
-12.0483
-12.0492
-12.05
-12.0509
-12.0518
-12.0527
-12.0536
-12.0544
-12.0553
-12.0562
-12.057
-12.0577
-12.0585
-12.0594
-12.0602
-12.0611
-12.0619
-12.0628
-12.0637
-12.0646
-12.0656
-12.0666
-12.0675
-12.0683
-12.0692
-12.07
-12.0709
-12.0719
-12.0728
-12.0736
-12.0745
-12.0754
-12.0763
-12.0771
-12.0779
-12.0787
-12.0795
-12.0805
-12.0814
-12.0822
-12.083
-12.0839
-12.0849
-12.0857
-12.0865
-12.0874
-12.0882
-12.0891
-12.0899
-12.0909
-12.0919
-12.0927
-12.0935
-12.0945
-12.0954
-12.0962
-12.097
-12.0978
-12.0986
-12.0994
-12.1002
-12.1011
-12.102
-12.1028
-12.1036
-12.1045
-12.1054
-12.1063
-12.1071
-12.1081
-12.1091
-12.11
-12.111
-12.1119
-12.1128
-12.1137
-12.1146
-12.1155
-12.1164
-12.1173
-12.118
-12.1189
-12.1198
-12.1207
-12.1216
-12.1224
-12.1232
-12.124
-12.1249
-12.1259
-12.1268
-12.1277
-12.1286
-12.1295
-12.1305
-12.1314
-12.1323
-12.1332
-12.1343
-12.1352
-12.136
-12.1369
-12.1378
-12.1386
-12.1395
-12.1404
-12.1412
-12.142
-12.1429
-12.1438
-12.1447
-12.1456
-12.1465
-12.1474
-12.1483
-12.1493
-12.1502
-12.1511
-12.152
-12.1528
-12.1537
-12.1546
-12.1555
-12.1563
-12.1572
-12.158
-12.1589
-12.1598
-12.1607
-12.1615
-12.1623
-12.1632
-12.1641
-12.1649
-12.1658
-12.1667
-12.1677
-12.1686
-12.1694
-12.1703
-12.1713
-12.1722
-12.1731
-12.1741
-12.175
-12.1759
-12.1768
-12.1777
-12.1786
-12.1795
-12.1804
-12.1812
-12.182
-12.1829
-12.1837
-12.1847
-12.1855
-12.1863
-12.1872
-12.1881
-12.189
-12.1898
-12.1907
-12.1916
-12.1925
-12.1935
-12.1943
-12.1951
-12.1959
-12.1967
-12.1975
-12.1984
-12.1993
-12.2001
-12.2009
-12.2017
-12.2025
-12.2034
-12.2043
-12.2053
-12.2062
-12.2072
-12.2081
-12.2091
-12.21
-12.2109
-12.2117
-12.2126
-12.2135
-12.2143
-12.2152
-12.2161
-12.2171
-12.218
-12.2188
-12.2196
-12.2204
-12.2213
-12.2222
-12.223
-12.2238
-12.2247
-12.2256
-12.2264
-12.2273
-12.2283
-12.2291
-12.2299
-12.2307
-12.2316
-12.2325
-12.2333
-12.2341
-12.2349
-12.2358
-12.2365
-12.2374
-12.2383
-12.2392
-12.2399
-12.2408
-12.2417
-12.2427
-12.2436
-12.2444
-12.2453
-12.2463
-12.2473
-12.2482
-12.249
-12.2499
-12.251
-12.2519
-12.2528
-12.2536
-12.2544
-12.2552
-12.2561
-12.257
-12.2579
-12.2589
-12.2597
-12.2605
-12.2613
-12.2623
-12.2632
-12.264
-12.2649
-12.266
-12.267
-12.268
-12.2689
-12.2697
-12.2707
-12.2716
-12.2725
-12.2734
-12.2742
-12.275
-12.2759
-12.2767
-12.2775
-12.2784
-12.2793
-12.2803
-12.2813
-12.2821
-12.2829
-12.2838
-12.2848
-12.2858
-12.2867
-12.2876
-12.2885
-12.2894
-12.2903
-12.2914
-12.2924
-12.2934
-12.2944
-12.2953
-12.2962
-12.2972
-12.298
-12.2988
-12.2997
-12.3007
-12.3015
-12.3024
-12.3032
-12.3041
-12.305
-12.3059
-12.3067
-12.3076
-12.3084
-12.3093
-12.3101
-12.311
-12.3118
-12.3126
-12.3135
-12.3143
-12.3153
-12.3162
-12.3171
-12.318
-12.3188
-12.3196
-12.3205
-12.3214
-12.3223
-12.3232
-12.3241
-12.325
-12.3259
-12.3267
-12.3276
-12.3285
-12.3294
-12.3303
-12.3311
-12.332
-12.3328
-12.3336
-12.3345
-12.3353
-12.3362
-12.337
-12.3379
-12.3387
-12.3397
-12.3406
-12.3415
-12.3424
-12.3432
-12.3441
-12.3451
-12.346
-12.3469
-12.3478
-12.3487
-12.3497
-12.3505
-12.3514
-12.3523
-12.3532
-12.354
-12.355
-12.356
-12.3569
-12.3577
-12.3585
-12.3594
-12.3602
-12.361
-12.3619
-12.3627
-12.3635
-12.3644
-12.3652
-12.3661
-12.3669
-12.3678
-12.3688
-12.3696
-12.3705
-12.3713
-12.3722
-12.373
-12.3738
-12.3747
-12.3754
-12.3763
-12.3771
-12.378
-12.3789
-12.3799
-12.3808
-12.3817
-12.3827
-12.3837
-12.3846
-12.3856
-12.3864
-12.3872
-12.3881
-12.389
-12.3899
-12.3908
-12.3917
-12.3926
-12.3935
-12.3945
-12.3954
-12.3962
-12.3971
-12.3979
-12.3988
-12.3996
-12.4005
-12.4013
-12.4022
-12.4031
-12.404
-12.4048
-12.4057
-12.4064
-12.4073
-12.4082
-12.4091
-12.4099
-12.4106
-12.4114
-12.4123
-12.4133
-12.4142
-12.415
-12.416
-12.4169
-12.4177
-12.4186
-12.4194
-12.4203
-12.4211
-12.422
-12.4229
-12.4239
-12.4248
-12.4256
-12.4264
-12.4273
-12.4282
-12.429
-12.4299
-12.4308
-12.4317
-12.4326
-12.4335
-12.4343
-12.4351
-12.436
-12.4369
-12.4379
-12.4388
-12.4397
-12.4405
-12.4414
-12.4423
-12.4431
-12.444
-12.4449
-12.4457
-12.4466
-12.4475
-12.4484
-12.4492
-12.45
-12.4508
-12.4516
-12.4525
-12.4533
-12.454
-12.4548
-12.4556
-12.4564
-12.4572
-12.458
-12.4588
-12.4596
-12.4604
-12.4612
-12.462
-12.4628
-12.4635
-12.4643
-12.4652
-12.466
-12.4668
-12.4676
-12.4684
-12.4691
-12.47
-12.4708
-12.4716
-12.4724
-12.4731
-12.4739
-12.4747
-12.4755
-12.4763
-12.4771
-12.4779
-12.4787
-12.4795
-12.4802
-12.481
-12.4818
-12.4826
-12.4835
-12.4843
-12.485
-12.4858
-12.4866
-12.4875
-12.4883
-12.4891
-12.4899
-12.4907
-12.4916
-12.4925
-12.4934
-12.4941
-12.4949
-12.4957
-12.4966
-12.4974
-12.4982
-12.499
-12.4998
-12.5007
-12.5016
-12.5024
-12.5032
-12.5041
-12.505
-12.5058
-12.5066
-12.5075
-12.5082
-12.5091
-12.5099
-12.5107
-12.5115
-12.5123
-12.5131
-12.514
-12.5148
-12.5157
-12.5165
-12.5173
-12.5182
-12.5191
-12.5199
-12.5207
-12.5215
-12.5223
-12.5231
-12.5239
-12.5247
-12.5255
-12.5263
-12.5271
-12.528
-12.5288
-12.5297
-12.5306
-12.5314
-12.5322
-12.5331
-12.534
-12.5348
-12.5355
-12.5363
-12.5371
-12.5379
-12.5387
-12.5395
-12.5403
-12.5411
-12.542
-12.5428
-12.5436
-12.5444
-12.5452
-12.546
-12.5468
-12.5477
-12.5485
-12.5493
-12.55
-12.5508
-12.5517
-12.5525
-12.5534
-12.5542
-12.5551
-12.5559
-12.5568
-12.5576
-12.5583
-12.5591
-12.5599
-12.5607
-12.5616
-12.5625
-12.5633
-12.5642
-12.565
-12.5659
-12.5668
-12.5677
-12.5685
-12.5694
-12.5702
-12.571
-12.5718
-12.5726
-12.5734
-12.5742
-12.5751
-12.576
-12.5768
-12.5775
-12.5783
-12.5791
-12.5798
-12.5806
-12.5814
-12.5823
-12.5832
-12.584
-12.5849
-12.5857
-12.5865
-12.5874
-12.5882
-12.589
-12.5898
-12.5907
-12.5914
-12.5922
-12.593
-12.5939
-12.5948
-12.5956
-12.5964
-12.5973
-12.5981
-12.5989
-12.5997
-12.6005
-12.6013
-12.6021
-12.603
-12.6038
-12.6046
-12.6054
-12.6062
-12.607
-12.6079
-12.6087
-12.6095
-12.6103
-12.6112
-12.612
-12.6128
-12.6136
-12.6145
-12.6153
-12.6162
-12.617
-12.6178
-12.6187
-12.6196
-12.6205
-12.6213
-12.622
-12.6228
-12.6237
-12.6245
-12.6254
-12.6262
-12.627
-12.6278
-12.6287
-12.6295
-12.6304
-12.6312
-12.632
-12.6329
-12.6337
-12.6345
-12.6353
-12.6361
-12.6369
-12.6377
-12.6386
-12.6394
-12.6403
-12.6411
-12.6419
-12.6428
-12.6436
-12.6445
-12.6453
-12.6461
-12.6469
-12.6477
-12.6485
-12.6494
-12.6502
-12.651
-12.6518
-12.6526
-12.6534
-12.6542
-12.655
-12.6558
-12.6567
-12.6575
-12.6584
-12.6592
-12.66
-12.6608
-12.6616
-12.6624
-12.6631
-12.6639
-12.6647
-12.6655
-12.6664
-12.6672
-12.6681
-12.6689
-12.6698
-12.6707
-12.6715
-12.6723
-12.6732
-12.674
-12.6748
-12.6757
-12.6766
-12.6773
-12.6781
-12.6789
-12.6797
-12.6806
-12.6815
-12.6823
-12.6832
-12.684
-12.6849
-12.6857
-12.6865
-12.6872
-12.6881
-12.6889
-12.6897
-12.6905
-12.6912
-12.692
-12.6928
-12.6937
-12.6946
-12.6955
-12.6963
-12.6972
-12.6981
-12.6989
-12.6998
-12.7006
-12.7013
-12.7022
-12.7031
-12.704
-12.7047
-12.7055
-12.7063
-12.7071
-12.7079
-12.7087
-12.7095
-12.7103
-12.7111
-12.7121
-12.7129
-12.7137
-12.7146
-12.7154
-12.7163
-12.7172
-12.7181
-12.7188
-12.7196
-12.7205
-12.7213
-12.7222
-12.723
-12.7238
-12.7246
-12.7255
-12.7265
-12.7273
-12.728
-12.7289
-12.7298
-12.7307
-12.7316
-12.7324
-12.7331
-12.7339
-12.7348
-12.7356
-12.7364
-12.7373
-12.7381
-12.7389
-12.7398
-12.7406
-12.7414
-12.7423
-12.7432
-12.744
-12.7449
-12.7457
-12.7465
-12.7473
-12.7481
-12.749
-12.7499
-12.7508
-12.7516
-12.7524
-12.7532
-12.7541
-12.7549
-12.7557
-12.7566
-12.7574
-12.7584
-12.7593
-12.7602
-12.761
-12.7618
-12.7626
-12.7634
-12.7643
-12.7652
-12.766
-12.7668
-12.7677
-12.7686
-12.7695
-12.7703
-12.7712
-12.772
-12.7729
-12.7738
-12.7746
-12.7754
-12.7763
-12.7772
-12.778
-12.7788
-12.7796
-12.7806
-12.7815
-12.7822
-12.7831
-12.7839
-12.7848
-12.7856
-12.7863
-12.7871
-12.7879
-12.7888
-12.7897
-12.7905
-12.7912
-12.7921
-12.7929
-12.7937
-12.7945
-12.7954
-12.7962
-12.7971
-12.798
-12.7989
-12.7997
-12.8006
-12.8014
-12.8021
-12.8029
-12.8036
-12.8044
-12.8053
-12.8062
-12.807
-12.8078
-12.8086
-12.8094
-12.8102
-12.8111
-12.812
-12.8128
-12.8137
-12.8145
-12.8153
-12.8161
-12.817
-12.8178
-12.8187
-12.8195
-12.8203
-12.8211
-12.8219
-12.8228
-12.8237
-12.8246
-12.8254
-12.8262
-12.827
-12.8278
-12.8288
-12.8297
-12.8305
-12.8313
-12.8322
-12.8329
-12.8338
-12.8347
-12.8355
-12.8363
-12.8371
-12.8379
-12.8387
-12.8396
-12.8405
-12.8414
-12.8423
-12.843
-12.8438
-12.8447
-12.8455
-12.8463
-12.8472
-12.848
-12.8489
-12.8498
-12.8507
-12.8515
-12.8523
-12.8532
-12.8541
-12.855
-12.8558
-12.8567
-12.8575
-12.8583
-12.8591
-12.86
-12.8609
-12.8617
-12.8626
-12.8634
-12.8642
-12.865
-12.8659
-12.8668
-12.8677
-12.8685
-12.8692
-12.8701
-12.871
-12.8719
-12.8727
-12.8734
-12.8742
-12.8751
-12.876
-12.8768
-12.8776
-12.8785
-12.8794
-12.8803
-12.8812
-12.8821
-12.8829
-12.8837
-12.8845
-12.8853
-12.8861
-12.8868
-12.8877
-12.8886
-12.8895
-12.8903
-12.8911
-12.8919
-12.8927
-12.8935
-12.8944
-12.8952
-12.8961
-12.8969
-12.8977
-12.8986
-12.8995
-12.9004
-12.9012
-12.902
-12.9029
-12.9038
-12.9046
-12.9055
-12.9063
-12.9071
-12.908
-12.909
-12.9098
-12.9106
-12.9114
-12.9124
-12.9133
-12.914
-12.9149
-12.9158
-12.9166
-12.9174
-12.9183
-12.9192
-12.9201
-12.9209
-12.9217
-12.9227
-12.9236
-12.9244
-12.9253
-12.9262
-12.927
-12.9279
-12.9287
-12.9296
-12.9305
-12.9313
-12.9321
-12.933
-12.9338
-12.9347
-12.9355
-12.9364
-12.9373
-12.9382
-12.9391
-12.9399
-12.9407
-12.9416
-12.9424
-12.9433
-12.9441
-12.9449
-12.9457
-12.9466
-12.9474
-12.9482
-12.9491
-12.9499
-12.9508
-12.9516
-12.9524
-12.9533
-12.9541
-12.955
-12.9559
-12.9568
-12.9577
-12.9586
-12.9594
-12.9602
-12.9611
-12.962
-12.9628
-12.9636
-12.9644
-12.9652
-12.9661
-12.9669
-12.9677
-12.9686
-12.9694
-12.9702
-12.9711
-12.9719
-12.9727
-12.9736
-12.9744
-12.9752
-12.9761
-12.9769
-12.9778
-12.9787
-12.9796
-12.9804
-12.9813
-12.9821
-12.983
-12.9839
-12.9847
-12.9855
-12.9863
-12.9872
-12.9881
-12.989
-12.9898
-12.9906
-12.9915
-12.9923
-12.9932
-12.9941
-12.995
-12.9959
-12.9967
-12.9975
-12.9983
-12.9992
-13
-13.0009
-13.0018
-13.0026
-13.0034
-13.0043
-13.0051
-13.006
-13.0068
-13.0077
-13.0086
-13.0095
-13.0103
-13.0111
-13.012
-13.0128
-13.0136
-13.0144
-13.0152
-13.016
-13.0168
-13.0177
-13.0185
-13.0194
-13.0203
-13.0211
-13.0219
-13.0227
-13.0235
-13.0244
-13.0252
-13.0261
-13.0271
-13.0279
-13.0287
-13.0296
-13.0305
-13.0313
-13.0323
-13.0331
-13.0339
-13.0348
-13.0357
-13.0366
-13.0374
-13.0382
-13.0391
-13.04
-13.0409
-13.0418
-13.0427
-13.0435
-13.0444
-13.0453
-13.0463
-13.0471
-13.048
-13.0488
-13.0496
-13.0505
-13.0514
-13.0522
-13.053
-13.0538
-13.0547
-13.0555
-13.0564
-13.0573
-13.0582
-13.0591
-13.0601
-13.0609
-13.0618
-13.0626
-13.0634
-13.0642
-13.0651
-13.066
-13.0669
-13.0677
-13.0685
-13.0694
-13.0702
-13.071
-13.0718
-13.0727
-13.0735
-13.0744
-13.0753
-13.0761
-13.0769
-13.0778
-13.0787
-13.0796
-13.0804
-13.0813
-13.0821
-13.083
-13.0839
-13.0847
-13.0856
-13.0864
-13.0872
-13.0881
-13.0889
-13.0898
-13.0906
-13.0914
-13.0921
-13.093
-13.0938
-13.0946
-13.0953
-13.0961
-13.0969
-13.0978
-13.0987
-13.0995
-13.1003
-13.1011
-13.1019
-13.1028
-13.1036
-13.1045
-13.1053
-13.1061
-13.1069
-13.1076
-13.1084
-13.1092
-13.11
-13.1108
-13.1117
-13.1125
-13.1133
-13.1142
-13.1151
-13.116
-13.1168
-13.1176
-13.1184
-13.1193
-13.1202
-13.121
-13.1218
-13.1227
-13.1235
-13.1244
-13.1253
-13.1261
-13.127
-13.1277
-13.1285
-13.1293
-13.1301
-13.131
-13.1318
-13.1325
-13.1334
-13.1342
-13.1351
-13.136
-13.1368
-13.1376
-13.1385
-13.1394
-13.1402
-13.1411
-13.1419
-13.1428
-13.1438
-13.1447
-13.1456
-13.1464
-13.1472
-13.1481
-13.149
-13.1498
-13.1506
-13.1514
-13.1523
-13.1532
-13.1541
-13.155
-13.1559
-13.1567
-13.1576
-13.1585
-13.1594
-13.1603
-13.1611
-13.1619
-13.1628
-13.1636
-13.1646
-13.1655
-13.1664
-13.1673
-13.1682
-13.169
-13.1699
-13.1707
-13.1716
-13.1724
-13.1732
-13.1741
-13.1749
-13.1758
-13.1767
-13.1776
-13.1785
-13.1794
-13.1802
-13.181
-13.1819
-13.1828
-13.1837
-13.1845
-13.1853
-13.1863
-13.1873
-13.1881
-13.189
-13.1898
-13.1907
-13.1916
-13.1924
-13.1933
-13.1941
-13.1949
-13.1957
-13.1966
-13.1975
-13.1984
-13.1993
-13.2001
-13.2009
-13.2018
-13.2027
-13.2034
-13.2042
-13.205
-13.2059
-13.2067
-13.2074
-13.2082
-13.2091
-13.2099
-13.2108
-13.2117
-13.2125
-13.2133
-13.2142
-13.2151
-13.2159
-13.2167
-13.2175
-13.2183
-13.2191
-13.2201
-13.221
-13.2218
-13.2226
-13.2235
-13.2243
-13.2252
-13.226
-13.2269
-13.2278
-13.2286
-13.2295
-13.2304
-13.2312
-13.2321
-13.233
-13.2338
-13.2347
-13.2356
-13.2364
-13.2373
-13.2381
-13.2389
-13.2399
-13.2407
-13.2416
-13.2424
-13.2432
-13.244
-13.2449
-13.2457
-13.2465
-13.2474
-13.2482
-13.2491
-13.25
-13.2508
-13.2516
-13.2525
-13.2533
-13.2541
-13.2549
-13.2556
-13.2564
-13.2573
-13.2582
-13.259
-13.26
-13.2608
-13.2617
-13.2625
-13.2634
-13.2642
-13.265
-13.2657
-13.2666
-13.2675
-13.2684
-13.2691
-13.2699
-13.2708
-13.2716
-13.2724
-13.2732
-13.274
-13.2749
-13.2757
-13.2765
-13.2773
-13.278
-13.2788
-13.2796
-13.2804
-13.2812
-13.2821
-13.283
-13.2837
-13.2845
-13.2854
-13.2862
-13.2871
-13.288
-13.2888
-13.2898
-13.2907
-13.2915
-13.2923
-13.2931
-13.294
-13.295
-13.2959
-13.2967
-13.2975
-13.2984
-13.2992
-13.3
-13.3008
-13.3015
-13.3023
-13.3032
-13.304
-13.305
-13.3058
-13.3066
-13.3075
-13.3084
-13.3092
-13.3101
-13.3108
-13.3116
-13.3125
-13.3133
-13.3141
-13.315
-13.3158
-13.3166
-13.3175
-13.3184
-13.3193
-13.3201
-13.321
-13.3217
-13.3226
-13.3235
-13.3243
-13.3252
-13.3261
-13.3269
-13.3278
-13.3287
-13.3294
-13.3303
-13.3312
-13.332
-13.3329
-13.3337
-13.3345
-13.3353
-13.3361
-13.3369
-13.3378
-13.3386
-13.3393
-13.3402
-13.3411
-13.342
-13.3428
-13.3436
-13.3444
-13.3453
-13.3462
-13.3471
-13.348
-13.3489
-13.3497
-13.3506
-13.3516
-13.3524
-13.3533
-13.3542
-13.355
-13.3558
-13.3567
-13.3575
-13.3583
-13.3591
-13.3599
-13.3608
-13.3617
-13.3625
-13.3634
-13.3643
-13.3651
-13.366
-13.367
-13.3678
-13.3686
-13.3694
-13.3702
-13.3712
-13.3721
-13.3728
-13.3737
-13.3746
-13.3755
-13.3763
-13.3771
-13.3778
-13.3786
-13.3794
-13.3802
-13.3809
-13.3817
-13.3825
-13.3833
-13.3841
-13.3849
-13.3857
-13.3866
-13.3875
-13.3884
-13.3892
-13.39
-13.3908
-13.3916
-13.3925
-13.3933
-13.3941
-13.3949
-13.3957
-13.3964
-13.3972
-13.398
-13.3988
-13.3996
-13.4004
-13.4012
-13.4021
-13.4029
-13.4037
-13.4046
-13.4054
-13.4063
-13.4072
-13.408
-13.4088
-13.4096
-13.4104
-13.4112
-13.412
-13.4128
-13.4135
-13.4143
-13.4152
-13.4161
-13.4169
-13.4177
-13.4185
-13.4193
-13.4201
-13.421
-13.4218
-13.4225
-13.4234
-13.4243
-13.4252
-13.426
-13.4267
-13.4276
-13.4284
-13.4293
-13.4301
-13.4309
-13.4317
-13.4325
-13.4333
-13.4341
-13.435
-13.4357
-13.4365
-13.4374
-13.4383
-13.4391
-13.4399
-13.4407
-13.4415
-13.4424
-13.4433
-13.4441
-13.4448
-13.4457
-13.4465
-13.4474
-13.4483
-13.4491
-13.4499
-13.4507
-13.4515
-13.4523
-13.4531
-13.454
-13.4548
-13.4556
-13.4564
-13.4573
-13.4581
-13.4589
-13.4598
-13.4606
-13.4614
-13.4622
-13.463
-13.4639
-13.4647
-13.4654
-13.4663
-13.4671
-13.4679
-13.4688
-13.4696
-13.4704
-13.4712
-13.4721
-13.473
-13.4738
-13.4746
-13.4754
-13.4762
-13.477
-13.4778
-13.4786
-13.4796
-13.4804
-13.4811
-13.4819
-13.4827
-13.4835
-13.4843
-13.4851
-13.4859
-13.4868
-13.4877
-13.4886
-13.4894
-13.4902
-13.491
-13.4918
-13.4926
-13.4935
-13.4943
-13.4952
-13.496
-13.4968
-13.4977
-13.4985
-13.4994
-13.5002
-13.5009
-13.5018
-13.5027
-13.5037
-13.5046
-13.5054
-13.5062
-13.507
-13.5078
-13.5086
-13.5095
-13.5103
-13.5112
-13.5121
-13.5129
-13.5139
-13.5149
-13.5159
-13.5168
-13.5177
-13.5186
-13.5195
-13.5204
-13.5213
-13.5223
-13.5231
-13.524
-13.5248
-13.5255
-13.5261
-13.5269
-13.5276
-13.5283
-13.5291
-13.53
-13.5309
-13.5318
-13.5327
-13.5335
-13.5343
-13.5352
-13.5361
-13.537
-13.5378
-13.5385
-13.5393
-13.54
-13.5408
-13.5415
-13.5423
-13.543
-13.5437
-13.5445
-13.5453
-13.546
-13.5468
-13.5477
-13.5487
-13.5497
-13.5507
-13.5517
-13.5526
-13.5536
-13.5546
-13.5555
-13.5565
-13.5574
-13.5583
-13.5592
-13.56
-13.5609
-13.5616
-13.5623
-13.5629
-13.5636
-13.5644
-13.5651
-13.5657
-13.5663
-13.567
-13.5678
-13.5686
-13.5694
-13.5701
-13.5709
-13.5717
-13.5724
-13.5731
-13.5738
-13.5746
-13.5754
-13.5763
-13.5772
-13.5781
-13.5788
-13.5796
-13.5804
-13.5813
-13.5821
-13.583
-13.5839
-13.5847
-13.5856
-13.5864
-13.5873
-13.5881
-13.5889
-13.5898
-13.5908
-13.5917
-13.5927
-13.5936
-13.5944
-13.5953
-13.5961
-13.5969
-13.5977
-13.5985
-13.5994
-13.6003
-13.6012
-13.6021
-13.6029
-13.6036
-13.6044
-13.6052
-13.606
-13.6068
-13.6074
-13.6082
-13.6091
-13.6101
-13.6109
-13.6117
-13.6125
-13.6135
-13.6145
-13.6152
-13.6159
-13.6171
-13.6183
-13.6192
-13.6202
-13.6212
-13.6223
-13.6233
-13.6243
-13.6253
-13.6263
-13.6273
-13.6282
-13.629
-13.6298
-13.6305
-13.6313
-13.632
-13.6328
-13.6336
-13.6344
-13.6352
-13.636
-13.6369
-13.6379
-13.6388
-13.6398
-13.6408
-13.6419
-13.643
-13.644
-13.645
-13.6461
-13.647
-13.6478
-13.6486
-13.6495
-13.6502
-13.651
-13.6518
-13.6526
-13.6533
-13.6541
-13.6549
-13.6557
-13.6564
-13.6572
-13.6582
-13.6591
-13.6601
-13.661
-13.6619
-13.6628
-13.6638
-13.6647
-13.6656
-13.6663
-13.667
-13.6678
-13.6687
-13.6695
-13.6703
-13.6711
-13.6719
-13.6726
-13.6735
-13.6743
-13.6751
-13.6759
-13.6768
-13.6778
-13.6789
-13.6799
-13.681
-13.682
-13.6829
-13.6837
-13.6845
-13.6854
-13.6861
-13.687
-13.6878
-13.6885
-13.6892
-13.69
-13.6909
-13.6918
-13.6926
-13.6935
-13.6945
-13.6955
-13.6965
-13.6975
-13.6984
-13.6993
-13.7001
-13.701
-13.7018
-13.7025
-13.7034
-13.7042
-13.705
-13.7057
-13.7066
-13.7075
-13.7084
-13.7095
-13.7105
-13.7114
-13.7124
-13.7134
-13.7146
-13.7157
-13.7169
-13.7181
-13.7193
-13.7203
-13.7213
-13.7223
-13.7234
-13.7244
-13.7254
-13.7263
-13.7272
-13.7282
-13.7291
-13.7301
-13.7311
-13.732
-13.7329
-13.7339
-13.7349
-13.7358
-13.7367
-13.7377
-13.7388
-13.7399
-13.741
-13.7422
-13.7434
-13.7445
-13.7456
-13.7467
-13.7478
-13.7489
-13.7499
-13.7509
-13.7518
-13.7528
-13.7537
-13.7547
-13.7557
-13.7568
-13.7579
-13.7589
-13.7599
-13.761
-13.7621
-13.7633
-13.7645
-13.7657
-13.7669
-13.7681
-13.7693
-13.7705
-13.7717
-13.773
-13.7741
-13.7753
-13.7766
-13.7778
-13.7791
-13.7803
-13.7815
-13.7827
-13.7839
-13.7851
-13.7862
-13.7873
-13.7885
-13.7897
-13.7909
-13.7921
-13.7932
-13.7943
-13.7954
-13.7965
-13.7977
-13.7989
-13.8
-13.8011
-13.8022
-13.8034
-13.8046
-13.8058
-13.8069
-13.8081
-13.8093
-13.8105
-13.8117
-13.8127
-13.8139
-13.8151
-13.8163
-13.8175
-13.8186
-13.8198
-13.8209
-13.8218
-13.8227
-13.8238
-13.8249
-13.8259
-13.827
-13.8282
-13.8293
-13.8303
-13.8313
-13.8323
-13.8333
-13.8343
-13.8354
-13.8365
-13.8376
-13.8388
-13.8399
-13.8409
-13.842
-13.8431
-13.844
-13.8449
-13.8458
-13.8468
-13.8477
-13.8487
-13.8496
-13.8506
-13.8518
-13.853
-13.8539
-13.8547
-13.8555
-13.8564
-13.8573
-13.8581
-13.8589
-13.8597
-13.8606
-13.8615
-13.8623
-13.8632
-13.8642
-13.8651
-13.8661
-13.8671
-13.868
-13.8688
-13.8695
-13.8702
-13.871
-13.8718
-13.8726
-13.8734
-13.8742
-13.8751
-13.8759
-13.8767
-13.8773
-13.878
-13.8787
-13.8794
-13.8801
-13.8807
-13.8814
-13.8821
-13.8828
-13.8835
-13.8842
-13.8848
-13.8855
-13.886
-13.8866
-13.8873
-13.8879
-13.8887
-13.8896
-13.8905
-13.8913
-13.892
-13.8927
-13.8933
-13.894
-13.8946
-13.8953
-13.896
-13.8967
-13.8974
-13.8982
-13.899
-13.8999
-13.9006
-13.9013
-13.902
-13.9028
-13.9036
-13.9044
-13.9052
-13.9061
-13.9069
-13.9076
-13.9082
-13.909
-13.9098
-13.9106
-13.9115
-13.9124
-13.9133
-13.9142
-13.915
-13.9158
-13.9166
-13.9173
-13.9179
-13.9187
-13.9195
-13.9204
-13.9213
-13.9221
-13.9229
-13.9236
-13.9243
-13.9249
-13.9256
-13.9262
-13.9268
-13.9276
-13.9283
-13.9291
-13.9298
-13.9305
-13.9311
-13.9318
-13.9325
-13.9332
-13.9339
-13.9346
-13.9353
-13.9361
-13.937
-13.9378
-13.9387
-13.9396
-13.9405
-13.9414
-13.9423
-13.9433
-13.9441
-13.945
-13.946
-13.947
-13.9479
-13.9488
-13.9497
-13.9506
-13.9516
-13.9526
-13.9534
-13.9543
-13.9553
-13.9564
-13.9573
-13.9582
-13.9592
-13.9602
-13.9613
-13.9622
-13.9632
-13.9642
-13.9652
-13.9661
-13.9672
-13.9683
-13.9694
-13.9705
-13.9715
-13.9726
-13.9738
-13.975
-13.9762
-13.9774
-13.9785
-13.9797
-13.9809
-13.9821
-13.9832
-13.9842
-13.9852
-13.9863
-13.9873
-13.9884
-13.9893
-13.9903
-13.9913
-13.9923
-13.9933
-13.9942
-13.995
-13.9959
-13.997
-13.998
-13.999
-14.0001
-14.0012
-14.0023
-14.0035
-14.0047
-14.0059
-14.007
-14.0082
-14.0093
-14.0105
-14.0116
-14.0125
-14.0134
-14.0144
-14.0155
-14.0164
-14.0174
-14.0183
-14.0192
-14.02
-14.021
-14.0218
-14.0228
-14.0237
-14.0246
-14.0254
-14.0262
-14.027
-14.028
-14.0291
-14.0302
-14.0312
-14.0323
-14.0333
-14.0343
-14.0354
-14.0365
-14.0376
-14.0389
-14.04
-14.0411
-14.0422
-14.0433
-14.0443
-14.0453
-14.0463
-14.0474
-14.0484
-14.0494
-14.0503
-14.0512
-14.0521
-14.0529
-14.0538
-14.0547
-14.0555
-14.0562
-14.057
-14.0578
-14.0586
-14.0593
-14.0601
-14.0608
-14.0614
-14.0621
-14.0628
-14.0635
-14.0642
-14.0649
-14.0657
-14.0665
-14.0673
-14.0682
-14.0689
-14.0698
-14.0707
-14.0715
-14.0725
-14.0735
-14.0744
-14.0753
-14.0762
-14.077
-14.0778
-14.0784
-14.0792
-14.08
-14.0807
-14.0814
-14.082
-14.0826
-14.0833
-14.084
-14.0847
-14.0853
-14.0858
-14.0863
-14.0869
-14.0875
-14.0881
-14.0887
-14.0893
-14.0898
-14.0904
-14.091
-14.0916
-14.0922
-14.0928
-14.0935
-14.0942
-14.0949
-14.0955
-14.0961
-14.0968
-14.0976
-14.0982
-14.0987
-14.0993
-14.1001
-14.1009
-14.1017
-14.1024
-14.1031
-14.1039
-14.1048
-14.1057
-14.1066
-14.1074
-14.1082
-14.1089
-14.1097
-14.1105
-14.1112
-14.1119
-14.1127
-14.1134
-14.1141
-14.1148
-14.1155
-14.1161
-14.1167
-14.1173
-14.1179
-14.1185
-14.1192
-14.1197
-14.1203
-14.1211
-14.1217
-14.1222
-14.1228
-14.1234
-14.124
-14.1247
-14.1253
-14.1258
-14.1263
-14.127
-14.1276
-14.1282
-14.1287
-14.1293
-14.1299
-14.1305
-14.1312
-14.1318
-14.1325
-14.1331
-14.1336
-14.1343
-14.135
-14.1356
-14.1362
-14.1369
-14.1376
-14.1382
-14.1389
-14.1395
-14.1401
-14.1407
-14.1414
-14.1422
-14.1429
-14.1437
-14.1444
-14.145
-14.1457
-14.1463
-14.1471
-14.1478
-14.1485
-14.1491
-14.1498
-14.1506
-14.1514
-14.1521
-14.1528
-14.1537
-14.1545
-14.1552
-14.1558
-14.1566
-14.1575
-14.1582
-14.159
-14.1598
-14.1605
-14.1613
-14.162
-14.1627
-14.1635
-14.1643
-14.1652
-14.1658
-14.1666
-14.1675
-14.1683
-14.169
-14.1697
-14.1706
-14.1715
-14.1722
-14.1729
-14.1736
-14.1744
-14.1752
-14.176
-14.1768
-14.1775
-14.1783
-14.1791
-14.18
-14.1808
-14.1817
-14.1824
-14.1833
-14.1841
-14.1849
-14.1857
-14.1866
-14.1874
-14.1881
-14.1891
-14.1899
-14.1908
-14.1916
-14.1924
-14.1932
-14.194
-14.1947
-14.1954
-14.1962
-14.1971
-14.1979
-14.1987
-14.1996
-14.2004
-14.2012
-14.2021
-14.2031
-14.204
-14.2048
-14.2057
-14.2067
-14.2077
-14.2088
-14.2099
-14.2109
-14.2119
-14.2128
-14.2138
-14.2148
-14.2158
-14.2167
-14.2177
-14.2186
-14.2196
-14.2206
-14.2215
-14.2224
-14.2233
-14.2243
-14.2252
-14.2262
-14.2272
-14.2282
-14.2291
-14.2302
-14.2311
-14.2319
-14.2328
-14.2336
-14.2344
-14.2352
-14.2361
-14.237
-14.2378
-14.2387
-14.2397
-14.2406
-14.2415
-14.2423
-14.2431
-14.244
-14.2449
-14.2457
-14.2465
-14.2474
-14.2484
-14.2492
-14.25
-14.2508
-14.2515
-14.2522
-14.253
-14.2538
-14.2547
-14.2557
-14.2566
-14.2573
-14.2581
-14.259
-14.2596
-14.2601
-14.2608
-14.2616
-14.2625
-14.2632
-14.2638
-14.2644
-14.2651
-14.2659
-14.2668
-14.2676
-14.2684
-14.2692
-14.2699
-14.2707
-14.2716
-14.2723
-14.273
-14.2737
-14.2744
-14.2753
-14.276
-14.2767
-14.2776
-14.2784
-14.2792
-14.2799
-14.2807
-14.2816
-14.2825
-14.2834
-14.2842
-14.2851
-14.2858
-14.2864
-14.2871
-14.2879
-14.2886
-14.2892
-14.2899
-14.2907
-14.2915
-14.2922
-14.2929
-14.2935
-14.2941
-14.2948
-14.2955
-14.2962
-14.2967
-14.2973
-14.298
-14.2988
-14.2994
-14.3
-14.3006
-14.3012
-14.302
-14.3026
-14.3033
-14.3039
-14.3045
-14.3051
-14.3057
-14.3062
-14.3068
-14.3074
-14.308
-14.3086
-14.3091
-14.3095
-14.3101
-14.3109
-14.3114
-14.3119
-14.3127
-14.3134
-14.3141
-14.3146
-14.3152
-14.3158
-14.3164
-14.317
-14.3176
-14.3181
-14.3187
-14.3195
-14.3203
-14.321
-14.3217
-14.3225
-14.3232
-14.3239
-14.3246
-14.3253
-14.326
-14.3267
-14.3274
-14.3281
-14.3288
-14.3295
-14.3302
-14.3309
-14.3317
-14.3324
-14.333
-14.3334
-14.3342
-14.335
-14.3358
-14.3365
-14.3372
-14.3379
-14.3387
-14.3395
-14.3403
-14.341
-14.3417
-14.3426
-14.3434
-14.3443
-14.345
-14.3457
-14.3466
-14.3474
-14.3481
-14.3489
-14.3497
-14.3505
-14.3513
-14.3521
-14.353
-14.3538
-14.3546
-14.3554
-14.3563
-14.3573
-14.3583
-14.3593
-14.3604
-14.3615
-14.3626
-14.3637
-14.3648
-14.3658
-14.3668
-14.3679
-14.3689
-14.3701
-14.3712
-14.3722
-14.3734
-14.3745
-14.3756
-14.3767
-14.3778
-14.3788
-14.38
-14.3812
-14.3823
-14.3834
-14.3844
-14.3854
-14.3865
-14.3877
-14.3888
-14.3899
-14.391
-14.392
-14.3931
-14.394
-14.395
-14.396
-14.397
-14.398
-14.399
-14.4
-14.4009
-14.4017
-14.4026
-14.4035
-14.4044
-14.4053
-14.4061
-14.4068
-14.4076
-14.4084
-14.4091
-14.41
-14.4108
-14.4116
-14.4125
-14.4133
-14.4142
-14.415
-14.4158
-14.4165
-14.4172
-14.418
-14.4187
-14.4194
-14.4202
-14.421
-14.4218
-14.4226
-14.4234
-14.4242
-14.4251
-14.4259
-14.4268
-14.4276
-14.4285
-14.4293
-14.4302
-14.431
-14.4319
-14.4329
-14.4337
-14.4345
-14.4353
-14.4362
-14.437
-14.4379
-14.4387
-14.4395
-14.4403
-14.4411
-14.4419
-14.4428
-14.4437
-14.4446
-14.4456
-14.4466
-14.4475
-14.4484
-14.4493
-14.4503
-14.4512
-14.4521
-14.4531
-14.4541
-14.4552
-14.4561
-14.457
-14.458
-14.4589
-14.4599
-14.4608
-14.4618
-14.4628
-14.4638
-14.4647
-14.4657
-14.4668
-14.4679
-14.4689
-14.4697
-14.4704
-14.4714
-14.4724
-14.4734
-14.4743
-14.4753
-14.4764
-14.4773
-14.4782
-14.4791
-14.4801
-14.4813
-14.4823
-14.4831
-14.484
-14.4849
-14.4857
-14.4866
-14.4875
-14.4882
-14.489
-14.4899
-14.4907
-14.4915
-14.4924
-14.4931
-14.4939
-14.4947
-14.4955
-14.4964
-14.4973
-14.4981
-14.4989
-14.4998
-14.5007
-14.5017
-14.5027
-14.5036
-14.5044
-14.5052
-14.5061
-14.507
-14.5079
-14.5088
-14.5098
-14.5107
-14.5116
-14.5126
-14.5134
-14.5142
-14.5152
-14.5161
-14.5171
-14.5179
-14.519
-14.52
-14.5211
-14.5222
-14.5232
-14.5244
-14.5255
-14.5267
-14.528
-14.5293
-14.5305
-14.5316
-14.5326
-14.5337
-14.5348
-14.5358
-14.5368
-14.5379
-14.5389
-14.5399
-14.541
-14.5421
-14.5432
-14.5443
-14.5453
-14.5463
-14.5473
-14.5482
-14.549
-14.55
-14.551
-14.552
-14.553
-14.5542
-14.5555
-14.5566
-14.5575
-14.5583
-14.5592
-14.5601
-14.5611
-14.562
-14.5628
-14.5637
-14.5647
-14.5655
-14.5664
-14.5673
-14.5682
-14.5691
-14.57
-14.5707
-14.5716
-14.5725
-14.5733
-14.5742
-14.5751
-14.5761
-14.5772
-14.5783
-14.579
-14.5797
-14.5807
-14.5815
-14.5824
-14.5835
-14.5845
-14.5854
-14.5862
-14.5873
-14.5885
-14.5896
-14.5904
-14.5914
-14.5926
-14.5936
-14.5945
-14.5953
-14.5959
-14.5967
-14.5978
-14.599
-14.6001
-14.6012
-14.6026
-14.6039
-14.6051
-14.606
-14.6069
-14.608
-14.6092
-14.6102
-14.6113
-14.6125
-14.6137
-14.6148
-14.6161
-14.6175
-14.619
-14.6203
-14.6215
-14.6227
-14.6237
-14.625
-14.6266
-14.6279
-14.6289
-14.6299
-14.6309
-14.6319
-14.6331
-14.6342
-14.6354
-14.6366
-14.6378
-14.6392
-14.6406
-14.642
-14.6431
-14.6444
-14.6457
-14.6472
-14.6485
-14.6496
-14.6507
-14.6517
-14.6526
-14.6535
-14.6543
-14.6553
-14.6562
-14.6572
-14.6581
-14.6591
-14.6603
-14.6615
-14.6626
-14.6638
-14.6651
-14.6664
-14.6676
-14.6688
-14.6698
-14.6708
-14.6717
-14.6727
-14.6738
-14.6749
-14.6761
-14.6772
-14.6781
-14.6791
-14.68
-14.681
-14.6817
-14.6824
-14.6832
-14.6843
-14.6853
-14.6861
-14.687
-14.6879
-14.6889
-14.6899
-14.6908
-14.6918
-14.6928
-14.6938
-14.6948
-14.6957
-14.6966
-14.6974
-14.6983
-14.699
-14.6998
-14.7007
-14.7016
-14.7024
-14.703
-14.7036
-14.7043
-14.705
-14.7057
-14.7062
-14.7066
-14.7072
-14.7077
-14.7081
-14.7088
-14.7095
-14.7102
-14.7109
-14.7116
-14.7124
-14.7133
-14.7141
-14.715
-14.7157
-14.7162
-14.7167
-14.7173
-14.7177
-14.718
-14.7184
-14.7188
-14.7192
-14.7197
-14.7205
-14.7214
-14.7223
-14.7231
-14.7239
-14.7246
-14.7253
-14.7259
-14.7265
-14.7271
-14.7279
-14.7287
-14.7296
-14.7306
-14.7315
-14.7323
-14.7332
-14.7341
-14.735
-14.7358
-14.7366
-14.7373
-14.7382
-14.739
-14.7398
-14.7407
-14.7415
-14.7425
-14.7435
-14.7445
-14.7455
-14.7463
-14.747
-14.7477
-14.7487
-14.7497
-14.7507
-14.7517
-14.7527
-14.7537
-14.7546
-14.7553
-14.7561
-14.7568
-14.7575
-14.7583
-14.7591
-14.76
-14.7609
-14.7618
-14.7627
-14.7637
-14.7646
-14.7655
-14.7662
-14.767
-14.7678
-14.7686
-14.7694
-14.7703
-14.7713
-14.7723
-14.7732
-14.7742
-14.7751
-14.7759
-14.7766
-14.7772
-14.7779
-14.7787
-14.7795
-14.7802
-14.7809
-14.7818
-14.7828
-14.7838
-14.7847
-14.7857
-14.7867
-14.7877
-14.7887
-14.7897
-14.7908
-14.792
-14.7932
-14.7943
-14.7955
-14.7964
-14.7973
-14.7982
-14.7991
-14.8001
-14.801
-14.8018
-14.8026
-14.8034
-14.8042
-14.805
-14.8056
-14.8063
-14.8071
-14.808
-14.8088
-14.8095
-14.8104
-14.8113
-14.8121
-14.8129
-14.8137
-14.8146
-14.8154
-14.8163
-14.8172
-14.8181
-14.819
-14.8198
-14.8206
-14.8213
-14.8222
-14.8231
-14.824
-14.8249
-14.8259
-14.8269
-14.828
-14.8289
-14.8297
-14.8306
-14.8316
-14.8326
-14.8336
-14.8346
-14.8355
-14.8365
-14.8375
-14.8385
-14.8395
-14.8405
-14.8414
-14.8422
-14.8432
-14.8441
-14.8449
-14.8457
-14.8465
-14.8474
-14.8482
-14.849
-14.8499
-14.8509
-14.852
-14.853
-14.854
-14.8549
-14.8558
-14.8567
-14.8576
-14.8586
-14.8595
-14.8604
-14.8613
-14.8621
-14.863
-14.864
-14.865
-14.8659
-14.8668
-14.8678
-14.8688
-14.8697
-14.8707
-14.8718
-14.8727
-14.8736
-14.8746
-14.8755
-14.8764
-14.8773
-14.8783
-14.8793
-14.8803
-14.8812
-14.8821
-14.883
-14.884
-14.8848
-14.8856
-14.8865
-14.8874
-14.8882
-14.889
-14.89
-14.891
-14.8919
-14.8928
-14.8937
-14.8946
-14.8955
-14.8963
-14.8972
-14.8982
-14.8992
-14.8999
-14.9007
-14.9015
-14.9023
-14.9031
-14.904
-14.9049
-14.9058
-14.9066
-14.9075
-14.9083
-14.9091
-14.9098
-14.9106
-14.9113
-14.912
-14.9128
-14.9137
-14.9147
-14.9154
-14.9161
-14.917
-14.9177
-14.9183
-14.919
-14.9197
-14.9205
-14.9214
-14.9222
-14.923
-14.9236
-14.9242
-14.9249
-14.9256
-14.9262
-14.9269
-14.9277
-14.9285
-14.9292
-14.9298
-14.9305
-14.9311
-14.9316
-14.9323
-14.933
-14.9337
-14.9346
-14.9353
-14.9359
-14.9366
-14.9372
-14.9379
-14.9384
-14.939
-14.9397
-14.9406
-14.9412
-14.9418
-14.9423
-14.9429
-14.9435
-14.9443
-14.9451
-14.9459
-14.9466
-14.9473
-14.948
-14.9488
-14.9495
-14.9502
-14.951
-14.9518
-14.9526
-14.9534
-14.9541
-14.9547
-14.9553
-14.9561
-14.9569
-14.9576
-14.9584
-14.9591
-14.9598
-14.9605
-14.9612
-14.9618
-14.9626
-14.9634
-14.9642
-14.9651
-14.966
-14.9666
-14.9672
-14.9678
-14.9685
-14.9693
-14.9702
-14.971
-14.9717
-14.9725
-14.9733
-14.9741
-14.9749
-14.9756
-14.9765
-14.9774
-14.9783
-14.9791
-14.9799
-14.9806
-14.9812
-14.982
-14.9828
-14.9836
-14.9844
-14.9852
-14.986
-14.9867
-14.9874
-14.988
-14.9888
-14.9896
-14.9904
-14.9914
-14.9922
-14.993
-14.9937
-14.9946
-14.9954
-14.9963
-14.9972
-14.9982
-14.9992
-15.0002
-15.0013
-15.0023
-15.0031
-15.004
-15.005
-15.006
-15.0068
-15.0077
-15.0088
-15.0098
-15.0109
-15.012
-15.0131
-15.0141
-15.0152
-15.0162
-15.0173
-15.0183
-15.0194
-15.0203
-15.0213
-15.0223
-15.0233
-15.0242
-15.0251
-15.026
-15.0271
-15.0281
-15.029
-15.03
-15.0309
-15.0319
-15.0328
-15.0338
-15.0349
-15.0359
-15.037
-15.038
-15.039
-15.0399
-15.0407
-15.0416
-15.0427
-15.0438
-15.0448
-15.0456
-15.0465
-15.0475
-15.0485
-15.0497
-15.0508
-15.0517
-15.0525
-15.0534
-15.0542
-15.055
-15.0558
-15.0567
-15.0575
-15.0583
-15.059
-15.0598
-15.0605
-15.0611
-15.0617
-15.0623
-15.0631
-15.0638
-15.0642
-15.0648
-15.0654
-15.0659
-15.0664
-15.0668
-15.0672
-15.0676
-15.0681
-15.0686
-15.0691
-15.0695
-15.0699
-15.0703
-15.0706
-15.071
-15.0712
-15.0713
-15.0714
-15.0715
-15.0716
-15.0716
-15.0715
-15.0714
-15.0713
-15.0712
-15.0711
-15.071
-15.0708
-15.0706
-15.0705
-15.0703
-15.0701
-15.0699
-15.0698
-15.0696
-15.0696
-15.0696
-15.0696
-15.0696
-15.0696
-15.0697
-15.0699
-15.0701
-15.0703
-15.0705
-15.0707
-15.071
-15.0714
-15.0718
-15.0721
-15.0724
-15.0727
-15.0731
-15.0735
-15.074
-15.0746
-15.0752
-15.0758
-15.0763
-15.0769
-15.0776
-15.0782
-15.079
-15.0798
-15.0806
-15.0814
-15.0823
-15.0832
-15.0841
-15.0851
-15.086
-15.0871
-15.0881
-15.0892
-15.0903
-15.0914
-15.0925
-15.0936
-15.0947
-15.0959
-15.0971
-15.0984
-15.0996
-15.1008
-15.1022
-15.1035
-15.1049
-15.1063
-15.1077
-15.1091
-15.1105
-15.112
-15.1134
-15.1149
-15.1163
-15.1179
-15.1195
-15.1211
-15.1227
-15.1243
-15.1259
-15.1276
-15.1294
-15.1311
-15.1328
-15.1345
-15.1364
-15.1384
-15.1404
-15.1424
-15.1443
-15.1462
-15.1483
-15.1504
-15.1526
-15.1548
-15.1569
-15.1592
-15.1615
-15.1638
-15.1661
-15.1684
-15.1706
-15.1728
-15.1751
-15.1774
-15.1796
-15.1819
-15.184
-15.1861
-15.1882
-15.1903
-15.1922
-15.1941
-15.196
-15.1978
-15.1996
-15.2012
-15.2029
-15.2044
-15.2059
-15.2074
-15.2089
-15.2102
-15.2115
-15.2127
-15.2138
-15.2148
-15.2158
-15.2168
-15.2177
-15.2186
-15.2194
-15.2203
-15.2211
-15.2217
-15.2223
-15.223
-15.2236
-15.2242
-15.2247
-15.2253
-15.2258
-15.2264
-15.2269
-15.2274
-15.2278
-15.2281
-15.2285
-15.2288
-15.2291
-15.2293
-15.2293
-15.2293
-15.2293
-15.2293
-15.2292
-15.2291
-15.2289
-15.2288
-15.2286
-15.2284
-15.2281
-15.2278
-15.2275
-15.2273
-15.227
-15.2268
-15.2266
-15.2264
-15.2262
-15.2259
-15.2256
-15.2253
-15.2251
-15.2248
-15.2245
-15.2243
-15.224
-15.2237
-15.2234
-15.2231
-15.2229
-15.2226
-15.2223
-15.2219
-15.2215
-15.2212
-15.2208
-15.2204
-15.2201
-15.2199
-15.2197
-15.2195
-15.2193
-15.2193
-15.2192
-15.2192
-15.2193
-15.2195
-15.2196
-15.2198
-15.22
-15.2203
-15.2206
-15.2209
-15.2213
-15.2216
-15.222
-15.2225
-15.223
-15.2236
-15.2241
-15.2246
-15.2251
-15.2257
-15.2263
-15.2269
-15.2274
-15.228
-15.2287
-15.2294
-15.2302
-15.231
-15.2318
-15.2325
-15.2334
-15.2344
-15.2354
-15.2364
-15.2373
-15.238
-15.2389
-15.2401
-15.2411
-15.2422
-15.2435
-15.2448
-15.246
-15.2472
-15.2482
-15.2492
-15.2504
-15.2518
-15.2531
-15.2544
-15.2558
-15.2571
-15.2584
-15.2596
-15.261
-15.2623
-15.2636
-15.265
-15.2664
-15.2677
-15.269
-15.2702
-15.2714
-15.2728
-15.2742
-15.2756
-15.277
-15.2785
-15.2799
-15.2814
-15.2828
-15.2842
-15.2857
-15.2872
-15.2889
-15.2905
-15.2921
-15.2937
-15.2952
-15.2968
-15.2984
-15.3
-15.3016
-15.3032
-15.3047
-15.3063
-15.3079
-15.3095
-15.3111
-15.3126
-15.3143
-15.3159
-15.3174
-15.3188
-15.3202
-15.3217
-15.3231
-15.3246
-15.3259
-15.3273
-15.3287
-15.33
-15.3313
-15.3325
-15.3337
-15.3349
-15.336
-15.3371
-15.3381
-15.3392
-15.3402
-15.3411
-15.3418
-15.3427
-15.3435
-15.3443
-15.3449
-15.3457
-15.3465
-15.3471
-15.3476
-15.3482
-15.3485
-15.349
-15.3496
-15.3501
-15.3505
-15.351
-15.3514
-15.3519
-15.3523
-15.3527
-15.3531
-15.3536
-15.3539
-15.3544
-15.3547
-15.355
-15.3554
-15.3556
-15.3557
-15.356
-15.3562
-15.3563
-15.3565
-15.3567
-15.3568
-15.3568
-15.3567
-15.3565
-15.3563
-15.3563
-15.3563
-15.3563
-15.3562
-15.3561
-15.356
-15.3558
-15.3557
-15.3556
-15.3555
-15.3554
-15.3553
-15.3552
-15.3552
-15.3553
-15.3553
-15.3552
-15.3553
-15.3554
-15.3555
-15.3555
-15.3556
-15.3556
-15.3558
-15.356
-15.3563
-15.3565
-15.3569
-15.3574
-15.3579
-15.3583
-15.3586
-15.359
-15.3594
-15.3596
-15.36
-15.3604
-15.3608
-15.3611
-15.3613
-15.3617
-15.3621
-15.3625
-15.3628
-15.3633
-15.3639
-15.3646
-15.3653
-15.3658
-15.3663
-15.3671
-15.3682
-15.3691
-15.3702
-15.3713
-15.3724
-15.3736
-15.3749
-15.3762
-15.3777
-15.3792
-15.3807
-15.3823
-15.3839
-15.3856
-15.3871
-15.3888
-15.3905
-15.3923
-15.3941
-15.3959
-15.3976
-15.3994
-15.4013
-15.4031
-15.4051
-15.4071
-15.409
-15.4109
-15.413
-15.415
-15.417
-15.419
-15.421
-15.4231
-15.4251
-15.4272
-15.4292
-15.4312
-15.4331
-15.4351
-15.4369
-15.4387
-15.4406
-15.4423
-15.4439
-15.4455
-15.447
-15.4485
-15.4499
-15.4512
-15.4525
-15.4537
-15.4549
-15.4559
-15.457
-15.458
-15.459
-15.46
-15.4609
-15.4618
-15.4626
-15.4634
-15.4643
-15.4651
-15.4658
-15.4666
-15.4673
-15.468
-15.4686
-15.4691
-15.4696
-15.4701
-15.4706
-15.4711
-15.4717
-15.4722
-15.4727
-15.4732
-15.4738
-15.4743
-15.4747
-15.4751
-15.4754
-15.4756
-15.4762
-15.4768
-15.4773
-15.4776
-15.478
-15.4784
-15.4788
-15.4791
-15.4795
-15.4797
-15.48
-15.4803
-15.4805
-15.4807
-15.4809
-15.4811
-15.4811
-15.4811
-15.4814
-15.4815
-15.4816
-15.4819
-15.4821
-15.4823
-15.4826
-15.4829
-15.4833
-15.4836
-15.484
-15.4844
-15.4848
-15.4852
-15.4858
-15.4864
-15.487
-15.4877
-15.4884
-15.4891
-15.4899
-15.4906
-15.4913
-15.492
-15.4928
-15.4935
-15.4943
-15.4951
-15.4958
-15.4966
-15.4973
-15.4981
-15.499
-15.5
-15.501
-15.5021
-15.5031
-15.5041
-15.5052
-15.5064
-15.5076
-15.5086
-15.5098
-15.511
-15.5123
-15.5135
-15.5146
-15.5158
-15.517
-15.5183
-15.5195
-15.5206
-15.5218
-15.5231
-15.5243
-15.5255
-15.5267
-15.5279
-15.5291
-15.5303
-15.5316
-15.5328
-15.5342
-15.5354
-15.5366
-15.5379
-15.5393
-15.5405
-15.5417
-15.543
-15.5443
-15.5457
-15.5472
-15.5485
-15.5498
-15.5512
-15.5526
-15.554
-15.5553
-15.5567
-15.558
-15.5593
-15.5605
-15.5616
-15.5627
-15.5639
-15.5651
-15.5663
-15.5676
-15.5688
-15.57
-15.5711
-15.5722
-15.5735
-15.5746
-15.5757
-15.5768
-15.5778
-15.5789
-15.5799
-15.5811
-15.5822
-15.5834
-15.5845
-15.5855
-15.5866
-15.5876
-15.5885
-15.5893
-15.5901
-15.5909
-15.5916
-15.5923
-15.5929
-15.5935
-15.5942
-15.5949
-15.5956
-15.5962
-15.5969
-15.5977
-15.5984
-15.5992
-15.6
-15.6007
-15.6014
-15.6023
-15.6031
-15.6039
-15.6047
-15.6055
-15.6062
-15.607
-15.6077
-15.6083
-15.6089
-15.6096
-15.6103
-15.6109
-15.6116
-15.6123
-15.6129
-15.6134
-15.6142
-15.615
-15.6156
-15.6162
-15.6169
-15.6177
-15.6186
-15.6196
-15.6204
-15.6212
-15.6221
-15.623
-15.6236
-15.6242
-15.6249
-15.6256
-15.6262
-15.6269
-15.6276
-15.6283
-15.6289
-15.6294
-15.63
-15.6307
-15.6314
-15.6322
-15.6329
-15.6336
-15.6342
-15.6349
-15.6355
-15.636
-15.6366
-15.6371
-15.6377
-15.6384
-15.639
-15.6397
-15.6404
-15.6411
-15.6418
-15.6424
-15.643
-15.6437
-15.6443
-15.6449
-15.6457
-15.6464
-15.6472
-15.6479
-15.6486
-15.6493
-15.6498
-15.6504
-15.6511
-15.6518
-15.6527
-15.6535
-15.6542
-15.6549
-15.6557
-15.6565
-15.6572
-15.658
-15.6589
-15.6596
-15.6603
-15.6611
-15.662
-15.6628
-15.6635
-15.6643
-15.6652
-15.666
-15.6667
-15.6675
-15.6684
-15.6694
-15.6705
-15.6714
-15.6723
-15.6731
-15.6739
-15.6748
-15.6757
-15.6766
-15.6776
-15.6786
-15.6795
-15.6806
-15.6816
-15.6826
-15.6836
-15.6846
-15.6855
-15.6864
-15.6875
-15.6886
-15.6897
-15.6909
-15.692
-15.6934
-15.6947
-15.6959
-15.697
-15.6981
-15.6991
-15.7
-15.7008
-15.7016
-15.7024
-15.7034
-15.7043
-15.7051
-15.7059
-15.7068
-15.7077
-15.7086
-15.7094
-15.7102
-15.7109
-15.7116
-15.7122
-15.7129
-15.7136
-15.7142
-15.7146
-15.7151
-15.7157
-15.7163
-15.7169
-15.7174
-15.718
-15.7187
-15.7193
-15.7199
-15.7206
-15.7213
-15.722
-15.7226
-15.7233
-15.724
-15.7246
-15.725
-15.7256
-15.7265
-15.7275
-15.7284
-15.7292
-15.73
-15.7308
-15.7315
-15.7324
-15.7332
-15.7338
-15.7346
-15.7353
-15.7359
-15.7365
-15.737
-15.7377
-15.7384
-15.7392
-15.74
-15.7409
-15.7417
-15.7423
-15.743
-15.7438
-15.7443
-15.7449
-15.7455
-15.7462
-15.7469
-15.7476
-15.7483
-15.7491
-15.7502
-15.7512
-15.7521
-15.7529
-15.7537
-15.7545
-15.7553
-15.7562
-15.7574
-15.7587
-15.7601
-15.7613
-15.7625
-15.7636
-15.7648
-15.766
-15.7673
-15.7686
-15.77
-15.7712
-15.7723
-15.7734
-15.7744
-15.7756
-15.7768
-15.7779
-15.7791
-15.7803
-15.7816
-15.7828
-15.7841
-15.7854
-15.7867
-15.788
-15.7893
-15.7906
-15.7918
-15.7929
-15.794
-15.7952
-15.7964
-15.7974
-15.7985
-15.7997
-15.8008
-15.802
-15.8033
-15.8046
-15.806
-15.8073
-15.8087
-15.81
-15.8114
-15.8127
-15.814
-15.8153
-15.8167
-15.8181
-15.8196
-15.8211
-15.8226
-15.8242
-15.8257
-15.8272
-15.8287
-15.8302
-15.8316
-15.8329
-15.8344
-15.8358
-15.8372
-15.8384
-15.8397
-15.8411
-15.8424
-15.8436
-15.8448
-15.8459
-15.8471
-15.8483
-15.8495
-15.8505
-15.8517
-15.8529
-15.854
-15.8552
-15.8563
-15.8574
-15.8584
-15.8595
-15.8605
-15.8616
-15.8626
-15.8636
-15.8646
-15.8656
-15.8666
-15.8676
-15.8685
-15.8694
-15.8704
-15.8714
-15.8723
-15.8732
-15.8741
-15.875
-15.8759
-15.8767
-15.8774
-15.8781
-15.8788
-15.8795
-15.8803
-15.881
-15.8817
-15.8826
-15.8835
-15.8843
-15.8851
-15.886
-15.8868
-15.8876
-15.8883
-15.8891
-15.8898
-15.8906
-15.8912
-15.8918
-15.8924
-15.8931
-15.8937
-15.8944
-15.8949
-15.8955
-15.8962
-15.897
-15.8976
-15.8981
-15.8985
-15.8991
-15.8997
-15.9002
-15.9005
-15.9008
-15.9011
-15.9015
-15.9021
-15.9027
-15.9032
-15.9037
-15.9042
-15.9049
-15.9054
-15.9059
-15.9064
-15.9069
-15.9074
-15.9079
-15.9085
-15.9092
-15.9099
-15.9108
-15.9117
-15.9125
-15.9131
-15.9137
-15.9143
-15.915
-15.9156
-15.9163
-15.917
-15.9178
-15.9185
-15.9193
-15.9202
-15.921
-15.9215
-15.9221
-15.9229
-15.9237
-15.9245
-15.9252
-15.926
-15.9267
-15.9274
-15.9281
-15.9288
-15.9295
-15.9303
-15.9311
-15.9321
-15.9329
-15.9336
-15.9343
-15.9352
-15.9361
-15.9369
-15.9377
-15.9385
-15.9392
-15.9401
-15.9412
-15.9422
-15.9431
-15.9438
-15.9447
-15.9456
-15.9465
-15.9474
-15.9483
-15.9493
-15.9504
-15.9513
-15.9521
-15.9531
-15.9542
-15.9553
-15.9562
-15.9572
-15.9582
-15.9593
-15.9602
-15.961
-15.9621
-15.9632
-15.9642
-15.9651
-15.966
-15.967
-15.9681
-15.9691
-15.9702
-15.9712
-15.9721
-15.9732
-15.9744
-15.9755
-15.9765
-15.9774
-15.9783
-15.9794
-15.9805
-15.9816
-15.9827
-15.9839
-15.9853
-15.9864
-15.9872
-15.988
-15.9889
-15.9899
-15.9909
-15.9917
-15.9926
-15.9936
-15.9946
-15.9954
-15.9963
-15.9972
-15.998
-15.9988
-15.9997
-16.0006
-16.0015
-16.0024
-16.0032
-16.0042
-16.0051
-16.0059
-16.007
-16.008
-16.0088
-16.0096
-16.0105
-16.0113
-16.0122
-16.0131
-16.014
-16.0149
-16.016
-16.0171
-16.0179
-16.0185
-16.0192
-16.0201
-16.0208
-16.0215
-16.0223
-16.0229
-16.0235
-16.0242
-16.0249
-16.0257
-16.0263
-16.0269
-16.0276
-16.0282
-16.0288
-16.0293
-16.0298
-16.0304
-16.0311
-16.0318
-16.0324
-16.0328
-16.0333
-16.0339
-16.0344
-16.035
-16.0354
-16.0358
-16.0362
-16.0366
-16.0371
-16.0377
-16.0382
-16.0386
-16.0391
-16.0397
-16.0402
-16.0407
-16.0412
-16.0416
-16.0421
-16.0426
-16.043
-16.0435
-16.0439
-16.0443
-16.0448
-16.0453
-16.0457
-16.0461
-16.0465
-16.0469
-16.0473
-16.0478
-16.0483
-16.0488
-16.0493
-16.0498
-16.0502
-16.0507
-16.0512
-16.0518
-16.0524
-16.0531
-16.0538
-16.0545
-16.0553
-16.0561
-16.0567
-16.0574
-16.0581
-16.0588
-16.0595
-16.0601
-16.0609
-16.0616
-16.0624
-16.0631
-16.0639
-16.0648
-16.0657
-16.0665
-16.0671
-16.0679
-16.0687
-16.0694
-16.0701
-16.0707
-16.0713
-16.072
-16.0727
-16.0732
-16.0738
-16.0745
-16.0751
-16.0758
-16.0765
-16.0771
-16.0778
-16.0785
-16.0792
-16.08
-16.0808
-16.0817
-16.0826
-16.0834
-16.0843
-16.0852
-16.086
-16.0868
-16.0876
-16.0884
-16.0893
-16.0901
-16.091
-16.0917
-16.0926
-16.0934
-16.0942
-16.095
-16.0957
-16.0964
-16.0971
-16.0978
-16.0986
-16.0994
-16.1003
-16.1011
-16.102
-16.1029
-16.1038
-16.1046
-16.1055
-16.1064
-16.1073
-16.1082
-16.109
-16.1098
-16.1106
-16.1114
-16.1123
-16.113
-16.1139
-16.1147
-16.1156
-16.1165
-16.1174
-16.1182
-16.119
-16.1197
-16.1204
-16.1213
-16.1222
-16.1231
-16.124
-16.1248
-16.1256
-16.1265
-16.1273
-16.1281
-16.1289
-16.1297
-16.1305
-16.1313
-16.132
-16.1328
-16.1336
-16.1343
-16.1351
-16.1359
-16.1367
-16.1376
-16.1385
-16.1394
-16.1402
-16.141
-16.1418
-16.1425
-16.1432
-16.144
-16.1447
-16.1453
-16.146
-16.1467
-16.1473
-16.148
-16.1487
-16.1493
-16.1501
-16.1508
-16.1516
-16.1523
-16.153
-16.1537
-16.1543
-16.155
-16.1558
-16.1564
-16.1571
-16.1577
-16.1584
-16.159
-16.1598
-16.1605
-16.1611
-16.1618
-16.1625
-16.1632
-16.1639
-16.1646
-16.1652
-16.166
-16.1667
-16.1674
-16.1681
-16.1687
-16.1694
-16.17
-16.1707
-16.1712
-16.1718
-16.1725
-16.1732
-16.1738
-16.1745
-16.1751
-16.1757
-16.1763
-16.1769
-16.1776
-16.1784
-16.1791
-16.1797
-16.1804
-16.1811
-16.1818
-16.1825
-16.1831
-16.1839
-16.1846
-16.1853
-16.186
-16.1866
-16.1873
-16.188
-16.1887
-16.1895
-16.1902
-16.1909
-16.1915
-16.1922
-16.1929
-16.1937
-16.1944
-16.1952
-16.1958
-16.1966
-16.1975
-16.1983
-16.1991
-16.1998
-16.2005
-16.2012
-16.2021
-16.2028
-16.2034
-16.204
-16.2048
-16.2056
-16.2062
-16.2069
-16.2076
-16.2083
-16.209
-16.2098
-16.2107
-16.2114
-16.2121
-16.2128
-16.2136
-16.2144
-16.2153
-16.216
-16.2167
-16.2175
-16.2182
-16.219
-16.2197
-16.2205
-16.2212
-16.222
-16.2228
-16.2236
-16.2243
-16.225
-16.2257
-16.2265
-16.2273
-16.228
-16.2287
-16.2293
-16.2301
-16.2309
-16.2317
-16.2326
-16.2334
-16.2342
-16.235
-16.2357
-16.2365
-16.2372
-16.2381
-16.239
-16.2398
-16.2407
-16.2416
-16.2425
-16.2434
-16.2443
-16.2451
-16.2459
-16.2467
-16.2475
-16.2484
-16.2492
-16.25
-16.2507
-16.2515
-16.2523
-16.2531
-16.2539
-16.2547
-16.2555
-16.2563
-16.2572
-16.258
-16.2589
-16.2598
-16.2607
-16.2615
-16.2623
-16.2632
-16.264
-16.2647
-16.2655
-16.2663
-16.267
-16.2678
-16.2687
-16.2695
-16.2703
-16.271
-16.2717
-16.2725
-16.2733
-16.2741
-16.275
-16.2758
-16.2766
-16.2773
-16.2781
-16.2789
-16.2796
-16.2805
-16.2813
-16.2822
-16.2829
-16.2836
-16.2844
-16.2851
-16.2858
-16.2867
-16.2876
-16.2885
-16.2893
-16.2902
-16.291
-16.2918
-16.2924
-16.2932
-16.294
-16.2949
-16.2956
-16.2964
-16.2971
-16.2979
-16.2987
-16.2995
-16.3003
-16.3012
-16.3021
-16.303
-16.3039
-16.3046
-16.3052
-16.3058
-16.3065
-16.3073
-16.3082
-16.3091
-16.3099
-16.3108
-16.3116
-16.3124
-16.3134
-16.3144
-16.3152
-16.316
-16.3169
-16.3178
-16.3187
-16.3195
-16.3204
-16.3214
-16.3224
-16.3233
-16.324
-16.3249
-16.3259
-16.3269
-16.3278
-16.3286
-16.3294
-16.3304
-16.3314
-16.3321
-16.3328
-16.3336
-16.3343
-16.335
-16.3358
-16.3367
-16.3376
-16.3384
-16.3392
-16.3402
-16.3412
-16.3421
-16.343
-16.344
-16.3449
-16.3458
-16.3467
-16.3476
-16.3483
-16.3492
-16.3502
-16.3512
-16.3522
-16.3533
-16.3543
-16.3553
-16.3563
-16.3574
-16.3583
-16.3593
-16.3602
-16.3613
-16.3623
-16.3633
-16.3642
-16.3652
-16.3662
-16.3673
-16.3682
-16.369
-16.3698
-16.3705
-16.3711
-16.3718
-16.3725
-16.3734
-16.3742
-16.3751
-16.3759
-16.3767
-16.3776
-16.3785
-16.3793
-16.3802
-16.3811
-16.382
-16.3828
-16.3836
-16.3845
-16.3855
-16.3863
-16.387
-16.3877
-16.3885
-16.3893
-16.39
-16.3908
-16.3914
-16.3921
-16.3929
-16.3937
-16.3945
-16.3952
-16.3961
-16.3971
-16.3981
-16.399
-16.4
-16.4009
-16.4019
-16.4029
-16.4038
-16.4048
-16.4057
-16.4067
-16.4076
-16.4085
-16.4096
-16.4106
-16.4116
-16.4125
-16.4134
-16.4144
-16.4153
-16.4161
-16.4169
-16.4178
-16.4187
-16.4196
-16.4205
-16.4214
-16.4223
-16.4231
-16.4239
-16.4248
-16.4256
-16.4264
-16.4271
-16.4279
-16.4287
-16.4295
-16.4303
-16.4311
-16.4318
-16.4326
-16.4334
-16.4342
-16.4349
-16.4354
-16.4361
-16.4368
-16.4375
-16.4382
-16.4388
-16.4395
-16.4402
-16.4408
-16.4416
-16.4423
-16.443
-16.4436
-16.4443
-16.4449
-16.4455
-16.4462
-16.4467
-16.4473
-16.448
-16.4486
-16.4492
-16.4498
-16.4504
-16.451
-16.4517
-16.4523
-16.4531
-16.4539
-16.4546
-16.4553
-16.4561
-16.4569
-16.4577
-16.4584
-16.4591
-16.46
-16.4607
-16.4614
-16.4622
-16.4629
-16.4636
-16.4643
-16.4651
-16.4659
-16.4666
-16.4674
-16.4682
-16.469
-16.4697
-16.4705
-16.4713
-16.4722
-16.4731
-16.474
-16.4748
-16.4758
-16.4768
-16.4778
-16.4786
-16.4794
-16.4803
-16.4811
-16.4819
-16.4827
-16.4835
-16.4842
-16.4849
-16.4857
-16.4866
-16.4874
-16.4883
-16.4891
-16.49
-16.4909
-16.4919
-16.4928
-16.4937
-16.4947
-16.4956
-16.4965
-16.4974
-16.4983
-16.4992
-16.5003
-16.5014
-16.5024
-16.5034
-16.5042
-16.5051
-16.5061
-16.507
-16.5081
-16.509
-16.5097
-16.5106
-16.5115
-16.5123
-16.5131
-16.5139
-16.5147
-16.5155
-16.5163
-16.5171
-16.5179
-16.5187
-16.5195
-16.5203
-16.5211
-16.522
-16.5229
-16.5238
-16.5248
-16.5257
-16.5266
-16.5275
-16.5283
-16.5291
-16.5299
-16.5308
-16.5317
-16.5327
-16.5335
-16.5344
-16.5353
-16.5362
-16.537
-16.5378
-16.5386
-16.5394
-16.5401
-16.5408
-16.5415
-16.5422
-16.543
-16.5439
-16.5447
-16.5455
-16.5463
-16.5472
-16.5481
-16.549
-16.55
-16.5511
-16.5521
-16.5531
-16.5541
-16.5551
-16.556
-16.5568
-16.5575
-16.5582
-16.559
-16.5597
-16.5605
-16.5611
-16.5618
-16.5626
-16.5634
-16.5643
-16.5653
-16.5662
-16.5671
-16.568
-16.5689
-16.5697
-16.5703
-16.571
-16.5716
-16.5722
-16.573
-16.5739
-16.5746
-16.5751
-16.5757
-16.5765
-16.5773
-16.5781
-16.579
-16.5799
-16.5808
-16.5817
-16.5827
-16.5836
-16.5845
-16.5854
-16.5864
-16.5872
-16.588
-16.5888
-16.5897
-16.5905
-16.5912
-16.5921
-16.5931
-16.5939
-16.5944
-16.595
-16.5955
-16.5961
-16.5967
-16.5974
-16.5984
-16.5993
-16.6003
-16.6012
-16.6021
-16.6032
-16.6043
-16.6053
-16.6062
-16.607
-16.608
-16.609
-16.6099
-16.6107
-16.6114
-16.6121
-16.6127
-16.6134
-16.6142
-16.615
-16.6157
-16.6165
-16.6172
-16.6179
-16.6187
-16.6193
-16.6198
-16.6205
-16.6212
-16.6219
-16.6227
-16.6235
-16.6244
-16.6255
-16.6264
-16.6273
-16.6282
-16.6292
-16.63
-16.6309
-16.6317
-16.6326
-16.6333
-16.6341
-16.6349
-16.6357
-16.6364
-16.6371
-16.6378
-16.6386
-16.6393
-16.64
-16.6407
-16.6414
-16.6421
-16.643
-16.6438
-16.6446
-16.6454
-16.6463
-16.6471
-16.6479
-16.6489
-16.6499
-16.6508
-16.6517
-16.6527
-16.6536
-16.6543
-16.655
-16.6558
-16.6566
-16.6575
-16.6584
-16.6592
-16.66
-16.6607
-16.6614
-16.6622
-16.6632
-16.664
-16.6648
-16.6656
-16.6664
-16.6673
-16.668
-16.6688
-16.6696
-16.6704
-16.6711
-16.6717
-16.6724
-16.6731
-16.6737
-16.6743
-16.6749
-16.6756
-16.6764
-16.6771
-16.6778
-16.6785
-16.6794
-16.6802
-16.6812
-16.6822
-16.6831
-16.684
-16.685
-16.6858
-16.6867
-16.6874
-16.6881
-16.6889
-16.6898
-16.6905
-16.6911
-16.6917
-16.6924
-16.6931
-16.6938
-16.6945
-16.6951
-16.6958
-16.6965
-16.6972
-16.6979
-16.6984
-16.6989
-16.6995
-16.7001
-16.7008
-16.7014
-16.7024
-16.7034
-16.7043
-16.705
-16.7056
-16.7063
-16.7069
-16.7076
-16.7082
-16.7088
-16.7093
-16.7098
-16.7102
-16.7108
-16.7114
-16.7118
-16.7122
-16.7128
-16.7135
-16.7142
-16.7149
-16.7157
-16.7165
-16.7173
-16.7181
-16.719
-16.7198
-16.7205
-16.7213
-16.7222
-16.7232
-16.7242
-16.725
-16.7258
-16.7268
-16.7276
-16.7282
-16.729
-16.7296
-16.7302
-16.731
-16.7319
-16.7327
-16.7335
-16.7343
-16.7351
-16.736
-16.7368
-16.7376
-16.7385
-16.7393
-16.74
-16.7408
-16.7417
-16.7424
-16.7431
-16.7439
-16.7447
-16.7454
-16.7462
-16.7468
-16.7475
-16.7483
-16.7492
-16.7501
-16.7512
-16.7524
-16.7535
-16.7547
-16.7559
-16.7571
-16.7582
-16.7593
-16.7602
-16.7612
-16.7621
-16.763
-16.7639
-16.7648
-16.7658
-16.7669
-16.7679
-16.7689
-16.77
-16.7711
-16.7721
-16.7731
-16.7741
-16.7751
-16.7761
-16.7772
-16.7782
-16.7792
-16.7803
-16.7814
-16.7825
-16.7835
-16.7846
-16.7858
-16.7868
-16.7878
-16.7889
-16.7901
-16.7912
-16.7922
-16.7934
-16.7946
-16.7957
-16.7968
-16.798
-16.7991
-16.8002
-16.8013
-16.8025
-16.8035
-16.8045
-16.8056
-16.8066
-16.8074
-16.8083
-16.8092
-16.8101
-16.8109
-16.8117
-16.8126
-16.8134
-16.8142
-16.815
-16.8159
-16.8168
-16.8177
-16.8186
-16.8195
-16.8203
-16.8213
-16.8223
-16.8233
-16.8243
-16.8253
-16.8262
-16.827
-16.8279
-16.8287
-16.8295
-16.8304
-16.8313
-16.8322
-16.8332
-16.8341
-16.835
-16.8358
-16.8368
-16.8378
-16.8387
-16.8396
-16.8406
-16.8415
-16.8425
-16.8434
-16.8444
-16.8453
-16.8461
-16.847
-16.8479
-16.8488
-16.8496
-16.8505
-16.8513
-16.8521
-16.853
-16.8538
-16.8547
-16.8555
-16.8564
-16.8574
-16.8584
-16.8593
-16.8603
-16.8613
-16.8623
-16.8634
-16.8643
-16.8652
-16.8661
-16.8671
-16.8681
-16.8688
-16.8696
-16.8704
-16.8712
-16.8721
-16.8731
-16.8741
-16.875
-16.8761
-16.8771
-16.8781
-16.8791
-16.8801
-16.881
-16.8819
-16.8828
-16.8838
-16.8846
-16.8855
-16.8864
-16.8872
-16.888
-16.8891
-16.8903
-16.8913
-16.8924
-16.8935
-16.8946
-16.8955
-16.8963
-16.8972
-16.8981
-16.8991
-16.9002
-16.9012
-16.9022
-16.903
-16.9038
-16.9048
-16.9058
-16.9067
-16.9075
-16.9085
-16.9096
-16.9107
-16.9118
-16.9129
-16.9139
-16.9149
-16.916
-16.9171
-16.918
-16.9189
-16.92
-16.921
-16.9221
-16.9232
-16.9242
-16.9253
-16.9262
-16.9272
-16.9282
-16.9291
-16.93
-16.931
-16.932
-16.9331
-16.9341
-16.9352
-16.9361
-16.937
-16.9379
-16.9387
-16.9396
-16.9406
-16.9416
-16.9427
-16.9437
-16.9447
-16.9456
-16.9465
-16.9473
-16.9483
-16.9493
-16.9503
-16.9512
-16.9522
-16.9532
-16.9542
-16.9551
-16.9559
-16.9567
-16.9574
-16.9581
-16.9591
-16.9601
-16.961
-16.9618
-16.9627
-16.9636
-16.9644
-16.9652
-16.9662
-16.967
-16.9679
-16.9689
-16.9698
-16.9707
-16.9717
-16.9727
-16.9734
-16.9741
-16.9749
-16.9757
-16.9765
-16.9774
-16.9784
-16.9792
-16.9799
-16.9806
-16.9814
-16.9822
-16.9831
-16.9839
-16.9846
-16.9855
-16.9864
-16.9872
-16.988
-16.9888
-16.9894
-16.9899
-16.9906
-16.9913
-16.992
-16.9928
-16.9936
-16.9943
-16.9951
-16.9958
-16.9965
-16.9971
-16.9977
-16.9984
-16.9992
-17
-17.0007
-17.0016
-17.0025
-17.0033
-17.0041
-17.0048
-17.0056
-17.0063
-17.0071
-17.0079
-17.0088
-17.0095
-17.0102
-17.011
-17.0117
-17.0125
-17.0131
-17.0138
-17.0145
-17.0154
-17.0163
-17.0172
-17.0181
-17.019
-17.02
-17.021
-17.0218
-17.0226
-17.0234
-17.0241
-17.025
-17.0259
-17.0268
-17.0276
-17.0284
-17.0294
-17.0304
-17.0314
-17.0323
-17.0332
-17.034
-17.0348
-17.0357
-17.0366
-17.0375
-17.0384
-17.0394
-17.0404
-17.0415
-17.0426
-17.0434
-17.0445
-17.0456
-17.0466
-17.0475
-17.0484
-17.0492
-17.0502
-17.0512
-17.0523
-17.0533
-17.0544
-17.0554
-17.0564
-17.0574
-17.0582
-17.0591
-17.0601
-17.0611
-17.062
-17.0629
-17.0639
-17.0648
-17.0657
-17.0667
-17.0678
-17.0688
-17.0697
-17.0706
-17.0715
-17.0724
-17.0734
-17.0743
-17.0751
-17.0759
-17.0767
-17.0776
-17.0784
-17.0792
-17.0801
-17.081
-17.0819
-17.0828
-17.0836
-17.0845
-17.0854
-17.0862
-17.0872
-17.0882
-17.0892
-17.09
-17.0908
-17.0917
-17.0925
-17.0933
-17.0941
-17.0949
-17.0956
-17.0964
-17.0973
-17.098
-17.0988
-17.0996
-17.1005
-17.1013
-17.1022
-17.1031
-17.1039
-17.1047
-17.1055
-17.1063
-17.1072
-17.108
-17.1088
-17.1095
-17.1103
-17.1112
-17.1119
-17.1126
-17.1133
-17.1142
-17.115
-17.1158
-17.1165
-17.1172
-17.118
-17.1189
-17.1196
-17.1204
-17.1211
-17.1218
-17.1227
-17.1235
-17.1242
-17.125
-17.1257
-17.1265
-17.1273
-17.1281
-17.1287
-17.1294
-17.1302
-17.1309
-17.1316
-17.1324
-17.1331
-17.1338
-17.1345
-17.1354
-17.1362
-17.1369
-17.1376
-17.1383
-17.1391
-17.1399
-17.1407
-17.1414
-17.1422
-17.143
-17.1439
-17.1447
-17.1456
-17.1464
-17.1472
-17.148
-17.1488
-17.1496
-17.1505
-17.1513
-17.1521
-17.1529
-17.1538
-17.1546
-17.1553
-17.1561
-17.1569
-17.1578
-17.1586
-17.1594
-17.1603
-17.1611
-17.162
-17.1628
-17.1638
-17.1647
-17.1655
-17.1664
-17.1673
-17.1682
-17.169
-17.1699
-17.1708
-17.1717
-17.1727
-17.1736
-17.1745
-17.1754
-17.1764
-17.1774
-17.1784
-17.1793
-17.1801
-17.1811
-17.1821
-17.1831
-17.1841
-17.185
-17.1859
-17.1868
-17.1876
-17.1886
-17.1896
-17.1905
-17.1913
-17.1923
-17.1933
-17.1943
-17.1951
-17.1959
-17.1967
-17.1976
-17.1985
-17.1994
-17.2003
-17.2012
-17.2022
-17.2031
-17.204
-17.2048
-17.2057
-17.2066
-17.2074
-17.2083
-17.2092
-17.21
-17.2108
-17.2117
-17.2125
-17.2132
-17.214
-17.2148
-17.2154
-17.2161
-17.2171
-17.218
-17.2188
-17.2196
-17.2205
-17.2214
-17.2222
-17.2231
-17.2239
-17.2247
-17.2256
-17.2264
-17.2272
-17.2281
-17.2291
-17.23
-17.2308
-17.2316
-17.2325
-17.2334
-17.2343
-17.2353
-17.2363
-17.2371
-17.2379
-17.2387
-17.2395
-17.2402
-17.241
-17.2417
-17.2423
-17.243
-17.2436
-17.2443
-17.245
-17.2457
-17.2465
-17.2472
-17.2478
-17.2484
-17.2491
-17.2498
-17.2504
-17.2511
-17.2518
-17.2526
-17.2535
-17.2542
-17.255
-17.2558
-17.2566
-17.2577
-17.2587
-17.2594
-17.2602
-17.2611
-17.2619
-17.2625
-17.2631
-17.2638
-17.2645
-17.2653
-17.266
-17.2669
-17.2675
-17.2681
-17.2688
-17.2696
-17.2704
-17.2712
-17.272
-17.2728
-17.2736
-17.2744
-17.2753
-17.2762
-17.2771
-17.278
-17.279
-17.2799
-17.2808
-17.2817
-17.2827
-17.2837
-17.2848
-17.2857
-17.2867
-17.2876
-17.2887
-17.2897
-17.2907
-17.2916
-17.2925
-17.2934
-17.2942
-17.2951
-17.2958
-17.2964
-17.2972
-17.298
-17.2989
-17.2998
-17.3006
-17.3013
-17.302
-17.3028
-17.3037
-17.3044
-17.3053
-17.3062
-17.3072
-17.3082
-17.3092
-17.31
-17.3107
-17.3116
-17.3122
-17.313
-17.3138
-17.3146
-17.3155
-17.3164
-17.3172
-17.3178
-17.3185
-17.3193
-17.32
-17.3207
-17.3214
-17.3221
-17.3228
-17.3235
-17.3242
-17.325
-17.3258
-17.3266
-17.3275
-17.3284
-17.3294
-17.3304
-17.3313
-17.3322
-17.333
-17.3339
-17.3347
-17.3356
-17.3365
-17.3374
-17.3383
-17.3392
-17.3402
-17.3412
-17.3421
-17.343
-17.3437
-17.3445
-17.3454
-17.3461
-17.3466
-17.3474
-17.3482
-17.3489
-17.3497
-17.3504
-17.3512
-17.352
-17.3527
-17.3534
-17.3542
-17.355
-17.3558
-17.3566
-17.3574
-17.3583
-17.3591
-17.3599
-17.3606
-17.3614
-17.3622
-17.363
-17.3637
-17.3645
-17.3652
-17.366
-17.3668
-17.3676
-17.3683
-17.3691
-17.37
-17.371
-17.3718
-17.3725
-17.3732
-17.3739
-17.3746
-17.3753
-17.3762
-17.377
-17.3778
-17.3786
-17.3792
-17.38
-17.3808
-17.3815
-17.3823
-17.3831
-17.384
-17.3849
-17.3856
-17.3864
-17.3873
-17.3882
-17.3891
-17.3898
-17.3906
-17.3914
-17.3922
-17.3931
-17.3938
-17.3946
-17.3954
-17.3962
-17.397
-17.3979
-17.3988
-17.3996
-17.4004
-17.4013
-17.4023
-17.4031
-17.404
-17.4048
-17.4057
-17.4067
-17.4076
-17.4085
-17.4093
-17.4102
-17.4111
-17.412
-17.4129
-17.4138
-17.4147
-17.4156
-17.4165
-17.4175
-17.4185
-17.4193
-17.4202
-17.4211
-17.422
-17.423
-17.4239
-17.4248
-17.4257
-17.4266
-17.4275
-17.4284
-17.4293
-17.4301
-17.431
-17.4319
-17.4328
-17.4336
-17.4345
-17.4354
-17.4363
-17.4371
-17.438
-17.4389
-17.4398
-17.4407
-17.4416
-17.4425
-17.4434
-17.4442
-17.4451
-17.446
-17.4469
-17.4478
-17.4486
-17.4494
-17.4502
-17.4511
-17.452
-17.4527
-17.4535
-17.4544
-17.4553
-17.4561
-17.457
-17.4578
-17.4587
-17.4596
-17.4605
-17.4614
-17.4623
-17.4632
-17.464
-17.4649
-17.4658
-17.4668
-17.4676
-17.4684
-17.4692
-17.4701
-17.471
-17.472
-17.4728
-17.4737
-17.4746
-17.4757
-17.4767
-17.4777
-17.4786
-17.4796
-17.4806
-17.4815
-17.4824
-17.4833
-17.4842
-17.4852
-17.4861
-17.4871
-17.4881
-17.489
-17.4899
-17.4909
-17.4919
-17.4929
-17.4939
-17.4948
-17.4957
-17.4966
-17.4975
-17.4984
-17.4993
-17.5002
-17.5011
-17.5021
-17.5031
-17.5041
-17.505
-17.5059
-17.5068
-17.5077
-17.5087
-17.5096
-17.5107
-17.5116
-17.5125
-17.5133
-17.5142
-17.5151
-17.5159
-17.5168
-17.5178
-17.5187
-17.5195
-17.5203
-17.5212
-17.5221
-17.5229
-17.5238
-17.5247
-17.5257
-17.5266
-17.5276
-17.5285
-17.5294
-17.5304
-17.5314
-17.5325
-17.5335
-17.5345
-17.5354
-17.5364
-17.5374
-17.5384
-17.5394
-17.5403
-17.5412
-17.5421
-17.5431
-17.544
-17.5449
-17.5459
-17.5468
-17.5478
-17.5488
-17.5497
-17.5506
-17.5514
-17.5523
-17.5532
-17.5541
-17.555
-17.5559
-17.5568
-17.5578
-17.5588
-17.5598
-17.5608
-17.5618
-17.5627
-17.5636
-17.5647
-17.5657
-17.5667
-17.5676
-17.5686
-17.5696
-17.5704
-17.5712
-17.5719
-17.5727
-17.5736
-17.5745
-17.5753
-17.5762
-17.577
-17.578
-17.5789
-17.5797
-17.5806
-17.5815
-17.5824
-17.5833
-17.5841
-17.5851
-17.5862
-17.5871
-17.5878
-17.5887
-17.5895
-17.5903
-17.5911
-17.5919
-17.5927
-17.5937
-17.5946
-17.5954
-17.5962
-17.5969
-17.5976
-17.5984
-17.5991
-17.5997
-17.6005
-17.6011
-17.6018
-17.6026
-17.6034
-17.6042
-17.6049
-17.6058
-17.6066
-17.6075
-17.6083
-17.609
-17.6098
-17.6106
-17.6114
-17.6121
-17.6129
-17.6137
-17.6145
-17.6154
-17.6161
-17.6169
-17.6178
-17.6187
-17.6196
-17.6205
-17.6215
-17.6225
-17.6234
-17.6243
-17.6252
-17.6261
-17.6272
-17.6282
-17.629
-17.6299
-17.6308
-17.6317
-17.6325
-17.6334
-17.6343
-17.6351
-17.6361
-17.637
-17.6378
-17.6386
-17.6395
-17.6405
-17.6415
-17.6424
-17.6433
-17.6443
-17.6453
-17.6464
-17.6474
-17.6482
-17.6492
-17.6501
-17.6511
-17.6519
-17.6527
-17.6536
-17.6545
-17.6554
-17.6563
-17.6572
-17.658
-17.6588
-17.6596
-17.6605
-17.6612
-17.662
-17.6628
-17.6636
-17.6644
-17.6653
-17.6662
-17.6669
-17.6678
-17.6688
-17.6696
-17.6704
-17.6712
-17.672
-17.6729
-17.6737
-17.6746
-17.6754
-17.6762
-17.6769
-17.6778
-17.6786
-17.6794
-17.6801
-17.6808
-17.6817
-17.6825
-17.6833
-17.6841
-17.6848
-17.6856
-17.6863
-17.687
-17.6877
-17.6884
-17.6891
-17.6899
-17.6907
-17.6915
-17.6925
-17.6935
-17.6943
-17.6952
-17.6962
-17.6972
-17.6981
-17.6989
-17.6998
-17.7007
-17.7018
-17.7027
-17.7035
-17.7042
-17.705
-17.7057
-17.7064
-17.7071
-17.7079
-17.7086
-17.7093
-17.7101
-17.7109
-17.7117
-17.7125
-17.7133
-17.7141
-17.7149
-17.7158
-17.7166
-17.7174
-17.7183
-17.7192
-17.7201
-17.721
-17.7219
-17.7228
-17.7237
-17.7246
-17.7255
-17.7264
-17.7272
-17.7281
-17.7289
-17.7297
-17.7305
-17.7312
-17.732
-17.7328
-17.7337
-17.7346
-17.7354
-17.7363
-17.7372
-17.738
-17.7388
-17.7396
-17.7403
-17.7411
-17.7418
-17.7426
-17.7434
-17.7442
-17.745
-17.7459
-17.7468
-17.7477
-17.7486
-17.7494
-17.7502
-17.751
-17.7518
-17.7526
-17.7533
-17.7541
-17.7549
-17.7558
-17.7567
-17.7575
-17.7585
-17.7594
-17.7604
-17.7613
-17.7623
-17.7632
-17.764
-17.7649
-17.7658
-17.7667
-17.7675
-17.7683
-17.7691
-17.7699
-17.7706
-17.7714
-17.7722
-17.773
-17.7738
-17.7747
-17.7756
-17.7765
-17.7773
-17.7782
-17.779
-17.7798
-17.7806
-17.7813
-17.7819
-17.7825
-17.7832
-17.7841
-17.7848
-17.7856
-17.7863
-17.7871
-17.7879
-17.7887
-17.7894
-17.7901
-17.7909
-17.7917
-17.7924
-17.7932
-17.7939
-17.7946
-17.7954
-17.7962
-17.7969
-17.7976
-17.7983
-17.7989
-17.7996
-17.8003
-17.8011
-17.8017
-17.8023
-17.803
-17.8038
-17.8045
-17.8053
-17.8061
-17.8068
-17.8075
-17.8083
-17.809
-17.8098
-17.8105
-17.8112
-17.812
-17.8127
-17.8134
-17.8141
-17.8148
-17.8155
-17.8162
-17.8169
-17.8177
-17.8184
-17.8192
-17.82
-17.8208
-17.8216
-17.8224
-17.8231
-17.8239
-17.8247
-17.8255
-17.8263
-17.827
-17.8278
-17.8286
-17.8293
-17.8301
-17.8309
-17.8317
-17.8326
-17.8334
-17.8342
-17.8351
-17.8359
-17.8367
-17.8375
-17.8383
-17.8391
-17.8399
-17.8406
-17.8414
-17.8421
-17.8429
-17.8437
-17.8445
-17.8452
-17.846
-17.8467
-17.8475
-17.8482
-17.849
-17.8498
-17.8506
-17.8514
-17.8523
-17.8531
-17.854
-17.8548
-17.8556
-17.8564
-17.8572
-17.858
-17.8587
-17.8596
-17.8603
-17.8612
-17.862
-17.8628
-17.8635
-17.8644
-17.8653
-17.8661
-17.8669
-17.8677
-17.8686
-17.8694
-17.8702
-17.8711
-17.8719
-17.8727
-17.8736
-17.8744
-17.8753
-17.8762
-17.877
-17.8779
-17.8788
-17.8797
-17.8804
-17.8812
-17.882
-17.8829
-17.8837
-17.8845
-17.8853
-17.8861
-17.8869
-17.8876
-17.8884
-17.8891
-17.8899
-17.8906
-17.8914
-17.8922
-17.893
-17.8938
-17.8946
-17.8954
-17.8961
-17.8969
-17.8977
-17.8985
-17.8993
-17.9
-17.9008
-17.9016
-17.9024
-17.9032
-17.904
-17.9049
-17.9057
-17.9065
-17.9073
-17.9081
-17.909
-17.9098
-17.9105
-17.9113
-17.912
-17.9128
-17.9135
-17.9142
-17.915
-17.9157
-17.9164
-17.9171
-17.9179
-17.9187
-17.9194
-17.9202
-17.9209
-17.9218
-17.9227
-17.9235
-17.9243
-17.925
-17.9258
-17.9267
-17.9275
-17.9282
-17.929
-17.9298
-17.9306
-17.9314
-17.9322
-17.933
-17.9338
-17.9346
-17.9354
-17.9362
-17.9369
-17.9377
-17.9384
-17.9392
-17.94
-17.9408
-17.9415
-17.9422
-17.9429
-17.9438
-17.9446
-17.9453
-17.9461
-17.9469
-17.9477
-17.9485
-17.9493
-17.9501
-17.9509
-17.9517
-17.9525
-17.9533
-17.9541
-17.9549
-17.9557
-17.9565
-17.9574
-17.9582
-17.9589
-17.9597
-17.9605
-17.9613
-17.9622
-17.963
-17.9639
-17.9647
-17.9656
-17.9664
-17.9672
-17.968
-17.9687
-17.9694
-17.9702
-17.971
-17.9718
-17.9726
-17.9733
-17.974
-17.9749
-17.9757
-17.9764
-17.9773
-17.9781
-17.9789
-17.9798
-17.9806
-17.9815
-17.9823
-17.983
-17.9838
-17.9846
-17.9854
-17.9862
-17.987
-17.9878
-17.9887
-17.9896
-17.9904
-17.9912
-17.992
-17.9928
-17.9935
-17.9943
-17.995
-17.9958
-17.9966
-17.9974
-17.9982
-17.999
-17.9997
-18.0004
-18.0012
-18.0019
-18.0027
-18.0034
-18.0042
-18.0049
-18.0058
-18.0066
-18.0074
-18.0081
-18.0088
-18.0096
-18.0104
-18.0111
-18.0118
-18.0126
-18.0134
-18.0142
-18.015
-18.0157
-18.0164
-18.0172
-18.0179
-18.0188
-18.0196
-18.0204
-18.0211
-18.0218
-18.0226
-18.0234
-18.0241
-18.0248
-18.0256
-18.0264
-18.0272
-18.0279
-18.0286
-18.0293
-18.0301
-18.0309
-18.0317
-18.0324
-18.0332
-18.034
-18.0347
-18.0355
-18.0362
-18.037
-18.0377
-18.0385
-18.0392
-18.04
-18.0408
-18.0415
-18.0423
-18.0431
-18.0439
-18.0447
-18.0454
-18.0462
-18.047
-18.0478
-18.0485
-18.0492
-18.0499
-18.0506
-18.0514
-18.0522
-18.053
-18.0538
-18.0546
-18.0553
-18.0561
-18.0568
-18.0575
-18.0583
-18.0591
-18.0598
-18.0607
-18.0615
-18.0622
-18.063
-18.0638
-18.0646
-18.0654
-18.0662
-18.067
-18.0677
-18.0686
-18.0694
-18.0703
-18.071
-18.0717
-18.0725
-18.0733
-18.0741
-18.0749
-18.0757
-18.0765
-18.0772
-18.0781
-18.0788
-18.0796
-18.0804
-18.0811
-18.0819
-18.0827
-18.0835
-18.0844
-18.0852
-18.086
-18.0868
-18.0877
-18.0885
-18.0893
-18.0901
-18.0908
-18.0917
-18.0925
-18.0933
-18.0941
-18.0949
-18.0958
-18.0967
-18.0976
-18.0984
-18.0991
-18.0999
-18.1007
-18.1015
-18.1024
-18.1031
-18.1039
-18.1048
-18.1057
-18.1066
-18.1074
-18.1082
-18.109
-18.1098
-18.1106
-18.1113
-18.1121
-18.113
-18.1138
-18.1146
-18.1154
-18.1163
-18.1171
-18.1179
-18.1187
-18.1196
-18.1204
-18.1211
-18.1219
-18.1227
-18.1236
-18.1245
-18.1253
-18.1261
-18.1269
-18.1277
-18.1286
-18.1295
-18.1303
-18.1311
-18.1319
-18.1328
-18.1336
-18.1344
-18.1351
-18.1358
-18.1366
-18.1374
-18.1382
-18.139
-18.1399
-18.1407
-18.1415
-18.1422
-18.1429
-18.1437
-18.1444
-18.1452
-18.1459
-18.1467
-18.1475
-18.1482
-18.149
-18.1498
-18.1506
-18.1515
-18.1523
-18.1531
-18.1539
-18.1547
-18.1554
-18.1562
-18.157
-18.1578
-18.1586
-18.1594
-18.1602
-18.161
-18.1618
-18.1625
-18.1633
-18.1642
-18.1649
-18.1656
-18.1664
-18.1673
-18.1682
-18.169
-18.1697
-18.1706
-18.1714
-18.1722
-18.173
-18.1738
-18.1746
-18.1754
-18.1762
-18.1771
-18.1779
-18.1786
-18.1795
-18.1803
-18.1811
-18.1818
-18.1826
-18.1833
-18.1841
-18.1849
-18.1858
-18.1866
-18.1875
-18.1883
-18.1891
-18.1898
-18.1906
-18.1914
-18.1923
-18.1931
-18.1939
-18.1948
-18.1957
-18.1965
-18.1972
-18.1979
-18.1986
-18.1995
-18.2003
-18.2011
-18.2019
-18.2028
-18.2036
-18.2044
-18.2053
-18.206
-18.2068
-18.2076
-18.2085
-18.2093
-18.2102
-18.211
-18.2119
-18.2128
-18.2137
-18.2146
-18.2153
-18.2161
-18.2169
-18.2178
-18.2185
-18.2193
-18.2201
-18.2209
-18.2217
-18.2226
-18.2234
-18.2241
-18.2249
-18.2257
-18.2265
-18.2273
-18.228
-18.2288
-18.2296
-18.2305
-18.2313
-18.2322
-18.233
-18.2338
-18.2346
-18.2354
-18.2362
-18.237
-18.2378
-18.2387
-18.2394
-18.2402
-18.241
-18.2417
-18.2425
-18.2433
-18.244
-18.2448
-18.2455
-18.2463
-18.247
-18.2478
-18.2487
-18.2495
-18.2502
-18.2509
-18.2517
-18.2525
-18.2532
-18.2539
-18.2547
-18.2555
-18.2562
-18.257
-18.2578
-18.2586
-18.2593
-18.2599
-18.2606
-18.2614
-18.2622
-18.2628
-18.2636
-18.2645
-18.2654
-18.2662
-18.2669
-18.2676
-18.2684
-18.2693
-18.2701
-18.2709
-18.2716
-18.2724
-18.2733
-18.2741
-18.2749
-18.2757
-18.2766
-18.2775
-18.2783
-18.2791
-18.2799
-18.2807
-18.2816
-18.2823
-18.2832
-18.2841
-18.285
-18.2858
-18.2867
-18.2875
-18.2883
-18.2891
-18.2899
-18.2907
-18.2916
-18.2924
-18.2932
-18.294
-18.2948
-18.2956
-18.2964
-18.2973
-18.2981
-18.299
-18.2999
-18.3007
-18.3015
-18.3023
-18.3031
-18.3039
-18.3046
-18.3054
-18.3062
-18.3071
-18.3079
-18.3087
-18.3095
-18.3103
-18.3112
-18.312
-18.3126
-18.3134
-18.3141
-18.3148
-18.3157
-18.3164
-18.3172
-18.3179
-18.3187
-18.3196
-18.3204
-18.3211
-18.3219
-18.3228
-18.3236
-18.3244
-18.3251
-18.3258
-18.3265
-18.3274
-18.3283
-18.3291
-18.3298
-18.3305
-18.3313
-18.3323
-18.3331
-18.3339
-18.3347
-18.3355
-18.3363
-18.3371
-18.3379
-18.3387
-18.3396
-18.3404
-18.3412
-18.342
-18.3428
-18.3435
-18.3443
-18.345
-18.3458
-18.3466
-18.3474
-18.3481
-18.349
-18.3498
-18.3506
-18.3513
-18.352
-18.3528
-18.3536
-18.3544
-18.3551
-18.3558
-18.3565
-18.3573
-18.3581
-18.3589
-18.3597
-18.3605
-18.3613
-18.362
-18.3629
-18.3636
-18.3644
-18.3653
-18.3661
-18.3669
-18.3677
-18.3685
-18.3694
-18.3702
-18.371
-18.3719
-18.3728
-18.3736
-18.3744
-18.3752
-18.376
-18.3768
-18.3776
-18.3784
-18.3792
-18.38
-18.3808
-18.3817
-18.3826
-18.3833
-18.384
-18.3848
-18.3857
-18.3865
-18.3873
-18.3882
-18.3891
-18.3899
-18.3908
-18.3917
-18.3925
-18.3932
-18.394
-18.3949
-18.3959
-18.3967
-18.3974
-18.3983
-18.3991
-18.4
-18.4008
-18.4016
-18.4025
-18.4034
-18.4042
-18.4051
-18.406
-18.4068
-18.4076
-18.4085
-18.4093
-18.4102
-18.411
-18.4118
-18.4126
-18.4134
-18.4143
-18.4151
-18.4158
-18.4167
-18.4176
-18.4185
-18.4193
-18.42
-18.4208
-18.4217
-18.4226
-18.4233
-18.4241
-18.4249
-18.4257
-18.4265
-18.4272
-18.4281
-18.429
-18.4298
-18.4307
-18.4315
-18.4323
-18.4331
-18.434
-18.4348
-18.4355
-18.4363
-18.4372
-18.438
-18.4389
-18.4397
-18.4405
-18.4413
-18.4422
-18.443
-18.4438
-18.4446
-18.4454
-18.4462
-18.447
-18.4478
-18.4485
-18.4494
-18.4501
-18.4509
-18.4518
-18.4526
-18.4534
-18.4543
-18.4551
-18.4559
-18.4567
-18.4575
-18.4583
-18.459
-18.4599
-18.4606
-18.4614
-18.4622
-18.4631
-18.4639
-18.4648
-18.4656
-18.4664
-18.4673
-18.4681
-18.4689
-18.4697
-18.4705
-18.4713
-18.4722
-18.473
-18.4738
-18.4747
-18.4754
-18.4762
-18.477
-18.4779
-18.4787
-18.4794
-18.4802
-18.481
-18.4818
-18.4827
-18.4836
-18.4844
-18.4852
-18.4862
-18.487
-18.4878
-18.4887
-18.4896
-18.4904
-18.4912
-18.492
-18.4928
-18.4935
-18.4943
-18.4952
-18.4961
-18.4969
-18.4977
-18.4985
-18.4994
-18.5003
-18.5012
-18.502
-18.5028
-18.5036
-18.5044
-18.5052
-18.506
-18.5068
-18.5077
-18.5085
-18.5094
-18.5103
-18.5111
-18.5118
-18.5126
-18.5135
-18.5144
-18.5152
-18.516
-18.5167
-18.5175
-18.5184
-18.5193
-18.5202
-18.5209
-18.5217
-18.5226
-18.5235
-18.5244
-18.5252
-18.5261
-18.5269
-18.5277
-18.5285
-18.5293
-18.5301
-18.5309
-18.5317
-18.5326
-18.5335
-18.5343
-18.5352
-18.536
-18.5369
-18.5377
-18.5385
-18.5394
-18.5402
-18.541
-18.5418
-18.5427
-18.5435
-18.5443
-18.5451
-18.5459
-18.5467
-18.5475
-18.5482
-18.5491
-18.5499
-18.5507
-18.5515
-18.5524
-18.5532
-18.554
-18.5549
-18.5558
-18.5566
-18.5574
-18.5582
-18.559
-18.5598
-18.5606
-18.5614
-18.5622
-18.563
-18.5638
-18.5647
-18.5655
-18.5663
-18.5671
-18.568
-18.5688
-18.5696
-18.5704
-18.5712
-18.5719
-18.5727
-18.5735
-18.5743
-18.5751
-18.5759
-18.5767
-18.5775
-18.5783
-18.5792
-18.58
-18.5808
-18.5816
-18.5826
-18.5834
-18.5842
-18.585
-18.5857
-18.5865
-18.5874
-18.5883
-18.589
-18.5899
-18.5908
-18.5916
-18.5924
-18.5933
-18.5941
-18.5951
-18.596
-18.5968
-18.5976
-18.5985
-18.5993
-18.6
-18.6008
-18.6017
-18.6025
-18.6033
-18.6041
-18.6049
-18.6058
-18.6066
-18.6074
-18.6082
-18.609
-18.6098
-18.6106
-18.6114
-18.6122
-18.6129
-18.6138
-18.6146
-18.6155
-18.6163
-18.6171
-18.6178
-18.6187
-18.6194
-18.6202
-18.6211
-18.6219
-18.6227
-18.6237
-18.6245
-18.6253
-18.6261
-18.6269
-18.6277
-18.6285
-18.6294
-18.6303
-18.631
-18.6319
-18.6328
-18.6336
-18.6345
-18.6353
-18.6362
-18.6371
-18.6379
-18.6386
-18.6394
-18.6402
-18.641
-18.6418
-18.6427
-18.6436
-18.6444
-18.6452
-18.646
-18.6468
-18.6477
-18.6485
-18.6492
-18.65
-18.651
-18.6518
-18.6526
-18.6535
-18.6543
-18.6552
-18.656
-18.6568
-18.6575
-18.6584
-18.6592
-18.66
-18.6609
-18.6618
-18.6626
-18.6633
-18.664
-18.6649
-18.6658
-18.6666
-18.6673
-18.6682
-18.669
-18.669
-18.6699
-18.6706
-18.6715
-18.6723
-18.6731
-18.674
-18.6748
-18.6756
-18.6765
-18.6773
-18.6781
-18.6789
-18.6797
-18.6805
-18.6813
-18.6821
-18.683
-18.6838
-18.6846
-18.6854
-18.6862
-18.687
-18.6879
-18.6887
-18.6895
-18.6903
-18.6912
-18.692
-18.6928
-18.6937
-18.6946
-18.6954
-18.6962
-18.697
-18.6978
-18.6987
-18.6996
-18.7003
-18.7011
-18.7019
-18.7028
-18.7037
-18.7044
-18.7052
-18.7062
-18.707
-18.7078
-18.7087
-18.7095
-18.7104
-18.7112
-18.712
-18.7128
-18.7136
-18.7144
-18.7152
-18.716
-18.7168
-18.7176
-18.7184
-18.7193
-18.7201
-18.7209
-18.7217
-18.7225
-18.7233
-18.7242
-18.725
-18.7259
-18.7266
-18.7274
-18.7283
-18.7292
-18.7301
-18.7309
-18.7317
-18.7326
-18.7335
-18.7343
-18.7352
-18.736
-18.7369
-18.7377
-18.7386
-18.7394
-18.7402
-18.741
-18.7419
-18.7428
-18.7436
-18.7444
-18.7452
-18.7461
-18.747
-18.7479
-18.7487
-18.7495
-18.7503
-18.7512
-18.752
-18.7529
-18.7537
-18.7545
-18.7554
-18.7562
-18.7571
-18.7579
-18.7587
-18.7595
-18.7603
-18.7612
-18.762
-18.7628
-18.7637
-18.7645
-18.7653
-18.7661
-18.767
-18.7679
-18.7687
-18.7696
-18.7704
-18.7712
-18.7721
-18.7728
-18.7737
-18.7746
-18.7754
-18.7763
-18.7771
-18.7779
-18.7787
-18.7796
-18.7804
-18.7813
-18.7821
-18.783
-18.7839
-18.7847
-18.7855
-18.7863
-18.7872
-18.788
-18.7888
-18.7897
-18.7905
-18.7913
-18.7921
-18.7929
-18.7938
-18.7947
-18.7955
-18.7963
-18.7971
-18.7979
-18.7988
-18.7997
-18.8004
-18.8013
-18.8021
-18.8029
-18.8037
-18.8046
-18.8055
-18.8064
-18.8073
-18.8082
-18.809
-18.8098
-18.8106
-18.8114
-18.8123
-18.8132
-18.8141
-18.8148
-18.8155
-18.8163
-18.8171
-18.8179
-18.8187
-18.8195
-18.8203
-18.8211
-18.822
-18.8228
-18.8236
-18.8244
-18.8251
-18.8259
-18.8267
-18.8276
-18.8284
-18.8292
-18.83
-18.8308
-18.8317
-18.8325
-18.8333
-18.8341
-18.835
-18.8359
-18.8367
-18.8375
-18.8383
-18.8391
-18.8399
-18.8407
-18.8415
-18.8422
-18.843
-18.8439
-18.8448
-18.8456
-18.8464
-18.8473
-18.8481
-18.8488
-18.8496
-18.8504
-18.8512
-18.852
-18.8529
-18.8538
-18.8546
-18.8554
-18.8562
-18.8571
-18.858
-18.8588
-18.8596
-18.8604
-18.8611
-18.862
-18.8628
-18.8636
-18.8645
-18.8653
-18.8662
-18.867
-18.8679
-18.8687
-18.8695
-18.8702
-18.8711
-18.8719
-18.8728
-18.8736
-18.8744
-18.8752
-18.8761
-18.8769
-18.8777
-18.8785
-18.8793
-18.8801
-18.881
-18.8818
-18.8825
-18.8833
-18.8841
-18.8849
-18.8858
-18.8867
-18.8874
-18.8882
-18.8891
-18.8899
-18.8907
-18.8915
-18.8924
-18.8932
-18.8941
-18.8949
-18.8957
-18.8965
-18.8973
-18.8981
-18.899
-18.8998
-18.9006
-18.9014
-18.9022
-18.903
-18.9038
-18.9046
-18.9054
-18.9062
-18.907
-18.9079
-18.9087
-18.9095
-18.9104
-18.9112
-18.9121
-18.913
-18.9138
-18.9146
-18.9155
-18.9162
-18.9171
-18.9179
-18.9188
-18.9197
-18.9205
-18.9214
-18.9223
-18.9231
-18.9239
-18.9248
-18.9256
-18.9264
-18.9272
-18.9281
-18.9289
-18.9298
-18.9306
-18.9314
-18.9322
-18.933
-18.9339
-18.9348
-18.9356
-18.9365
-18.9373
-18.9381
-18.9389
-18.9397
-18.9406
-18.9413
-18.9421
-18.9429
-18.9437
-18.9446
-18.9455
-18.9464
-18.9472
-18.9479
-18.9487
-18.9496
-18.9504
-18.9512
-18.952
-18.9528
-18.9537
-18.9546
-18.9554
-18.9563
-18.9571
-18.9579
-18.9588
-18.9596
-18.9604
-18.9612
-18.962
-18.9628
-18.9637
-18.9645
-18.9653
-18.9661
-18.9669
-18.9678
-18.9686
-18.9694
-18.9701
-18.9709
-18.9717
-18.9725
-18.9733
-18.9742
-18.975
-18.9758
-18.9766
-18.9774
-18.9782
-18.9791
-18.9798
-18.9807
-18.9815
-18.9823
-18.9831
-18.984
-18.9848
-18.9856
-18.9864
-18.9872
-18.988
-18.9889
-18.9897
-18.9905
-18.9914
-18.9922
-18.9929
-18.9937
-18.9946
-18.9955
-18.9962
-18.997
-18.9977
-18.9985
-18.9994
-19.0002
-19.0011
-19.0019
-19.0027
-19.0035
-19.0043
-19.0051
-19.006
-19.0068
-19.0077
-19.0086
-19.0095
-19.0103
-19.0111
-19.0119
-19.0128
-19.0137
-19.0145
-19.0152
-19.016
-19.0167
-19.0175
-19.0183
-19.0191
-19.02
-19.0208
-19.0215
-19.0224
-19.0233
-19.0241
-19.025
-19.0257
-19.0265
-19.0274
-19.0282
-19.029
-19.0299
-19.0308
-19.0317
-19.0326
-19.0334
-19.0342
-19.035
-19.0357
-19.0365
-19.0373
-19.0382
-19.0391
-19.0399
-19.0407
-19.0416
-19.0424
-19.0432
-19.044
-19.0449
-19.0458
-19.0466
-19.0475
-19.0482
-19.049
-19.0499
-19.0507
-19.0515
-19.0523
-19.0531
-19.054
-19.0548
-19.0557
-19.0565
-19.0573
-19.058
-19.0588
-19.0597
-19.0605
-19.0613
-19.062
-19.0628
-19.0637
-19.0646
-19.0654
-19.0661
-19.0669
-19.0677
-19.0685
-19.0694
-19.0702
-19.071
-19.0719
-19.0727
-19.0735
-19.0743
-19.0751
-19.0759
-19.0768
-19.0777
-19.0785
-19.0793
-19.0801
-19.0809
-19.0818
-19.0826
-19.0835
-19.0843
-19.0851
-19.0859
-19.0868
-19.0877
-19.0885
-19.0893
-19.0901
-19.091
-19.0919
-19.0928
-19.0937
-19.0945
-19.0954
-19.0962
-19.097
-19.0978
-19.0987
-19.0995
-19.1003
-19.1011
-19.1019
-19.1027
-19.1036
-19.1044
-19.1053
-19.1061
-19.1069
-19.1077
-19.1086
-19.1094
-19.1102
-19.1111
-19.1119
-19.1127
-19.1136
-19.1145
-19.1154
-19.1162
-19.117
-19.1179
-19.1188
-19.1196
-19.1205
-19.1213
-19.1221
-19.1229
-19.1238
-19.1246
-19.1255
-19.1262
-19.127
-19.1278
-19.1287
-19.1295
-19.1303
-19.1311
-19.132
-19.1328
-19.1336
-19.1345
-19.1353
-19.1361
-19.137
-19.1378
-19.1387
-19.1395
-19.1403
-19.1412
-19.1419
-19.1427
-19.1435
-19.1443
-19.1452
-19.146
-19.1469
-19.1478
-19.1486
-19.1494
-19.1502
-19.1511
-19.1519
-19.1528
-19.1537
-19.1545
-19.1553
-19.1562
-19.1571
-19.1579
-19.1587
-19.1595
-19.1603
-19.1611
-19.1619
-19.1627
-19.1635
-19.1644
0
0
0
0
0
0
0
0
0
0
0
0
0
0
0
0
0
0
0
0
0
0
0
0
0
0
0
0
0
0
0
0
0
0
0
0
0
0
0
0
0
0
0
0
0
0
0
0
0
0
0
0
0
0
0
0
0
0
0
0
0
0
0
0
0
0
0
0
0
0
0
0
0
0
0
0
0
0
0
0
0
0
0
0
0
0
0
0
0
0
0
0
0
0
0
0
0
0
0
0
0
0
0
0
0
0
0
0
0
0
0
0
0
0
0
0
0
0
0
0
0
0
0
0
0
0
0
0
0
0
0
0
0
0
0
0
0
0
0
0
0
0
0
0
0
0
0
0
0
0
0
0
0
0
0
0
0
0
0
0
0
0
0
0
0
0
0
0
0
0
0
0
0
0
0
0
0
0
0
0
0
0
0
0
0
0
0
0
0
0
0
0
0
0
0
0
0
0
0
0
0
0
0
0
0
0
0
0
0
0
0
0
0
0
0
0
0
0
0
0
0
0
0
0
0
0
0
0
0
0
0
0
0
0
0
0
0
0
0
0
0
0
0
0
0
0
0
0
0
0
0
0
0
0
0
0
0
0
0
0
0
0
0
0
0
0
0
0
0
0
0
0
0
0
0
0
0
0
0
0
0
0
0
0
0
0
0
0
0
0
0
0
0
0
0
0
0
0
0
0
0
0
0
0
0
0
0
0
0
0
0
0
0
0
0
0
0
0
0
0
0
0
0
0
0
0
0
0
0
0
0
0
0
0
0
0
0
0
0
0
0
0
0
0
0
0
0
0
0
0
0
0
0
0
0
0
0
0
0
0
0
0
0
0
0
0
0
0
0
0
0
0
0
0
0
0
0
0
0
0
0
0
0
0
0
0
0
0
0
0
0
0
0
0
0
0
0
0
0
0
0
0
0
0
0
0
0
0
0
0
0
0
0
0
0
0
0
0
0
0
0
0
0
0
0
0
0
0
0
0
0
0
0
0
0
0
0
0
0
0
0
0
0
0
0
0
0
0
0
0
0
0
0
0
0
0
0
0
0
0
0
0
0
0
0
0
0
0
0
0
0
0
0
0
0
0
0
0
0
0
0
0
0
0
0
0
0
0
0
0
0
0
0
0
0
0
0
0
0
0
0
0
0
0
0
0
0
0
0
0
0
0
0
0
0
0
0
0
0
0
0
0
0
0
0
0
0
0
0
0
0
0
0
0
0
0
0
0
0
0
0
0
0
0
0
0
0
0
0
0
0
0
0
0
0
0
0
0
0
0
0
0
0
0
0
0
0
0
0
0
0
0
0
0
0
0
0
0
0
0
0
0
0
0
0
0
0
0
0
0
0
0
0
0
0
0
0
0
0
0
0
0
0
0
0
0
0
0
0
0
0
0
0
0
0
0
0
0
0
0
0
0
0
0
0
0
0
0
0
0
0
0
0
0
0
0
0
0
0
0
0
0
0
0
0
0
0
0
0
0
0
0
0
0
0
0
0
0
0
0
0
0
0
0
0
0
0
0
0
0
0
0
0
0
0
0
0
0
0
0
0
0
0
0
0
0
0
0
0
0
0
0
0
0
0
0
0
0
0
0
0
0
0
0
0
0
0
0
0
0
0
0
0
0
0
0
0
0
0
0
0
0
0
0
0
0
0
0
0
0
0
0
0
0
0
0
0
0
0
0
0
0
0
0
0
0
0
0
0
0
0
0
0
0
0
0
0
0
0
0
0
0
0
0
0
0
0
0
0
0
0
0
0
0
0
0
0
0
0
0
0
0
0
0
0
0
0
0
0
0
0
0
0
0
0
0
0
0
0
0
0
0
0
0
0
0
0
0
0
0
0
0
0
0
0
0
0
0
0
0
0
0
0
0
0
0
0
0
0
0
0
0
0
0
0
0
0
0
0
0
0
0
0
0
0
0
0
0
0
0
0
0
0
0
0
0
0
0
0
0
0
0
0
0
0
0
0
0
0
0
0
0
0
0
0
0
0
0
0
0
0
0
0
0
0
0
0
0
0
0
0
0
0
0
0
0
0
0
0
0
0
0
0
0
0
0
0
0
0
0
0
0
0
0
0
0
0
0
0
0
0
0
0
0
0
0
0
0
0
0
0
0
0
0
0
0
0
0
0
0
0
0
0
0
0
0
0
0
0
0
0
0
0
0
0
0
0
0
0
0
0
0
0
0
0
0
0
0
0
0
0
0
0
0
0
0
0
0
0
0
0
0
0
0
0
0
0
0
0
0
0
0
0
0
0
0
0
0
0
0
0
0
0
0
0
0
0
0
0
0
0
0
0
0
0
0
0
0
0
0
0
0
0
0
0
0
0
0
0
0
0
0
0
0
0
0
0
0
0
0
0
0
0
0
0
0
0
0
0
0
0
0
0
0
0
0
0
0
0
0
0
0
0
0
0
0
0
0
0
0
0
0
0
0
0
0
0
0
0
0
0
0
0
0
0
0
0
0
0
0
0
0
0
0
0
0
0
0
0
0
0
0
0
0
0
0
0
0
0
0
0
0
0
0
0
0
0
0
0
0
0
0
0
0
0
0
0
0
0
0
0
0
0
0
0
0
0
0
0
0
0
0
0
0
0
0
0
0
0
0
0
0
0
0
0
0
0
0
0
0
0
0
0
0
0
0
0
0
0
0
0
0
0
0
0
0
0
0
0
0
0
0
0
0
