-38.0432
-38.0459
-38.0486
-38.0513
-38.054
-38.0566
-38.0593
-38.062
-38.0646
-38.0672
-38.0699
-38.0725
-38.0752
-38.078
-38.0807
-38.0834
-38.0861
-38.0887
-38.0913
-38.094
-38.0967
-38.0994
-38.1021
-38.1048
-38.1075
-38.1102
-38.1129
-38.1156
-38.1183
-38.121
-38.1237
-38.1263
-38.129
-38.1317
-38.1345
-38.1371
-38.1398
-38.1425
-38.1451
-38.1477
-38.1502
-38.1529
-38.1555
-38.1583
-38.1609
-38.1635
-38.1662
-38.1689
-38.1716
-38.1743
-38.177
-38.1798
-38.1825
-38.1852
-38.188
-38.1908
-38.1934
-38.1961
-38.1988
-38.2015
-38.2042
-38.2069
-38.2095
-38.2122
-38.2148
-38.2174
-38.2201
-38.2228
-38.2255
-38.2283
-38.2309
-38.2335
-38.2361
-38.2388
-38.2416
-38.2444
-38.247
-38.2496
-38.2523
-38.2549
-38.2576
-38.2603
-38.2631
-38.2657
-38.2683
-38.271
-38.2737
-38.2765
-38.2792
-38.2818
-38.2844
-38.287
-38.2896
-38.2922
-38.2949
-38.2975
-38.3002
-38.303
-38.3057
-38.3085
-38.3112
-38.3139
-38.3167
-38.3194
-38.3221
-38.3246
-38.3273
-38.3299
-38.3325
-38.3352
-38.338
-38.3407
-38.3434
-38.3461
-38.3487
-38.3513
-38.354
-38.3566
-38.3593
-38.3619
-38.3646
-38.3672
-38.3698
-38.3725
-38.3752
-38.3779
-38.3805
-38.3832
-38.3858
-38.3884
-38.3911
-38.3939
-38.3965
-38.3992
-38.4019
-38.4046
-38.4072
-38.4099
-38.4126
-38.4153
-38.418
-38.4206
-38.4233
-38.426
-38.4286
-38.4313
-38.4339
-38.4366
-38.4393
-38.442
-38.4446
-38.4473
-38.4501
-38.4527
-38.4554
-38.4581
-38.4608
-38.4636
-38.4663
-38.4691
-38.4717
-38.4744
-38.477
-38.4797
-38.4824
-38.4851
-38.4878
-38.4905
-38.4931
-38.4957
-38.4983
-38.501
-38.5037
-38.5064
-38.5091
-38.5119
-38.5146
-38.5173
-38.5201
-38.5228
-38.5256
-38.5283
-38.531
-38.5336
-38.5363
-38.539
-38.5417
-38.5444
-38.547
-38.5496
-38.5523
-38.555
-38.5576
-38.5602
-38.5629
-38.5655
-38.5681
-38.5708
-38.5734
-38.5761
-38.5788
-38.5815
-38.5843
-38.5871
-38.5898
-38.5924
-38.5951
-38.5978
-38.6005
-38.6031
-38.6059
-38.6086
-38.6113
-38.614
-38.6168
-38.6194
-38.622
-38.6246
-38.6272
-38.6299
-38.6326
-38.6352
-38.6378
-38.6405
-38.6432
-38.6459
-38.6485
-38.6512
-38.6538
-38.6564
-38.659
-38.6617
-38.6644
-38.6671
-38.6697
-38.6724
-38.6751
-38.6777
-38.6803
-38.6829
-38.6856
-38.6884
-38.691
-38.6936
-38.6963
-38.6989
-38.7016
-38.7042
-38.7069
-38.7096
-38.7124
-38.7151
-38.7179
-38.7206
-38.7232
-38.7259
-38.7286
-38.7313
-38.734
-38.7367
-38.7394
-38.7421
-38.7448
-38.7474
-38.7501
-38.7529
-38.7556
-38.7582
-38.7608
-38.7635
-38.7662
-38.7689
-38.7715
-38.7742
-38.7769
-38.7796
-38.7823
-38.785
-38.7877
-38.7903
-38.7931
-38.7958
-38.7985
-38.8011
-38.8038
-38.8065
-38.809
-38.8117
-38.8144
-38.8172
-38.82
-38.8227
-38.8254
-38.8281
-38.8308
-38.8335
-38.8362
-38.8388
-38.8415
-38.8442
-38.8469
-38.8496
-38.8523
-38.855
-38.8577
-38.8604
-38.863
-38.8657
-38.8683
-38.8711
-38.8738
-38.8765
-38.8792
-38.882
-38.8846
-38.8872
-38.89
-38.8927
-38.8955
-38.8982
-38.9009
-38.9034
-38.9061
-38.9088
-38.9115
-38.9141
-38.9167
-38.9194
-38.9221
-38.9248
-38.9275
-38.9303
-38.9331
-38.9357
-38.9384
-38.9411
-38.9439
-38.9468
-38.9495
-38.9522
-38.9549
-38.9577
-38.9604
-38.9631
-38.9659
-38.9685
-38.9712
-38.9738
-38.9764
-38.979
-38.9816
-38.9843
-38.9869
-38.9896
-38.9923
-38.9949
-38.9976
-39.0004
-39.0031
-39.0058
-39.0085
-39.0114
-39.0141
-39.0168
-39.0195
-39.0222
-39.0249
-39.0276
-39.0303
-39.033
-39.0357
-39.0383
-39.041
-39.0437
-39.0464
-39.0491
-39.0518
-39.0546
-39.0573
-39.06
-39.0627
-39.0653
-39.0679
-39.0706
-39.0732
-39.0758
-39.0785
-39.0812
-39.0839
-39.0865
-39.0892
-39.0919
-39.0946
-39.0973
-39.1
-39.1026
-39.1052
-39.1078
-39.1105
-39.1132
-39.1158
-39.1184
-39.121
-39.1237
-39.1263
-39.1291
-39.1318
-39.1344
-39.1371
-39.1398
-39.1426
-39.1454
-39.1482
-39.1509
-39.1537
-39.1564
-39.1591
-39.1618
-39.1645
-39.1672
-39.1699
-39.1726
-39.1752
-39.1779
-39.1805
-39.1831
-39.1858
-39.1884
-39.1911
-39.1939
-39.1967
-39.1995
-39.2022
-39.2048
-39.2075
-39.2102
-39.2129
-39.2157
-39.2185
-39.2212
-39.2238
-39.2265
-39.2292
-39.2319
-39.2345
-39.2373
-39.24
-39.2426
-39.2451
-39.2478
-39.2505
-39.253
-39.2557
-39.2583
-39.2609
-39.2636
-39.2663
-39.2689
-39.2716
-39.2744
-39.2771
-39.2797
-39.2825
-39.2851
-39.2878
-39.2905
-39.2932
-39.2959
-39.2986
-39.3013
-39.304
-39.3067
-39.3094
-39.3121
-39.3149
-39.3176
-39.3202
-39.3229
-39.3256
-39.3283
-39.3311
-39.3337
-39.3364
-39.339
-39.3416
-39.3443
-39.347
-39.3497
-39.3525
-39.3552
-39.3579
-39.3606
-39.3632
-39.3658
-39.3686
-39.3713
-39.3739
-39.3765
-39.3792
-39.3818
-39.3845
-39.3873
-39.3899
-39.3926
-39.3951
-39.3978
-39.4004
-39.403
-39.4058
-39.4085
-39.4112
-39.4139
-39.4167
-39.4194
-39.4221
-39.4248
-39.4275
-39.4302
-39.4329
-39.4356
-39.4382
-39.4409
-39.4435
-39.4462
-39.4488
-39.4514
-39.4541
-39.4567
-39.4594
-39.462
-39.4647
-39.4673
-39.47
-39.4727
-39.4755
-39.4782
-39.4809
-39.4836
-39.4863
-39.4889
-39.4916
-39.4943
-39.4969
-39.4996
-39.5023
-39.505
-39.5077
-39.5104
-39.513
-39.5158
-39.5185
-39.5211
-39.5238
-39.5266
-39.5292
-39.5319
-39.5346
-39.5373
-39.5401
-39.5429
-39.5456
-39.5483
-39.5509
-39.5536
-39.5564
-39.5591
-39.5619
-39.5646
-39.5672
-39.5699
-39.5725
-39.5752
-39.5779
-39.5806
-39.5831
-39.5857
-39.5883
-39.591
-39.5936
-39.5963
-39.5989
-39.6015
-39.6041
-39.6067
-39.6093
-39.612
-39.6146
-39.6172
-39.6198
-39.6225
-39.6252
-39.6279
-39.6307
-39.6334
-39.6362
-39.639
-39.6417
-39.6444
-39.6471
-39.6498
-39.6525
-39.6552
-39.658
-39.6607
-39.6634
-39.6662
-39.669
-39.6717
-39.6744
-39.6771
-39.6798
-39.6826
-39.6852
-39.6879
-39.6905
-39.693
-39.6956
-39.6984
-39.701
-39.7037
-39.7065
-39.7092
-39.7119
-39.7146
-39.7173
-39.72
-39.7227
-39.7254
-39.728
-39.7306
-39.7333
-39.7359
-39.7386
-39.7412
-39.7438
-39.7465
-39.7491
-39.7517
-39.7544
-39.7571
-39.7598
-39.7624
-39.765
-39.7676
-39.7703
-39.773
-39.7757
-39.7785
-39.7811
-39.7838
-39.7866
-39.7893
-39.792
-39.7946
-39.7973
-39.8
-39.8026
-39.8053
-39.808
-39.8106
-39.8132
-39.8159
-39.8186
-39.8213
-39.8239
-39.8266
-39.8292
-39.832
-39.8348
-39.8376
-39.8403
-39.8429
-39.8456
-39.8483
-39.8511
-39.8538
-39.8566
-39.8593
-39.862
-39.8647
-39.8675
-39.8701
-39.8727
-39.8754
-39.8781
-39.8807
-39.8833
-39.886
-39.8886
-39.8912
-39.8939
-39.8965
-39.8991
-39.9017
-39.9045
-39.9072
-39.9099
-39.9127
-39.9154
-39.9181
-39.9207
-39.9235
-39.9263
-39.929
-39.9317
-39.9344
-39.9372
-39.9399
-39.9426
-39.9453
-39.948
-39.9507
-39.9534
-39.9561
-39.9588
-39.9615
-39.9642
-39.967
-39.9697
-39.9724
-39.9751
-39.9778
-39.9805
-39.9833
-39.986
-39.9887
-39.9915
-39.9941
-39.9968
-39.9995
-40.0022
-40.005
-40.0078
-40.0104
-40.013
-40.0157
-40.0182
-40.0208
-40.0235
-40.0262
-40.029
-40.0317
-40.0344
-40.0371
-40.0398
-40.0424
-40.0451
-40.0478
-40.0505
-40.0531
-40.0557
-40.0585
-40.0612
-40.0639
-40.0667
-40.0695
-40.0723
-40.075
-40.0776
-40.0803
-40.083
-40.0857
-40.0883
-40.091
-40.0936
-40.0964
-40.099
-40.1017
-40.1044
-40.107
-40.1098
-40.1125
-40.1152
-40.1179
-40.1206
-40.1232
-40.1258
-40.1284
-40.1311
-40.1337
-40.1363
-40.1389
-40.1416
-40.1443
-40.147
-40.1497
-40.1524
-40.1551
-40.1578
-40.1604
-40.1631
-40.1658
-40.1685
-40.1712
-40.1739
-40.1764
-40.179
-40.1817
-40.1845
-40.1872
-40.1899
-40.1926
-40.1954
-40.198
-40.2007
-40.2034
-40.2061
-40.2088
-40.2114
-40.214
-40.2167
-40.2194
-40.222
-40.2247
-40.2273
-40.23
-40.2326
-40.2353
-40.238
-40.2406
-40.2432
-40.2459
-40.2486
-40.2513
-40.2539
-40.2566
-40.2593
-40.2619
-40.2645
-40.2672
-40.2699
-40.2725
-40.2752
-40.2778
-40.2805
-40.2832
-40.2858
-40.2884
-40.2911
-40.2938
-40.2964
-40.2991
-40.3018
-40.3045
-40.3072
-40.3099
-40.3126
-40.3152
-40.318
-40.3207
-40.3233
-40.3259
-40.3285
-40.3311
-40.3337
-40.3363
-40.339
-40.3417
-40.3443
-40.3469
-40.3495
-40.3521
-40.3546
-40.3572
-40.3599
-40.3626
-40.3652
-40.3678
-40.3704
-40.3731
-40.3758
-40.3785
-40.3813
-40.384
-40.3866
-40.3893
-40.392
-40.3946
-40.3973
-40.4
-40.4028
-40.4055
-40.4082
-40.4108
-40.4135
-40.4162
-40.4188
-40.4213
-40.4239
-40.4266
-40.4293
-40.4321
-40.4348
-40.4375
-40.4402
-40.4429
-40.4456
-40.4482
-40.4509
-40.4535
-40.4562
-40.459
-40.4617
-40.4643
-40.467
-40.4697
-40.4724
-40.4751
-40.4778
-40.4805
-40.4832
-40.4858
-40.4885
-40.4912
-40.4938
-40.4964
-40.499
-40.5017
-40.5044
-40.5071
-40.5098
-40.5125
-40.5151
-40.5178
-40.5206
-40.5233
-40.5261
-40.5288
-40.5315
-40.5342
-40.5368
-40.5395
-40.5422
-40.5448
-40.5475
-40.5501
-40.5528
-40.5555
-40.5581
-40.5608
-40.5635
-40.5662
-40.5689
-40.5716
-40.5742
-40.5769
-40.5796
-40.5822
-40.5849
-40.5877
-40.5905
-40.5931
-40.5958
-40.5984
-40.601
-40.6037
-40.6064
-40.609
-40.6117
-40.6144
-40.6171
-40.6197
-40.6223
-40.6249
-40.6276
-40.6303
-40.633
-40.6356
-40.6382
-40.6409
-40.6436
-40.6463
-40.649
-40.6516
-40.6542
-40.6568
-40.6596
-40.6624
-40.6651
-40.6678
-40.6705
-40.6731
-40.6758
-40.6785
-40.6811
-40.6837
-40.6864
-40.6891
-40.6918
-40.6944
-40.6971
-40.6998
-40.7024
-40.7051
-40.7077
-40.7103
-40.7129
-40.7157
-40.7183
-40.721
-40.7236
-40.7263
-40.729
-40.7317
-40.7344
-40.737
-40.7396
-40.7422
-40.7448
-40.7474
-40.7501
-40.7528
-40.7553
-40.7579
-40.7605
-40.7633
-40.766
-40.7687
-40.7715
-40.7742
-40.7769
-40.7796
-40.7823
-40.785
-40.7877
-40.7904
-40.7932
-40.7959
-40.7986
-40.8014
-40.8041
-40.8068
-40.8096
-40.8123
-40.815
-40.8176
-40.8202
-40.8229
-40.8256
-40.8282
-40.8309
-40.8336
-40.8362
-40.8388
-40.8415
-40.8442
-40.8468
-40.8495
-40.8522
-40.855
-40.8577
-40.8603
-40.8629
-40.8656
-40.8684
-40.8711
-40.8737
-40.8764
-40.8791
-40.8818
-40.8845
-40.8871
-40.8897
-40.8924
-40.8951
-40.8977
-40.9003
-40.9028
-40.9054
-40.9081
-40.9108
-40.9135
-40.9162
-40.9189
-40.9216
-40.9244
-40.9272
-40.9299
-40.9326
-40.9353
-40.9379
-40.9406
-40.9432
-40.9459
-40.9486
-40.9513
-40.954
-40.9567
-40.9593
-40.9619
-40.9645
-40.9672
-40.9698
-40.9725
-40.9751
-40.9778
-40.9804
-40.9832
-40.9859
-40.9885
-40.9911
-40.9937
-40.9964
-40.9992
-41.0019
-41.0046
-41.0074
-41.01
-41.0126
-41.0152
-41.018
-41.0206
-41.0233
-41.0259
-41.0286
-41.0312
-41.0339
-41.0365
-41.039
-41.0416
-41.0442
-41.0469
-41.0495
-41.0521
-41.0548
-41.0575
-41.0602
-41.0629
-41.0656
-41.0683
-41.071
-41.0738
-41.0766
-41.0793
-41.082
-41.0846
-41.0873
-41.09
-41.0927
-41.0953
-41.098
-41.1006
-41.1034
-41.1061
-41.1088
-41.1115
-41.1141
-41.1167
-41.1194
-41.1221
-41.1248
-41.1275
-41.1301
-41.1328
-41.1355
-41.1383
-41.141
-41.1437
-41.1464
-41.1491
-41.1519
-41.1546
-41.1574
-41.1601
-41.1627
-41.1653
-41.1679
-41.1705
-41.1732
-41.1759
-41.1786
-41.1812
-41.1839
-41.1864
-41.189
-41.1917
-41.1943
-41.1969
-41.1995
-41.2022
-41.2048
-41.2074
-41.21
-41.2128
-41.2155
-41.2182
-41.221
-41.2238
-41.2264
-41.2291
-41.2317
-41.2344
-41.237
-41.2398
-41.2425
-41.2452
-41.2478
-41.2505
-41.2531
-41.2557
-41.2583
-41.261
-41.2636
-41.2662
-41.2689
-41.2715
-41.2742
-41.277
-41.2796
-41.2823
-41.2851
-41.2879
-41.2905
-41.2932
-41.2958
-41.2984
-41.3011
-41.3038
-41.3065
-41.3092
-41.3118
-41.3144
-41.3171
-41.3197
-41.3223
-41.325
-41.3276
-41.3302
-41.333
-41.3357
-41.3384
-41.3411
-41.3439
-41.3465
-41.3492
-41.3519
-41.3545
-41.3572
-41.3598
-41.3623
-41.3649
-41.3675
-41.3701
-41.3727
-41.3753
-41.3778
-41.3804
-41.383
-41.3856
-41.3882
-41.3908
-41.3934
-41.3959
-41.3984
-41.4011
-41.4038
-41.4064
-41.4091
-41.4117
-41.4145
-41.4172
-41.4198
-41.4225
-41.4251
-41.4278
-41.4305
-41.4332
-41.4359
-41.4385
-41.4411
-41.4437
-41.4464
-41.4491
-41.4518
-41.4545
-41.4572
-41.46
-41.4626
-41.4653
-41.468
-41.4706
-41.4733
-41.476
-41.4787
-41.4814
-41.484
-41.4866
-41.4892
-41.4919
-41.4945
-41.4971
-41.4998
-41.5025
-41.5052
-41.5079
-41.5106
-41.5133
-41.516
-41.5187
-41.5214
-41.524
-41.5266
-41.5293
-41.532
-41.5345
-41.5372
-41.5399
-41.5426
-41.5453
-41.5479
-41.5506
-41.5533
-41.556
-41.5587
-41.5613
-41.564
-41.5667
-41.5693
-41.5719
-41.5745
-41.5772
-41.5798
-41.5824
-41.5851
-41.5877
-41.5904
-41.593
-41.5956
-41.5982
-41.6009
-41.6036
-41.6062
-41.6087
-41.6114
-41.6141
-41.6167
-41.6194
-41.6221
-41.6248
-41.6275
-41.6302
-41.6329
-41.6356
-41.6384
-41.6411
-41.6439
-41.6466
-41.6493
-41.6519
-41.6546
-41.6572
-41.6597
-41.6624
-41.6651
-41.6678
-41.6705
-41.6731
-41.6757
-41.6784
-41.6812
-41.684
-41.6867
-41.6893
-41.6919
-41.6946
-41.6973
-41.6999
-41.7025
-41.7051
-41.7078
-41.7104
-41.713
-41.7157
-41.7183
-41.7209
-41.7235
-41.7261
-41.7287
-41.7314
-41.7341
-41.7367
-41.7394
-41.7421
-41.7447
-41.7474
-41.75
-41.7527
-41.7554
-41.7581
-41.7608
-41.7635
-41.7662
-41.7689
-41.7716
-41.7743
-41.7771
-41.7797
-41.7825
-41.7852
-41.7878
-41.7904
-41.793
-41.7956
-41.7982
-41.8009
-41.8035
-41.8063
-41.809
-41.8117
-41.8144
-41.8173
-41.82
-41.8227
-41.8254
-41.8281
-41.8308
-41.8334
-41.8361
-41.8388
-41.8414
-41.8441
-41.8468
-41.8495
-41.8521
-41.8548
-41.8575
-41.8601
-41.8627
-41.8653
-41.868
-41.8707
-41.8734
-41.8761
-41.8787
-41.8813
-41.884
-41.8867
-41.8894
-41.8921
-41.8948
-41.8975
-41.9001
-41.9028
-41.9055
-41.9081
-41.9107
-41.9134
-41.9161
-41.9188
-41.9215
-41.9242
-41.9268
-41.9294
-41.9321
-41.9347
-41.9373
-41.94
-41.9426
-41.9453
-41.9479
-41.9506
-41.9533
-41.9559
-41.9585
-41.9612
-41.9638
-41.9663
-41.9689
-41.9715
-41.9741
-41.9767
-41.9794
-41.9821
-41.9848
-41.9874
-41.9901
-41.9929
-41.9956
-41.9982
-42.0009
-42.0036
-42.0064
-42.009
-42.0117
-42.0144
-42.0171
-42.0198
-42.0225
-42.0251
-42.0278
-42.0304
-42.0331
-42.0357
-42.0383
-42.0409
-42.0436
-42.0462
-42.0489
-42.0515
-42.0541
-42.0567
-42.0593
-42.0619
-42.0647
-42.0674
-42.0701
-42.0728
-42.0755
-42.0781
-42.0808
-42.0835
-42.0861
-42.0888
-42.0915
-42.0942
-42.0968
-42.0995
-42.1021
-42.1048
-42.1075
-42.1101
-42.1128
-42.1155
-42.1182
-42.1209
-42.1235
-42.1262
-42.1289
-42.1315
-42.1341
-42.1368
-42.1394
-42.1421
-42.1448
-42.1474
-42.1501
-42.1527
-42.1554
-42.1581
-42.1609
-42.1636
-42.1664
-42.1691
-42.1718
-42.1745
-42.1772
-42.1799
-42.1825
-42.1852
-42.1879
-42.1904
-42.1929
-42.1956
-42.1982
-42.2008
-42.2033
-42.206
-42.2087
-42.2114
-42.2141
-42.2168
-42.2195
-42.2222
-42.2249
-42.2275
-42.2302
-42.2329
-42.2356
-42.2384
-42.2411
-42.2438
-42.2463
-42.2489
-42.2516
-42.2543
-42.257
-42.2596
-42.2623
-42.265
-42.2677
-42.2704
-42.2731
-42.2758
-42.2785
-42.2813
-42.284
-42.2867
-42.2893
-42.292
-42.2948
-42.2974
-42.3001
-42.3028
-42.3055
-42.3083
-42.311
-42.3137
-42.3164
-42.3191
-42.3217
-42.3243
-42.327
-42.3296
-42.3323
-42.335
-42.3376
-42.3404
-42.3431
-42.3458
-42.3484
-42.351
-42.3537
-42.3564
-42.359
-42.3616
-42.3643
-42.367
-42.3696
-42.3723
-42.3748
-42.3773
-42.3799
-42.3826
-42.3853
-42.3879
-42.3905
-42.3932
-42.3958
-42.3984
-42.401
-42.4036
-42.4063
-42.4089
-42.4116
-42.4143
-42.4169
-42.4195
-42.4222
-42.4249
-42.4276
-42.4302
-42.4328
-42.4354
-42.4381
-42.4408
-42.4436
-42.4463
-42.449
-42.4517
-42.4544
-42.4571
-42.4597
-42.4624
-42.4651
-42.4677
-42.4703
-42.473
-42.4757
-42.4784
-42.4811
-42.4838
-42.4865
-42.4892
-42.4919
-42.4946
-42.4973
-42.5
-42.5028
-42.5056
-42.5082
-42.5108
-42.5135
-42.5163
-42.5189
-42.5214
-42.5241
-42.5267
-42.5293
-42.532
-42.5346
-42.5373
-42.54
-42.5427
-42.5454
-42.548
-42.5507
-42.5533
-42.556
-42.5587
-42.5614
-42.5641
-42.5667
-42.5695
-42.5722
-42.575
-42.5778
-42.5806
-42.5833
-42.586
-42.5887
-42.5913
-42.5939
-42.5966
-42.5993
-42.6021
-42.6048
-42.6076
-42.6103
-42.613
-42.6157
-42.6183
-42.621
-42.6237
-42.6264
-42.6291
-42.6318
-42.6346
-42.6373
-42.64
-42.6427
-42.6455
-42.6482
-42.6509
-42.6537
-42.6564
-42.6591
-42.6618
-42.6644
-42.6671
-42.6698
-42.6725
-42.6752
-42.6779
-42.6806
-42.6833
-42.6858
-42.6885
-42.6912
-42.6938
-42.6964
-42.699
-42.7017
-42.7043
-42.7071
-42.7097
-42.7124
-42.715
-42.7177
-42.7204
-42.7232
-42.7259
-42.7286
-42.7313
-42.734
-42.7366
-42.7392
-42.7418
-42.7444
-42.747
-42.7496
-42.7522
-42.7549
-42.7576
-42.7603
-42.763
-42.7657
-42.7684
-42.771
-42.7736
-42.7763
-42.779
-42.7817
-42.7844
-42.7871
-42.7897
-42.7924
-42.795
-42.7977
-42.8003
-42.8029
-42.8055
-42.8081
-42.8108
-42.8135
-42.8161
-42.8188
-42.8214
-42.8241
-42.8267
-42.8294
-42.832
-42.8346
-42.8373
-42.84
-42.8427
-42.8453
-42.848
-42.8507
-42.8534
-42.8561
-42.8588
-42.8615
-42.8641
-42.8667
-42.8694
-42.8721
-42.8748
-42.8775
-42.8802
-42.8829
-42.8856
-42.8882
-42.8908
-42.8935
-42.8963
-42.899
-42.9016
-42.9044
-42.907
-42.9098
-42.9124
-42.9151
-42.9178
-42.9205
-42.9231
-42.9258
-42.9284
-42.9311
-42.9339
-42.9366
-42.9393
-42.942
-42.9448
-42.9474
-42.9501
-42.9528
-42.9555
-42.9581
-42.9607
-42.9634
-42.9661
-42.9687
-42.9714
-42.974
-42.9767
-42.9794
-42.9821
-42.9847
-42.9874
-42.99
-42.9927
-42.9953
-42.998
-43.0006
-43.0033
-43.0059
-43.0086
-43.0113
-43.0139
-43.0166
-43.0192
-43.0219
-43.0245
-43.0271
-43.0297
-43.0324
-43.0351
-43.0379
-43.0406
-43.0433
-43.046
-43.0488
-43.0516
-43.0544
-43.0572
-43.0599
-43.0626
-43.0654
-43.0681
-43.0707
-43.0734
-43.076
-43.0786
-43.0813
-43.0839
-43.0866
-43.0892
-43.0918
-43.0944
-43.0971
-43.0998
-43.1025
-43.1052
-43.1079
-43.1106
-43.1133
-43.116
-43.1186
-43.1212
-43.1238
-43.1264
-43.1291
-43.1317
-43.1344
-43.137
-43.1396
-43.1421
-43.1448
-43.1475
-43.1501
-43.1527
-43.1553
-43.158
-43.1607
-43.1635
-43.1663
-43.169
-43.1717
-43.1743
-43.177
-43.1797
-43.1824
-43.1852
-43.1878
-43.1905
-43.1932
-43.196
-43.1987
-43.2014
-43.2041
-43.2068
-43.2095
-43.2122
-43.2149
-43.2176
-43.2202
-43.2229
-43.2256
-43.2283
-43.231
-43.2337
-43.2364
-43.2391
-43.2418
-43.2444
-43.2471
-43.2498
-43.2525
-43.2553
-43.258
-43.2607
-43.2634
-43.2661
-43.2689
-43.2716
-43.2742
-43.2768
-43.2794
-43.282
-43.2848
-43.2875
-43.2902
-43.2929
-43.2955
-43.2981
-43.3007
-43.3034
-43.306
-43.3087
-43.3113
-43.314
-43.3168
-43.3194
-43.322
-43.3246
-43.3272
-43.3299
-43.3326
-43.3351
-43.3378
-43.3405
-43.3432
-43.3458
-43.3486
-43.3513
-43.3539
-43.3566
-43.3591
-43.3618
-43.3645
-43.3671
-43.3697
-43.3724
-43.3751
-43.3778
-43.3804
-43.383
-43.3857
-43.3884
-43.3911
-43.3938
-43.3964
-43.3991
-43.4018
-43.4044
-43.407
-43.4097
-43.4124
-43.4151
-43.4177
-43.4203
-43.423
-43.4256
-43.4282
-43.4309
-43.4336
-43.4362
-43.4389
-43.4414
-43.444
-43.4466
-43.4492
-43.4518
-43.4545
-43.4572
-43.4598
-43.4625
-43.4651
-43.4678
-43.4704
-43.4731
-43.4759
-43.4787
-43.4814
-43.484
-43.4866
-43.4892
-43.4918
-43.4944
-43.497
-43.4996
-43.5023
-43.505
-43.5077
-43.5104
-43.513
-43.5156
-43.5182
-43.5208
-43.5235
-43.5262
-43.529
-43.5317
-43.5344
-43.5371
-43.5398
-43.5424
-43.545
-43.5478
-43.5506
-43.5533
-43.5559
-43.5586
-43.5613
-43.564
-43.5666
-43.5693
-43.5719
-43.5746
-43.5772
-43.5799
-43.5826
-43.5853
-43.588
-43.5908
-43.5935
-43.5962
-43.5989
-43.6015
-43.6041
-43.6067
-43.6093
-43.6119
-43.6145
-43.6171
-43.6198
-43.6224
-43.625
-43.6276
-43.6302
-43.6328
-43.6353
-43.6379
-43.6406
-43.6432
-43.6458
-43.6484
-43.6509
-43.6535
-43.6561
-43.6587
-43.6612
-43.6639
-43.6665
-43.6692
-43.6719
-43.6745
-43.6771
-43.6797
-43.6824
-43.6851
-43.6878
-43.6904
-43.6931
-43.6958
-43.6985
-43.7012
-43.7039
-43.7066
-43.7092
-43.7118
-43.7145
-43.7171
-43.7198
-43.7225
-43.7251
-43.7278
-43.7305
-43.7332
-43.736
-43.7386
-43.7412
-43.7437
-43.7464
-43.749
-43.7517
-43.7543
-43.7569
-43.7595
-43.7622
-43.7648
-43.7674
-43.7701
-43.7727
-43.7754
-43.778
-43.7807
-43.7834
-43.7861
-43.7887
-43.7913
-43.794
-43.7968
-43.7995
-43.8023
-43.8051
-43.8078
-43.8105
-43.8132
-43.816
-43.8187
-43.8214
-43.8241
-43.8267
-43.8294
-43.8321
-43.8347
-43.8373
-43.8398
-43.8424
-43.845
-43.8475
-43.8501
-43.8527
-43.8554
-43.858
-43.8606
-43.8633
-43.8659
-43.8685
-43.871
-43.8737
-43.8763
-43.8789
-43.8815
-43.884
-43.8866
-43.8892
-43.8918
-43.8945
-43.8971
-43.8998
-43.9025
-43.9052
-43.9079
-43.9105
-43.9132
-43.9158
-43.9186
-43.9213
-43.924
-43.9268
-43.9296
-43.9323
-43.935
-43.9378
-43.9406
-43.9434
-43.9461
-43.9487
-43.9513
-43.9539
-43.9564
-43.959
-43.9615
-43.964
-43.9666
-43.9692
-43.9718
-43.9743
-43.977
-43.9796
-43.9822
-43.9849
-43.9876
-43.9903
-43.9931
-43.9958
-43.9986
-44.0014
-44.0042
-44.007
-44.0098
-44.0125
-44.0152
-44.0179
-44.0206
-44.0233
-44.026
-44.0287
-44.0314
-44.034
-44.0366
-44.0393
-44.0421
-44.0448
-44.0475
-44.0503
-44.053
-44.0558
-44.0585
-44.0613
-44.0641
-44.0668
-44.0695
-44.0721
-44.0748
-44.0775
-44.0801
-44.0827
-44.0852
-44.0878
-44.0905
-44.0932
-44.096
-44.0988
-44.1015
-44.1042
-44.1069
-44.1097
-44.1125
-44.1152
-44.118
-44.1208
-44.1237
-44.1264
-44.1292
-44.132
-44.1349
-44.1377
-44.1405
-44.1433
-44.146
-44.1487
-44.1515
-44.1543
-44.1571
-44.1598
-44.1626
-44.1654
-44.1683
-44.1712
-44.174
-44.1768
-44.1796
-44.1824
-44.1852
-44.1879
-44.1907
-44.1934
-44.1961
-44.1989
-44.2017
-44.2046
-44.2075
-44.2103
-44.2132
-44.2161
-44.219
-44.2219
-44.2248
-44.2277
-44.2305
-44.2334
-44.2363
-44.2391
-44.2421
-44.2449
-44.2477
-44.2504
-44.2532
-44.256
-44.2588
-44.2616
-44.2644
-44.2672
-44.27
-44.2729
-44.2758
-44.2787
-44.2815
-44.2844
-44.2872
-44.2901
-44.2931
-44.2961
-44.299
-44.3018
-44.3047
-44.3076
-44.3105
-44.3133
-44.316
-44.3187
-44.3214
-44.3241
-44.3268
-44.3295
-44.3322
-44.3349
-44.3376
-44.3404
-44.3431
-44.3458
-44.3486
-44.3515
-44.3542
-44.357
-44.3598
-44.3626
-44.3655
-44.3683
-44.3711
-44.3738
-44.3765
-44.3793
-44.3821
-44.385
-44.3879
-44.3908
-44.3936
-44.3963
-44.399
-44.4017
-44.4044
-44.4071
-44.4098
-44.4125
-44.4152
-44.4179
-44.4205
-44.4231
-44.4259
-44.4286
-44.4312
-44.4339
-44.4366
-44.4393
-44.4419
-44.4444
-44.4469
-44.4495
-44.4521
-44.4547
-44.4574
-44.46
-44.4626
-44.4651
-44.4677
-44.4704
-44.4729
-44.4755
-44.478
-44.4806
-44.4832
-44.4858
-44.4884
-44.491
-44.4936
-44.4963
-44.4989
-44.5015
-44.5041
-44.5067
-44.5092
-44.5119
-44.5146
-44.5173
-44.5199
-44.5225
-44.5251
-44.5278
-44.5304
-44.533
-44.5356
-44.5383
-44.541
-44.5437
-44.5465
-44.5492
-44.5519
-44.5545
-44.5572
-44.5599
-44.5626
-44.5653
-44.568
-44.5707
-44.5735
-44.5762
-44.5789
-44.5817
-44.5845
-44.5872
-44.5898
-44.5924
-44.5951
-44.5978
-44.6004
-44.603
-44.6056
-44.6082
-44.611
-44.6137
-44.6163
-44.619
-44.6217
-44.6244
-44.627
-44.6296
-44.6323
-44.6349
-44.6377
-44.6404
-44.643
-44.6457
-44.6484
-44.6512
-44.6539
-44.6565
-44.6592
-44.662
-44.6648
-44.6675
-44.6701
-44.6727
-44.6753
-44.678
-44.6807
-44.6834
-44.6861
-44.6889
-44.6916
-44.6943
-44.6971
-44.6999
-44.7026
-44.7053
-44.708
-44.7107
-44.7133
-44.7161
-44.7189
-44.7216
-44.7243
-44.7269
-44.7295
-44.7321
-44.7348
-44.7375
-44.7402
-44.7428
-44.7454
-44.7481
-44.7508
-44.7533
-44.756
-44.7587
-44.7613
-44.7639
-44.7665
-44.7691
-44.7718
-44.7745
-44.7772
-44.7798
-44.7823
-44.7849
-44.7876
-44.7903
-44.7929
-44.7956
-44.7983
-44.8009
-44.8035
-44.8061
-44.8086
-44.8112
-44.8138
-44.8164
-44.819
-44.8215
-44.8241
-44.8267
-44.8293
-44.8319
-44.8345
-44.8371
-44.8398
-44.8422
-44.8448
-44.8475
-44.8502
-44.8528
-44.8554
-44.8579
-44.8605
-44.8631
-44.8658
-44.8684
-44.8709
-44.8735
-44.8761
-44.8787
-44.8813
-44.884
-44.8867
-44.8893
-44.8919
-44.8945
-44.8971
-44.8998
-44.9025
-44.9051
-44.9077
-44.9104
-44.9131
-44.9157
-44.9184
-44.9211
-44.9237
-44.9263
-44.9289
-44.9316
-44.9342
-44.9368
-44.9394
-44.942
-44.9446
-44.9471
-44.9497
-44.9524
-44.9551
-44.9578
-44.9605
-44.9631
-44.9658
-44.9684
-44.9711
-44.9737
-44.9764
-44.9791
-44.9818
-44.9844
-44.987
-44.9896
-44.9922
-44.9948
-44.9974
-45.0001
-45.0028
-45.0054
-45.008
-45.0106
-45.0132
-45.0159
-45.0185
-45.0212
-45.0238
-45.0265
-45.0292
-45.0319
-45.0345
-45.0372
-45.0398
-45.0426
-45.0454
-45.0481
-45.0507
-45.0534
-45.0561
-45.0587
-45.0613
-45.0639
-45.0665
-45.0692
-45.0718
-45.0745
-45.0771
-45.0797
-45.0823
-45.0849
-45.0875
-45.0901
-45.0926
-45.0953
-45.098
-45.1006
-45.1033
-45.1059
-45.1086
-45.1114
-45.114
-45.1167
-45.1194
-45.122
-45.1247
-45.1274
-45.13
-45.1326
-45.1353
-45.138
-45.1406
-45.1432
-45.1459
-45.1486
-45.1512
-45.1538
-45.1563
-45.1588
-45.1614
-45.164
-45.1666
-45.1693
-45.172
-45.1747
-45.1774
-45.1799
-45.1825
-45.1851
-45.1877
-45.1903
-45.1928
-45.1954
-45.1981
-45.2008
-45.2033
-45.2059
-45.2085
-45.2111
-45.2137
-45.2164
-45.219
-45.2216
-45.2243
-45.2269
-45.2295
-45.2321
-45.2347
-45.2374
-45.24
-45.2426
-45.2453
-45.2479
-45.2506
-45.2532
-45.2558
-45.2584
-45.261
-45.2637
-45.2664
-45.269
-45.2715
-45.2741
-45.2766
-45.2792
-45.2819
-45.2846
-45.2872
-45.2898
-45.2924
-45.295
-45.2977
-45.3003
-45.3029
-45.3055
-45.3081
-45.3107
-45.3133
-45.3159
-45.3185
-45.3211
-45.3237
-45.3263
-45.329
-45.3317
-45.3342
-45.3369
-45.3395
-45.3422
-45.3448
-45.3475
-45.3502
-45.3528
-45.3554
-45.358
-45.3606
-45.3632
-45.3659
-45.3686
-45.3713
-45.3739
-45.3765
-45.3792
-45.3818
-45.3845
-45.3871
-45.3898
-45.3924
-45.3951
-45.3978
-45.4004
-45.4031
-45.4057
-45.4083
-45.411
-45.4137
-45.4163
-45.4189
-45.4216
-45.4242
-45.4269
-45.4296
-45.4322
-45.4349
-45.4375
-45.4403
-45.443
-45.4456
-45.4483
-45.451
-45.4537
-45.4564
-45.4592
-45.4618
-45.4643
-45.4669
-45.4695
-45.4722
-45.4748
-45.4774
-45.4801
-45.4827
-45.4854
-45.4881
-45.4907
-45.4933
-45.496
-45.4986
-45.5012
-45.5038
-45.5064
-45.5091
-45.5117
-45.5144
-45.5171
-45.5197
-45.5223
-45.5249
-45.5276
-45.5302
-45.5329
-45.5356
-45.5382
-45.5409
-45.5435
-45.5461
-45.5487
-45.5513
-45.554
-45.5566
-45.5593
-45.5619
-45.5645
-45.5672
-45.5699
-45.5726
-45.5753
-45.5781
-45.5808
-45.5835
-45.5862
-45.5889
-45.5915
-45.5941
-45.5969
-45.5996
-45.6023
-45.6049
-45.6076
-45.6104
-45.6131
-45.6158
-45.6185
-45.6212
-45.624
-45.6267
-45.6294
-45.6321
-45.6348
-45.6375
-45.6402
-45.6429
-45.6457
-45.6485
-45.6512
-45.6539
-45.6566
-45.6594
-45.6621
-45.6648
-45.6675
-45.6702
-45.673
-45.6756
-45.6783
-45.6809
-45.6836
-45.6863
-45.689
-45.6916
-45.6943
-45.697
-45.6998
-45.7024
-45.7051
-45.7078
-45.7105
-45.7132
-45.7159
-45.7186
-45.7212
-45.7239
-45.7266
-45.7292
-45.7319
-45.7346
-45.7373
-45.74
-45.7427
-45.7454
-45.7482
-45.7509
-45.7536
-45.7563
-45.7591
-45.7618
-45.7645
-45.7671
-45.7698
-45.7725
-45.7752
-45.7779
-45.7806
-45.7832
-45.7859
-45.7886
-45.7913
-45.7939
-45.7967
-45.7995
-45.8022
-45.8049
-45.8076
-45.8102
-45.8129
-45.8157
-45.8183
-45.821
-45.8237
-45.8263
-45.8289
-45.8316
-45.8343
-45.8369
-45.8396
-45.8422
-45.8449
-45.8475
-45.8501
-45.8529
-45.8556
-45.8583
-45.861
-45.8636
-45.8664
-45.869
-45.8717
-45.8744
-45.8772
-45.8799
-45.8826
-45.8853
-45.888
-45.8907
-45.8934
-45.8961
-45.8987
-45.9014
-45.9042
-45.9068
-45.9095
-45.9123
-45.9151
-45.9179
-45.9207
-45.9235
-45.9262
-45.9288
-45.9315
-45.9343
-45.9371
-45.9398
-45.9426
-45.9454
-45.9482
-45.9508
-45.9536
-45.9563
-45.959
-45.9618
-45.9645
-45.9673
-45.97
-45.9728
-45.9756
-45.9784
-45.9812
-45.9838
-45.9866
-45.9894
-45.9922
-45.995
-45.9978
-46.0006
-46.0035
-46.0062
-46.009
-46.0118
-46.0146
-46.0174
-46.0202
-46.023
-46.0257
-46.0285
-46.0311
-46.0338
-46.0365
-46.0392
-46.042
-46.0448
-46.0475
-46.0503
-46.053
-46.0557
-46.0584
-46.0611
-46.0638
-46.0665
-46.0693
-46.0721
-46.0749
-46.0777
-46.0805
-46.0833
-46.086
-46.0888
-46.0915
-46.0943
-46.0971
-46.0998
-46.1027
-46.1055
-46.1082
-46.111
-46.1138
-46.1165
-46.1193
-46.1221
-46.1248
-46.1275
-46.1303
-46.1331
-46.1359
-46.1387
-46.1415
-46.1444
-46.1472
-46.15
-46.1528
-46.1556
-46.1585
-46.1613
-46.1641
-46.1669
-46.1698
-46.1726
-46.1754
-46.1781
-46.1809
-46.1837
-46.1864
-46.1891
-46.1918
-46.1945
-46.1973
-46.2001
-46.2029
-46.2057
-46.2084
-46.2111
-46.2137
-46.2164
-46.2192
-46.2219
-46.2247
-46.2275
-46.2302
-46.233
-46.2357
-46.2386
-46.2414
-46.2442
-46.247
-46.2498
-46.2526
-46.2554
-46.2581
-46.2609
-46.2638
-46.2667
-46.2696
-46.2725
-46.2753
-46.2782
-46.2811
-46.284
-46.2869
-46.2898
-46.2928
-46.2957
-46.2987
-46.3016
-46.3044
-46.3073
-46.3102
-46.3131
-46.3159
-46.3189
-46.3218
-46.3246
-46.3274
-46.3302
-46.3331
-46.3359
-46.3388
-46.3416
-46.3445
-46.3474
-46.3503
-46.3531
-46.3559
-46.3587
-46.3616
-46.3644
-46.3671
-46.3699
-46.3727
-46.3754
-46.3781
-46.3809
-46.3836
-46.3862
-46.3889
-46.3916
-46.3943
-46.397
-46.3997
-46.4024
-46.4051
-46.4078
-46.4105
-46.4132
-46.4158
-46.4185
-46.4212
-46.4239
-46.4265
-46.4292
-46.4319
-46.4346
-46.4372
-46.4398
-46.4425
-46.4452
-46.4479
-46.4506
-46.4533
-46.456
-46.4588
-46.4615
-46.4641
-46.4667
-46.4693
-46.472
-46.4747
-46.4774
-46.4801
-46.4827
-46.4852
-46.4878
-46.4905
-46.4932
-46.4959
-46.4986
-46.5012
-46.5039
-46.5066
-46.5094
-46.512
-46.5147
-46.5174
-46.5202
-46.5229
-46.5257
-46.5285
-46.5311
-46.5337
-46.5364
-46.5391
-46.5417
-46.5444
-46.5472
-46.5498
-46.5525
-46.5552
-46.5579
-46.5606
-46.5632
-46.5659
-46.5686
-46.5713
-46.5741
-46.5768
-46.5795
-46.5823
-46.585
-46.5878
-46.5905
-46.5933
-46.5959
-46.5986
-46.6013
-46.6039
-46.6065
-46.6092
-46.6119
-46.6146
-46.6172
-46.6199
-46.6225
-46.6251
-46.6278
-46.6304
-46.6331
-46.6358
-46.6386
-46.6413
-46.6439
-46.6465
-46.6492
-46.6519
-46.6545
-46.6571
-46.6598
-46.6625
-46.665
-46.6676
-46.6702
-46.6728
-46.6755
-46.6781
-46.6808
-46.6834
-46.6861
-46.6887
-46.6914
-46.694
-46.6966
-46.699
-46.7016
-46.7042
-46.7068
-46.7093
-46.7119
-46.7146
-46.7172
-46.7199
-46.7225
-46.725
-46.7275
-46.7302
-46.7328
-46.7354
-46.738
-46.7406
-46.7432
-46.7459
-46.7485
-46.7512
-46.7537
-46.7564
-46.7591
-46.7618
-46.7643
-46.7669
-46.7695
-46.7723
-46.775
-46.7778
-46.7805
-46.7832
-46.7858
-46.7884
-46.7911
-46.7938
-46.7964
-46.7989
-46.8015
-46.8041
-46.8067
-46.8094
-46.8121
-46.8148
-46.8174
-46.8201
-46.8228
-46.8256
-46.8284
-46.8311
-46.8339
-46.8366
-46.8393
-46.8421
-46.8449
-46.8475
-46.8502
-46.8529
-46.8556
-46.8582
-46.8608
-46.8634
-46.866
-46.8686
-46.8712
-46.8737
-46.8764
-46.8789
-46.8815
-46.8842
-46.8868
-46.8894
-46.892
-46.8946
-46.8971
-46.8998
-46.9026
-46.9052
-46.9079
-46.9105
-46.913
-46.9154
-46.918
-46.9205
-46.923
-46.9256
-46.9282
-46.9308
-46.9333
-46.9358
-46.9382
-46.9408
-46.9433
-46.9459
-46.9483
-46.9507
-46.9532
-46.9558
-46.9584
-46.961
-46.9637
-46.9665
-46.9692
-46.9719
-46.9744
-46.9771
-46.9798
-46.9824
-46.9851
-46.9877
-46.9904
-46.9931
-46.9957
-46.9982
-47.0008
-47.0033
-47.0058
-47.0083
-47.011
-47.0136
-47.0162
-47.0187
-47.0213
-47.0239
-47.0264
-47.0289
-47.0315
-47.0342
-47.0368
-47.0395
-47.0422
-47.0449
-47.0476
-47.0503
-47.053
-47.0557
-47.0584
-47.061
-47.0636
-47.0662
-47.0689
-47.0715
-47.0741
-47.0767
-47.0795
-47.0823
-47.085
-47.0875
-47.09
-47.0925
-47.095
-47.0976
-47.1001
-47.1026
-47.1052
-47.1078
-47.1104
-47.113
-47.1157
-47.1184
-47.1211
-47.1238
-47.1264
-47.1291
-47.1319
-47.1347
-47.1373
-47.14
-47.1426
-47.1453
-47.1481
-47.1508
-47.1535
-47.1561
-47.1588
-47.1615
-47.1642
-47.1669
-47.1696
-47.1723
-47.1751
-47.1779
-47.1805
-47.1832
-47.1859
-47.1886
-47.1914
-47.194
-47.1967
-47.1994
-47.202
-47.2046
-47.2072
-47.2099
-47.2124
-47.2151
-47.2179
-47.2206
-47.2233
-47.226
-47.2287
-47.2313
-47.2339
-47.2366
-47.2393
-47.242
-47.2447
-47.2474
-47.2502
-47.2528
-47.2554
-47.2579
-47.2605
-47.2633
-47.266
-47.2686
-47.2711
-47.2737
-47.2763
-47.2789
-47.2814
-47.2839
-47.2864
-47.2889
-47.2915
-47.2941
-47.2966
-47.2992
-47.3017
-47.3042
-47.3067
-47.3094
-47.312
-47.3146
-47.3172
-47.3199
-47.3225
-47.325
-47.3276
-47.3302
-47.3327
-47.3351
-47.3375
-47.34
-47.3425
-47.3451
-47.3478
-47.3505
-47.353
-47.3556
-47.3582
-47.3608
-47.3632
-47.3656
-47.368
-47.3706
-47.3731
-47.3756
-47.3781
-47.3806
-47.3831
-47.3857
-47.3882
-47.3907
-47.3932
-47.3955
-47.3978
-47.4002
-47.4026
-47.405
-47.4075
-47.4101
-47.4127
-47.4152
-47.4177
-47.4202
-47.4227
-47.4252
-47.4277
-47.4302
-47.4327
-47.4352
-47.4377
-47.4402
-47.4427
-47.4453
-47.4477
-47.4502
-47.4526
-47.455
-47.4575
-47.4599
-47.4624
-47.465
-47.4675
-47.4701
-47.4726
-47.4752
-47.4778
-47.4804
-47.4829
-47.4855
-47.488
-47.4905
-47.4931
-47.4957
-47.4982
-47.5007
-47.5033
-47.5059
-47.5084
-47.511
-47.5135
-47.5159
-47.5184
-47.5209
-47.5233
-47.5258
-47.5285
-47.5311
-47.5337
-47.5362
-47.5388
-47.5413
-47.5439
-47.5465
-47.5491
-47.5517
-47.5543
-47.557
-47.5596
-47.5622
-47.5649
-47.5675
-47.5702
-47.5729
-47.5756
-47.5782
-47.5808
-47.5835
-47.5863
-47.589
-47.5918
-47.5945
-47.5972
-47.6
-47.6028
-47.6055
-47.6082
-47.6108
-47.6135
-47.6161
-47.6187
-47.6215
-47.6241
-47.6267
-47.6295
-47.6322
-47.6349
-47.6376
-47.6404
-47.6432
-47.646
-47.6488
-47.6516
-47.6543
-47.6572
-47.6599
-47.6626
-47.6652
-47.6679
-47.6705
-47.673
-47.6756
-47.6782
-47.6809
-47.6836
-47.6864
-47.6891
-47.6917
-47.6945
-47.6973
-47.7
-47.7026
-47.7053
-47.708
-47.7107
-47.7133
-47.716
-47.7185
-47.7212
-47.7238
-47.7266
-47.7292
-47.7319
-47.7344
-47.737
-47.7396
-47.7422
-47.7448
-47.7474
-47.7499
-47.7525
-47.7551
-47.7577
-47.7603
-47.7627
-47.7653
-47.768
-47.7707
-47.7733
-47.7759
-47.7785
-47.781
-47.7836
-47.7861
-47.7887
-47.7912
-47.7937
-47.7963
-47.7988
-47.8014
-47.8039
-47.8065
-47.809
-47.8115
-47.8141
-47.8167
-47.8193
-47.8218
-47.8245
-47.8271
-47.8298
-47.8325
-47.835
-47.8376
-47.8402
-47.8428
-47.8453
-47.8479
-47.8506
-47.8532
-47.8557
-47.8583
-47.8608
-47.8634
-47.8659
-47.8685
-47.871
-47.8736
-47.8762
-47.8788
-47.8815
-47.8842
-47.8868
-47.8893
-47.8918
-47.8943
-47.8968
-47.8995
-47.9022
-47.9048
-47.9074
-47.9101
-47.9127
-47.9153
-47.9178
-47.9205
-47.9232
-47.9258
-47.9285
-47.9312
-47.9339
-47.9366
-47.9393
-47.942
-47.9447
-47.9474
-47.9501
-47.9527
-47.9554
-47.9581
-47.9608
-47.9635
-47.9661
-47.9688
-47.9715
-47.9742
-47.9769
-47.9797
-47.9825
-47.9853
-47.9881
-47.9908
-47.9936
-47.9964
-47.9992
-48.0019
-48.0045
-48.0072
-48.01
-48.0127
-48.0154
-48.0181
-48.0209
-48.0237
-48.0264
-48.0291
-48.0319
-48.0347
-48.0375
-48.0402
-48.0429
-48.0457
-48.0485
-48.0513
-48.0541
-48.0568
-48.0596
-48.0625
-48.0652
-48.068
-48.0709
-48.0737
-48.0764
-48.0792
-48.0819
-48.0846
-48.0874
-48.0901
-48.0928
-48.0955
-48.0982
-48.1009
-48.1036
-48.1062
-48.1089
-48.1116
-48.1144
-48.1171
-48.1199
-48.1226
-48.1253
-48.128
-48.1307
-48.1334
-48.1361
-48.1387
-48.1415
-48.1442
-48.147
-48.1496
-48.1523
-48.155
-48.1578
-48.1605
-48.1632
-48.1659
-48.1687
-48.1714
-48.174
-48.1766
-48.1792
-48.1818
-48.1845
-48.1871
-48.1898
-48.1924
-48.195
-48.1976
-48.2002
-48.2029
-48.2057
-48.2082
-48.2109
-48.2136
-48.2162
-48.2189
-48.2215
-48.2242
-48.2268
-48.2295
-48.2321
-48.2347
-48.2374
-48.24
-48.2427
-48.2455
-48.2482
-48.2509
-48.2536
-48.2563
-48.259
-48.2616
-48.2643
-48.267
-48.2696
-48.2724
-48.2751
-48.2777
-48.2804
-48.2831
-48.2858
-48.2885
-48.2912
-48.2939
-48.2966
-48.2993
-48.3021
-48.3048
-48.3075
-48.3102
-48.313
-48.3157
-48.3184
-48.321
-48.3237
-48.3264
-48.3292
-48.332
-48.3348
-48.3376
-48.3405
-48.3433
-48.3461
-48.3488
-48.3516
-48.3545
-48.3573
-48.3602
-48.3631
-48.3659
-48.3688
-48.3717
-48.3746
-48.3776
-48.3804
-48.3833
-48.3861
-48.389
-48.3918
-48.3946
-48.3974
-48.4001
-48.4029
-48.4058
-48.4086
-48.4115
-48.4143
-48.417
-48.4198
-48.4225
-48.4252
-48.428
-48.4307
-48.4334
-48.4361
-48.4388
-48.4415
-48.4443
-48.4469
-48.4496
-48.4522
-48.4549
-48.4576
-48.4604
-48.4631
-48.4657
-48.4684
-48.4711
-48.4738
-48.4766
-48.4793
-48.482
-48.4848
-48.4875
-48.4901
-48.4928
-48.4955
-48.4982
-48.5009
-48.5036
-48.5063
-48.509
-48.5117
-48.5144
-48.5171
-48.5199
-48.5227
-48.5254
-48.5281
-48.5308
-48.5335
-48.5363
-48.539
-48.5417
-48.5444
-48.5473
-48.5501
-48.5529
-48.5556
-48.5584
-48.5613
-48.5641
-48.5669
-48.5696
-48.5724
-48.5752
-48.5779
-48.5807
-48.5836
-48.5864
-48.5893
-48.5922
-48.5951
-48.5979
-48.6008
-48.6036
-48.6064
-48.6093
-48.612
-48.6147
-48.6176
-48.6206
-48.6235
-48.6263
-48.6291
-48.6319
-48.6346
-48.6374
-48.6401
-48.6428
-48.6456
-48.6483
-48.651
-48.6537
-48.6563
-48.659
-48.6618
-48.6645
-48.6672
-48.6698
-48.6725
-48.6751
-48.6778
-48.6804
-48.683
-48.6856
-48.6882
-48.6907
-48.6931
-48.6956
-48.698
-48.7005
-48.7029
-48.7053
-48.7077
-48.7101
-48.7125
-48.7149
-48.7172
-48.7194
-48.7217
-48.724
-48.7263
-48.7287
-48.7311
-48.7334
-48.7356
-48.7379
-48.7402
-48.7425
-48.7447
-48.7471
-48.7494
-48.7517
-48.754
-48.7563
-48.7585
-48.7608
-48.7632
-48.7656
-48.768
-48.7704
-48.7727
-48.775
-48.7774
-48.7799
-48.7824
-48.7848
-48.7872
-48.7896
-48.7921
-48.7948
-48.7973
-48.7998
-48.8023
-48.8048
-48.8075
-48.8101
-48.8126
-48.8152
-48.8177
-48.8202
-48.8228
-48.8253
-48.8279
-48.8304
-48.833
-48.8356
-48.8381
-48.8407
-48.8432
-48.8458
-48.8484
-48.8511
-48.8539
-48.8566
-48.8594
-48.8621
-48.8648
-48.8675
-48.8704
-48.8732
-48.876
-48.8788
-48.8817
-48.8846
-48.8874
-48.8902
-48.8931
-48.896
-48.8989
-48.9018
-48.9047
-48.9077
-48.9106
-48.9134
-48.9162
-48.9191
-48.922
-48.9249
-48.9278
-48.9307
-48.9335
-48.9364
-48.9392
-48.942
-48.9448
-48.9477
-48.9506
-48.9535
-48.9562
-48.959
-48.9618
-48.9647
-48.9676
-48.9705
-48.9733
-48.9761
-48.979
-48.9818
-48.9846
-48.9874
-48.9902
-48.9931
-48.9961
-48.9989
-49.0017
-49.0046
-49.0074
-49.0103
-49.0131
-49.0158
-49.0186
-49.0214
-49.0241
-49.027
-49.0298
-49.0326
-49.0354
-49.0382
-49.0409
-49.0436
-49.0463
-49.049
-49.0518
-49.0544
-49.057
-49.0597
-49.0624
-49.065
-49.0676
-49.0703
-49.073
-49.0756
-49.0783
-49.0809
-49.0836
-49.0862
-49.0887
-49.0913
-49.094
-49.0965
-49.0989
-49.1015
-49.1041
-49.1067
-49.1092
-49.1118
-49.1144
-49.1169
-49.1194
-49.1218
-49.1242
-49.1267
-49.1292
-49.1317
-49.1341
-49.1366
-49.139
-49.1414
-49.1438
-49.1463
-49.1487
-49.151
-49.1533
-49.1556
-49.1579
-49.1602
-49.1626
-49.1648
-49.1671
-49.1693
-49.1714
-49.1737
-49.1758
-49.1779
-49.1801
-49.1822
-49.1844
-49.1866
-49.1888
-49.1909
-49.1931
-49.1954
-49.1975
-49.1997
-49.2019
-49.2041
-49.2064
-49.2087
-49.2109
-49.2131
-49.2153
-49.2175
-49.2197
-49.222
-49.2243
-49.2265
-49.2287
-49.231
-49.2334
-49.2357
-49.2382
-49.2407
-49.2432
-49.2457
-49.2482
-49.2507
-49.2532
-49.2557
-49.2582
-49.2607
-49.2634
-49.266
-49.2687
-49.2713
-49.274
-49.2766
-49.2793
-49.282
-49.2848
-49.2876
-49.2903
-49.293
-49.2957
-49.2984
-49.3011
-49.3039
-49.3067
-49.3095
-49.3124
-49.3153
-49.3182
-49.3211
-49.324
-49.3269
-49.3299
-49.3329
-49.3359
-49.3389
-49.3419
-49.3449
-49.3478
-49.3508
-49.3539
-49.357
-49.36
-49.3631
-49.366
-49.3691
-49.3723
-49.3754
-49.3784
-49.3814
-49.3844
-49.3874
-49.3905
-49.3936
-49.3966
-49.3996
-49.4026
-49.4056
-49.4085
-49.4115
-49.4144
-49.4174
-49.4204
-49.4232
-49.426
-49.4288
-49.4315
-49.4342
-49.4369
-49.4397
-49.4424
-49.445
-49.4477
-49.4504
-49.453
-49.4556
-49.4582
-49.4607
-49.4633
-49.4658
-49.4684
-49.471
-49.4735
-49.4759
-49.4784
-49.4809
-49.4835
-49.4861
-49.4886
-49.491
-49.4934
-49.4959
-49.4983
-49.5007
-49.5031
-49.5055
-49.5078
-49.5102
-49.5127
-49.5151
-49.5175
-49.5199
-49.5223
-49.5246
-49.5269
-49.5292
-49.5314
-49.5338
-49.5361
-49.5384
-49.5408
-49.5432
-49.5455
-49.5479
-49.5502
-49.5526
-49.5551
-49.5575
-49.5599
-49.5622
-49.5647
-49.5671
-49.5695
-49.572
-49.5745
-49.577
-49.5795
-49.582
-49.5846
-49.5871
-49.5897
-49.5923
-49.5949
-49.5975
-49.6002
-49.6029
-49.6057
-49.6084
-49.6112
-49.614
-49.6168
-49.6197
-49.6225
-49.6255
-49.6284
-49.6313
-49.6341
-49.6371
-49.64
-49.6429
-49.6459
-49.6489
-49.6519
-49.6549
-49.6579
-49.6609
-49.664
-49.6671
-49.6702
-49.6732
-49.6763
-49.6794
-49.6825
-49.6856
-49.6885
-49.6915
-49.6945
-49.6974
-49.7003
-49.7032
-49.7061
-49.709
-49.7118
-49.7147
-49.7175
-49.7203
-49.7231
-49.7258
-49.7285
-49.7312
-49.734
-49.7368
-49.7395
-49.7422
-49.745
-49.7478
-49.7505
-49.7532
-49.7558
-49.7584
-49.7608
-49.7633
-49.7659
-49.7684
-49.7708
-49.7733
-49.7758
-49.7782
-49.7806
-49.7829
-49.7853
-49.7875
-49.7897
-49.7919
-49.7942
-49.7964
-49.7986
-49.8007
-49.8029
-49.805
-49.8073
-49.8096
-49.8118
-49.8141
-49.8164
-49.8186
-49.8209
-49.8233
-49.8257
-49.828
-49.8303
-49.8326
-49.8349
-49.8372
-49.8395
-49.8418
-49.8443
-49.8467
-49.8491
-49.8514
-49.8539
-49.8563
-49.8587
-49.8611
-49.8636
-49.8661
-49.8686
-49.8711
-49.8738
-49.8764
-49.879
-49.8818
-49.8846
-49.8874
-49.8901
-49.8928
-49.8955
-49.8982
-49.9008
-49.9035
-49.9062
-49.9089
-49.9117
-49.9144
-49.9172
-49.9199
-49.9227
-49.9255
-49.9283
-49.931
-49.9339
-49.9368
-49.9398
-49.9427
-49.9457
-49.9487
-49.9517
-49.9548
-49.9579
-49.961
-49.9642
-49.9672
-49.9703
-49.9735
-49.9766
-49.9798
-49.983
-49.9862
-49.9892
-49.9923
-49.9953
-49.9983
-50.0013
-50.0043
-50.0073
-50.0103
-50.0132
-50.016
-50.0189
-50.0218
-50.0247
-50.0276
-50.0304
-50.0333
-50.0361
-50.039
-50.0419
-50.0448
-50.0475
-50.0503
-50.0529
-50.0556
-50.0583
-50.0609
-50.0634
-50.0658
-50.0682
-50.0707
-50.0731
-50.0755
-50.0779
-50.0803
-50.0828
-50.0853
-50.0878
-50.0903
-50.0927
-50.0951
-50.0975
-50.0998
-50.1022
-50.1045
-50.1068
-50.1091
-50.1114
-50.1136
-50.1156
-50.1178
-50.1199
-50.1221
-50.1242
-50.1263
-50.1284
-50.1305
-50.1327
-50.1349
-50.1371
-50.1393
-50.1416
-50.1439
-50.1462
-50.1485
-50.1508
-50.1531
-50.1553
-50.1576
-50.1599
-50.1623
-50.1647
-50.167
-50.1693
-50.1716
-50.174
-50.1764
-50.1789
-50.1814
-50.1839
-50.1864
-50.1889
-50.1915
-50.1941
-50.1967
-50.1993
-50.2019
-50.2046
-50.2073
-50.2099
-50.2126
-50.2154
-50.2181
-50.2208
-50.2235
-50.2261
-50.2288
-50.2315
-50.2341
-50.2368
-50.2394
-50.2421
-50.2447
-50.2473
-50.25
-50.2527
-50.2553
-50.258
-50.2607
-50.2634
-50.2661
-50.2689
-50.2715
-50.2742
-50.277
-50.2797
-50.2824
-50.2851
-50.2879
-50.2906
-50.2934
-50.2961
-50.2989
-50.3016
-50.3043
-50.307
-50.3097
-50.3124
-50.315
-50.3176
-50.3203
-50.323
-50.3256
-50.3283
-50.3308
-50.3333
-50.3358
-50.3384
-50.3409
-50.3434
-50.3459
-50.3485
-50.351
-50.3535
-50.356
-50.3585
-50.3609
-50.3634
-50.3659
-50.3684
-50.3709
-50.3734
-50.3761
-50.3788
-50.3814
-50.384
-50.3866
-50.3891
-50.3916
-50.3943
-50.3969
-50.3995
-50.4021
-50.4046
-50.4071
-50.4096
-50.4121
-50.4147
-50.4173
-50.4199
-50.4225
-50.4251
-50.4278
-50.4304
-50.4329
-50.4354
-50.438
-50.4407
-50.4433
-50.4458
-50.4483
-50.4507
-50.4532
-50.4559
-50.4586
-50.4612
-50.4639
-50.4665
-50.4692
-50.4718
-50.4744
-50.477
-50.4796
-50.4824
-50.4851
-50.4879
-50.4907
-50.4936
-50.4965
-50.4994
-50.5021
-50.5049
-50.5076
-50.5103
-50.5129
-50.5156
-50.5185
-50.5212
-50.5241
-50.5269
-50.5297
-50.5327
-50.5356
-50.5385
-50.5415
-50.5443
-50.5472
-50.55
-50.5529
-50.5557
-50.5586
-50.5615
-50.5644
-50.5672
-50.57
-50.5729
-50.5758
-50.5788
-50.5817
-50.5846
-50.5876
-50.5906
-50.5937
-50.5969
-50.5999
-50.603
-50.6061
-50.6092
-50.6124
-50.6156
-50.6188
-50.6219
-50.625
-50.6281
-50.6312
-50.6344
-50.6375
-50.6406
-50.6438
-50.647
-50.6501
-50.6533
-50.6564
-50.6597
-50.663
-50.6662
-50.6695
-50.6728
-50.676
-50.6793
-50.6825
-50.6858
-50.6891
-50.6923
-50.6955
-50.6986
-50.7018
-50.705
-50.7081
-50.7112
-50.7143
-50.7174
-50.7206
-50.7237
-50.7268
-50.7299
-50.7329
-50.7359
-50.739
-50.7421
-50.7452
-50.7482
-50.7513
-50.7543
-50.7573
-50.7603
-50.7632
-50.7662
-50.7691
-50.772
-50.7749
-50.7777
-50.7805
-50.7833
-50.7862
-50.789
-50.7919
-50.7946
-50.7974
-50.8002
-50.8029
-50.8057
-50.8083
-50.811
-50.8137
-50.8163
-50.8189
-50.8215
-50.824
-50.8266
-50.8292
-50.8318
-50.8343
-50.8368
-50.8395
-50.8421
-50.8447
-50.8472
-50.8498
-50.8523
-50.8548
-50.8572
-50.8596
-50.8621
-50.8646
-50.867
-50.8695
-50.872
-50.8744
-50.8769
-50.8793
-50.8817
-50.8841
-50.8865
-50.8889
-50.8913
-50.8937
-50.896
-50.8983
-50.9007
-50.9031
-50.9054
-50.9078
-50.9101
-50.9124
-50.9149
-50.9173
-50.9196
-50.922
-50.9244
-50.9269
-50.9293
-50.9319
-50.9344
-50.9369
-50.9393
-50.9417
-50.9442
-50.9466
-50.9491
-50.9516
-50.954
-50.9565
-50.959
-50.9614
-50.964
-50.9665
-50.9691
-50.9718
-50.9744
-50.9769
-50.9794
-50.9821
-50.9848
-50.9874
-50.99
-50.9926
-50.9953
-50.998
-51.0007
-51.0034
-51.0062
-51.0089
-51.0116
-51.0143
-51.0169
-51.0196
-51.0223
-51.0251
-51.0279
-51.0307
-51.0335
-51.0363
-51.0392
-51.042
-51.0448
-51.0477
-51.0506
-51.0534
-51.0563
-51.0592
-51.0622
-51.0651
-51.068
-51.071
-51.074
-51.077
-51.0801
-51.0831
-51.086
-51.0891
-51.0921
-51.095
-51.098
-51.1011
-51.1041
-51.107
-51.1099
-51.1128
-51.1157
-51.1187
-51.1217
-51.1246
-51.1276
-51.1306
-51.1336
-51.1365
-51.1394
-51.1423
-51.1451
-51.1481
-51.1511
-51.154
-51.157
-51.16
-51.1629
-51.1659
-51.1688
-51.1716
-51.1744
-51.1773
-51.1801
-51.1829
-51.1858
-51.1886
-51.1913
-51.1942
-51.1971
-51.2
-51.2029
-51.2056
-51.2083
-51.211
-51.2138
-51.2166
-51.2193
-51.2219
-51.2245
-51.2271
-51.2296
-51.2322
-51.2348
-51.2374
-51.24
-51.2426
-51.2452
-51.2478
-51.2503
-51.2528
-51.2553
-51.2578
-51.2604
-51.263
-51.2655
-51.268
-51.2704
-51.2729
-51.2754
-51.2779
-51.2804
-51.2827
-51.2852
-51.2878
-51.2902
-51.2926
-51.295
-51.2975
-51.2999
-51.3023
-51.3047
-51.3071
-51.3095
-51.312
-51.3145
-51.3169
-51.3193
-51.3217
-51.3241
-51.3265
-51.3289
-51.3314
-51.3339
-51.3363
-51.3386
-51.3411
-51.3436
-51.3461
-51.3485
-51.3509
-51.3534
-51.3559
-51.3583
-51.3608
-51.3633
-51.3657
-51.3682
-51.3706
-51.373
-51.3755
-51.378
-51.3805
-51.383
-51.3856
-51.3882
-51.3909
-51.3935
-51.396
-51.3987
-51.4015
-51.4041
-51.4066
-51.4092
-51.4118
-51.4143
-51.4169
-51.4194
-51.4218
-51.4244
-51.427
-51.4295
-51.4321
-51.4347
-51.4374
-51.4401
-51.4428
-51.4455
-51.4483
-51.451
-51.4538
-51.4564
-51.459
-51.4618
-51.4646
-51.4673
-51.4701
-51.4729
-51.4756
-51.4783
-51.4811
-51.4837
-51.4864
-51.4892
-51.492
-51.4946
-51.4973
-51.5
-51.5026
-51.5053
-51.508
-51.5107
-51.5134
-51.5162
-51.5189
-51.5215
-51.5242
-51.527
-51.5296
-51.5322
-51.5349
-51.5376
-51.5403
-51.5431
-51.5457
-51.5483
-51.551
-51.5536
-51.5562
-51.5589
-51.5616
-51.5642
-51.5668
-51.5695
-51.5722
-51.5751
-51.5778
-51.5804
-51.5831
-51.5858
-51.5885
-51.5912
-51.594
-51.5967
-51.5995
-51.6022
-51.6049
-51.6076
-51.6102
-51.6128
-51.6154
-51.618
-51.6207
-51.6234
-51.6261
-51.6288
-51.6314
-51.634
-51.6367
-51.6393
-51.6419
-51.6445
-51.6471
-51.6496
-51.6521
-51.6546
-51.6572
-51.6596
-51.6621
-51.6647
-51.6671
-51.6696
-51.6721
-51.6746
-51.6772
-51.6797
-51.6822
-51.6848
-51.6873
-51.6898
-51.6923
-51.6948
-51.6973
-51.6997
-51.7023
-51.7049
-51.7075
-51.71
-51.7126
-51.7151
-51.7176
-51.7202
-51.7228
-51.7254
-51.7279
-51.7305
-51.7332
-51.7358
-51.7385
-51.741
-51.7436
-51.7462
-51.7489
-51.7515
-51.7542
-51.7567
-51.7593
-51.7618
-51.7644
-51.767
-51.7697
-51.7724
-51.7751
-51.7777
-51.7805
-51.7831
-51.7858
-51.7885
-51.7913
-51.7941
-51.7968
-51.7996
-51.8023
-51.805
-51.8077
-51.8105
-51.8133
-51.8161
-51.8189
-51.8216
-51.8244
-51.8272
-51.83
-51.8327
-51.8355
-51.8382
-51.841
-51.8439
-51.8468
-51.8496
-51.8524
-51.8552
-51.858
-51.8609
-51.8637
-51.8665
-51.8693
-51.872
-51.8748
-51.8777
-51.8805
-51.8833
-51.8861
-51.8889
-51.8917
-51.8945
-51.8973
-51.9001
-51.9029
-51.9056
-51.9084
-51.9112
-51.914
-51.9168
-51.9196
-51.9224
-51.9251
-51.928
-51.931
-51.9339
-51.9367
-51.9396
-51.9424
-51.9452
-51.9481
-51.9509
-51.9538
-51.9567
-51.9595
-51.9622
-51.965
-51.9677
-51.9704
-51.9732
-51.976
-51.9788
-51.9815
-51.9843
-51.987
-51.9898
-51.9926
-51.9953
-51.998
-52.0007
-52.0034
-52.006
-52.0087
-52.0114
-52.0141
-52.0168
-52.0195
-52.0222
-52.0249
-52.0276
-52.0302
-52.0329
-52.0355
-52.0381
-52.0407
-52.0434
-52.046
-52.0486
-52.0513
-52.054
-52.0566
-52.0591
-52.0617
-52.0644
-52.067
-52.0695
-52.0721
-52.0748
-52.0774
-52.08
-52.0827
-52.0853
-52.0879
-52.0905
-52.093
-52.0956
-52.0983
-52.1008
-52.1034
-52.1061
-52.1088
-52.1114
-52.1139
-52.1166
-52.1194
-52.1221
-52.1248
-52.1274
-52.13
-52.1327
-52.1354
-52.1381
-52.1409
-52.1436
-52.1463
-52.149
-52.1517
-52.1544
-52.157
-52.1597
-52.1624
-52.1651
-52.1679
-52.1707
-52.1734
-52.1761
-52.1787
-52.1814
-52.1842
-52.1869
-52.1896
-52.1924
-52.1952
-52.198
-52.2008
-52.2036
-52.2064
-52.2093
-52.2121
-52.2149
-52.2177
-52.2205
-52.2233
-52.2262
-52.2291
-52.2318
-52.2346
-52.2374
-52.2402
-52.2429
-52.2457
-52.2486
-52.2513
-52.2541
-52.2569
-52.2597
-52.2625
-52.2654
-52.2682
-52.271
-52.2739
-52.2768
-52.2797
-52.2825
-52.2854
-52.2883
-52.2913
-52.2942
-52.297
-52.2999
-52.3028
-52.3057
-52.3085
-52.3114
-52.3145
-52.3174
-52.3203
-52.3232
-52.3261
-52.3289
-52.3318
-52.3347
-52.3376
-52.3405
-52.3434
-52.3463
-52.3491
-52.352
-52.3548
-52.3576
-52.3604
-52.3633
-52.3661
-52.369
-52.3719
-52.3747
-52.3776
-52.3804
-52.3831
-52.3859
-52.3886
-52.3913
-52.3941
-52.3968
-52.3996
-52.4023
-52.405
-52.4077
-52.4105
-52.4133
-52.416
-52.4188
-52.4216
-52.4244
-52.4272
-52.43
-52.4327
-52.4355
-52.4383
-52.4412
-52.4439
-52.4467
-52.4494
-52.4521
-52.4549
-52.4576
-52.4603
-52.463
-52.4657
-52.4685
-52.4711
-52.4739
-52.4766
-52.4793
-52.482
-52.4847
-52.4874
-52.4901
-52.4927
-52.4953
-52.498
-52.5007
-52.5034
-52.5061
-52.5088
-52.5115
-52.5142
-52.5169
-52.5196
-52.5223
-52.525
-52.5277
-52.5303
-52.5329
-52.5356
-52.5383
-52.5411
-52.5438
-52.5463
-52.549
-52.5516
-52.5542
-52.5568
-52.5595
-52.5622
-52.565
-52.5677
-52.5704
-52.5732
-52.5759
-52.5787
-52.5813
-52.5839
-52.5865
-52.5892
-52.5919
-52.5946
-52.5973
-52.6
-52.6027
-52.6054
-52.608
-52.6106
-52.6134
-52.6161
-52.6187
-52.6213
-52.6241
-52.6269
-52.6296
-52.6324
-52.6351
-52.6379
-52.6406
-52.6433
-52.646
-52.6487
-52.6514
-52.6541
-52.6569
-52.6596
-52.6624
-52.6652
-52.6679
-52.6707
-52.6735
-52.6763
-52.6792
-52.682
-52.6849
-52.6877
-52.6905
-52.6933
-52.6962
-52.699
-52.7019
-52.7048
-52.7077
-52.7106
-52.7135
-52.7164
-52.7194
-52.7223
-52.7252
-52.7282
-52.7311
-52.734
-52.7369
-52.7398
-52.7428
-52.7457
-52.7486
-52.7515
-52.7544
-52.7573
-52.7603
-52.7632
-52.766
-52.7689
-52.7718
-52.7746
-52.7775
-52.7804
-52.7832
-52.7861
-52.7889
-52.7918
-52.7947
-52.7976
-52.8004
-52.8031
-52.8059
-52.8088
-52.8116
-52.8144
-52.8173
-52.8202
-52.8229
-52.8257
-52.8284
-52.8312
-52.834
-52.8367
-52.8395
-52.8423
-52.845
-52.8477
-52.8505
-52.8533
-52.8561
-52.8588
-52.8617
-52.8645
-52.8673
-52.87
-52.8727
-52.8754
-52.8782
-52.8809
-52.8836
-52.8863
-52.889
-52.8919
-52.8946
-52.8973
-52.9
-52.9026
-52.9052
-52.9079
-52.9106
-52.9134
-52.916
-52.9187
-52.9214
-52.9241
-52.9268
-52.9296
-52.9323
-52.9349
-52.9377
-52.9404
-52.943
-52.9457
-52.9483
-52.951
-52.9536
-52.9563
-52.9589
-52.9617
-52.9644
-52.967
-52.9696
-52.9723
-52.975
-52.9776
-52.9803
-52.9829
-52.9855
-52.9882
-52.9909
-52.9934
-52.996
-52.9986
-53.0012
-53.0037
-53.0062
-53.0088
-53.0114
-53.0139
-53.0165
-53.0191
-53.0217
-53.0244
-53.027
-53.0296
-53.0321
-53.0347
-53.0373
-53.0398
-53.0424
-53.045
-53.0476
-53.0502
-53.0528
-53.0554
-53.058
-53.0607
-53.0633
-53.0659
-53.0685
-53.0711
-53.0737
-53.0763
-53.0789
-53.0815
-53.084
-53.0865
-53.0891
-53.0915
-53.0939
-53.0964
-53.0989
-53.1014
-53.1039
-53.1064
-53.1089
-53.1114
-53.114
-53.1166
-53.1193
-53.1219
-53.1244
-53.127
-53.1294
-53.1319
-53.1345
-53.1371
-53.1396
-53.1421
-53.1447
-53.1474
-53.15
-53.1526
-53.1552
-53.1578
-53.1603
-53.1628
-53.1654
-53.168
-53.1706
-53.1732
-53.1759
-53.1785
-53.1811
-53.1838
-53.1865
-53.1892
-53.1919
-53.1947
-53.1974
-53.2001
-53.2028
-53.2054
-53.2082
-53.2109
-53.2135
-53.2163
-53.219
-53.2217
-53.2243
-53.227
-53.2298
-53.2325
-53.2351
-53.2379
-53.2407
-53.2434
-53.2461
-53.2489
-53.2516
-53.2543
-53.257
-53.2597
-53.2624
-53.2652
-53.2679
-53.2706
-53.2731
-53.2756
-53.2782
-53.2808
-53.2835
-53.2861
-53.2886
-53.291
-53.2935
-53.296
-53.2985
-53.3011
-53.3036
-53.3061
-53.3087
-53.3112
-53.3139
-53.3166
-53.3193
-53.322
-53.3247
-53.3273
-53.33
-53.3326
-53.3353
-53.338
-53.3406
-53.3432
-53.3456
-53.3482
-53.3507
-53.3531
-53.3556
-53.3581
-53.3607
-53.3633
-53.366
-53.3687
-53.3714
-53.3741
-53.3769
-53.3797
-53.3825
-53.3852
-53.3878
-53.3904
-53.3931
-53.3959
-53.3987
-53.4014
-53.4041
-53.4067
-53.4095
-53.4121
-53.4148
-53.4175
-53.4201
-53.4228
-53.4254
-53.4279
-53.4305
-53.4332
-53.4359
-53.4385
-53.441
-53.4435
-53.4461
-53.4488
-53.4514
-53.4542
-53.4569
-53.4595
-53.4621
-53.4648
-53.4674
-53.47
-53.4727
-53.4754
-53.4781
-53.4808
-53.4835
-53.4862
-53.4889
-53.4916
-53.4943
-53.497
-53.4996
-53.5022
-53.5048
-53.5074
-53.5101
-53.5128
-53.5155
-53.5182
-53.5209
-53.5236
-53.5263
-53.5291
-53.5319
-53.5347
-53.5374
-53.5401
-53.5428
-53.5456
-53.5484
-53.5512
-53.554
-53.5568
-53.5595
-53.5623
-53.5651
-53.5678
-53.5704
-53.573
-53.5757
-53.5784
-53.5811
-53.5838
-53.5865
-53.5891
-53.5917
-53.5943
-53.5969
-53.5995
-53.6022
-53.6049
-53.6076
-53.6104
-53.613
-53.6157
-53.6184
-53.6212
-53.6239
-53.6266
-53.6293
-53.6321
-53.6349
-53.6377
-53.6403
-53.643
-53.6457
-53.6485
-53.6513
-53.654
-53.6567
-53.6595
-53.6623
-53.665
-53.6677
-53.6705
-53.6733
-53.6761
-53.679
-53.6819
-53.6848
-53.6877
-53.6906
-53.6935
-53.6963
-53.6989
-53.7016
-53.7044
-53.707
-53.7097
-53.7123
-53.715
-53.7178
-53.7207
-53.7235
-53.7263
-53.7291
-53.7319
-53.7346
-53.7373
-53.74
-53.7427
-53.7455
-53.7484
-53.7512
-53.754
-53.7568
-53.7596
-53.7624
-53.7652
-53.7679
-53.7707
-53.7735
-53.7761
-53.7788
-53.7814
-53.784
-53.7867
-53.7894
-53.7921
-53.7948
-53.7977
-53.8005
-53.8033
-53.806
-53.8087
-53.8115
-53.8142
-53.8169
-53.8197
-53.8225
-53.8252
-53.828
-53.8307
-53.8333
-53.8359
-53.8384
-53.841
-53.8435
-53.8461
-53.8487
-53.8513
-53.854
-53.8566
-53.8592
-53.862
-53.8646
-53.8673
-53.8699
-53.8725
-53.8752
-53.8779
-53.8805
-53.8831
-53.8856
-53.8881
-53.8907
-53.8933
-53.8959
-53.8985
-53.9011
-53.9037
-53.9063
-53.909
-53.9117
-53.9143
-53.9169
-53.9194
-53.922
-53.9245
-53.9271
-53.9297
-53.9324
-53.9351
-53.9378
-53.9404
-53.943
-53.9456
-53.9483
-53.9509
-53.9535
-53.9561
-53.9586
-53.9612
-53.9637
-53.9662
-53.9688
-53.9714
-53.974
-53.9766
-53.9792
-53.9817
-53.9843
-53.9869
-53.9895
-53.9921
-53.9947
-53.9973
-53.9999
-54.0025
-54.0051
-54.0078
-54.0105
-54.0132
-54.0159
-54.0186
-54.0212
-54.0239
-54.0265
-54.0291
-54.0318
-54.0344
-54.037
-54.0396
-54.0422
-54.0448
-54.0475
-54.0502
-54.0529
-54.0555
-54.058
-54.0606
-54.0632
-54.0658
-54.0685
-54.0712
-54.0738
-54.0764
-54.0791
-54.0817
-54.0844
-54.0871
-54.0899
-54.0928
-54.0956
-54.0984
-54.1012
-54.1039
-54.1067
-54.1094
-54.1121
-54.1148
-54.1176
-54.1204
-54.1232
-54.1259
-54.1287
-54.1314
-54.1341
-54.1368
-54.1395
-54.1423
-54.1451
-54.1479
-54.1507
-54.1535
-54.1564
-54.1591
-54.1619
-54.1647
-54.1674
-54.1701
-54.1727
-54.1754
-54.1781
-54.1808
-54.1836
-54.1862
-54.1889
-54.1915
-54.1942
-54.1968
-54.1995
-54.2022
-54.2049
-54.2076
-54.2104
-54.2131
-54.2158
-54.2186
-54.2213
-54.2239
-54.2265
-54.2291
-54.2317
-54.2344
-54.2371
-54.2399
-54.2425
-54.2451
-54.2477
-54.2504
-54.253
-54.2556
-54.2581
-54.2607
-54.2633
-54.266
-54.2685
-54.2711
-54.2737
-54.2762
-54.2788
-54.2814
-54.284
-54.2866
-54.2893
-54.2919
-54.2945
-54.297
-54.2995
-54.3021
-54.3048
-54.3074
-54.3099
-54.3124
-54.315
-54.3176
-54.3202
-54.3228
-54.3253
-54.3279
-54.3305
-54.3332
-54.3357
-54.3382
-54.3408
-54.3434
-54.3459
-54.3485
-54.3512
-54.3538
-54.3564
-54.359
-54.3617
-54.3642
-54.3668
-54.3695
-54.3722
-54.3748
-54.3773
-54.3799
-54.3825
-54.3851
-54.3877
-54.3904
-54.393
-54.3957
-54.3984
-54.401
-54.4037
-54.4063
-54.4089
-54.4115
-54.4141
-54.4168
-54.4195
-54.4223
-54.425
-54.4278
-54.4306
-54.4332
-54.4358
-54.4384
-54.4411
-54.4439
-54.4467
-54.4494
-54.4521
-54.4548
-54.4575
-54.4602
-54.4629
-54.4656
-54.4682
-54.471
-54.4738
-54.4764
-54.4792
-54.482
-54.4848
-54.4875
-54.4902
-54.493
-54.4958
-54.4986
-54.5014
-54.5041
-54.5068
-54.5096
-54.5123
-54.515
-54.5177
-54.5203
-54.523
-54.5257
-54.5284
-54.5311
-54.5337
-54.5363
-54.539
-54.5417
-54.5444
-54.5471
-54.5498
-54.5525
-54.5552
-54.5579
-54.5606
-54.5633
-54.5659
-54.5686
-54.5714
-54.5741
-54.5768
-54.5794
-54.5821
-54.5849
-54.5876
-54.5902
-54.5928
-54.5954
-54.598
-54.6007
-54.6033
-54.6061
-54.6088
-54.6116
-54.6143
-54.6171
-54.6197
-54.6224
-54.6251
-54.6279
-54.6307
-54.6335
-54.6363
-54.6391
-54.6418
-54.6445
-54.6472
-54.65
-54.6526
-54.6553
-54.658
-54.6608
-54.6635
-54.6661
-54.6689
-54.6717
-54.6744
-54.6772
-54.6799
-54.6825
-54.6851
-54.6877
-54.6904
-54.6932
-54.6959
-54.6986
-54.7012
-54.7039
-54.7067
-54.7094
-54.7122
-54.7149
-54.7177
-54.7205
-54.7232
-54.726
-54.7288
-54.7316
-54.7344
-54.7373
-54.74
-54.7427
-54.7455
-54.7482
-54.751
-54.7537
-54.7565
-54.7591
-54.7619
-54.7647
-54.7674
-54.7701
-54.7729
-54.7758
-54.7785
-54.7813
-54.784
-54.7868
-54.7896
-54.7923
-54.7951
-54.7978
-54.8004
-54.8031
-54.8057
-54.8084
-54.8112
-54.8138
-54.8165
-54.8191
-54.8218
-54.8245
-54.8272
-54.83
-54.8328
-54.8355
-54.8381
-54.8409
-54.8437
-54.8465
-54.8492
-54.8519
-54.8545
-54.8572
-54.8599
-54.8627
-54.8655
-54.8682
-54.8709
-54.8736
-54.8762
-54.8789
-54.8817
-54.8845
-54.8871
-54.8898
-54.8925
-54.8953
-54.8979
-54.9006
-54.9032
-54.9058
-54.9085
-54.9111
-54.9137
-54.9164
-54.919
-54.9216
-54.9242
-54.9268
-54.9295
-54.9321
-54.9347
-54.9374
-54.94
-54.9425
-54.9452
-54.9479
-54.9505
-54.9531
-54.9556
-54.9582
-54.9608
-54.9634
-54.966
-54.9687
-54.9714
-54.974
-54.9767
-54.9794
-54.982
-54.9845
-54.9871
-54.9898
-54.9926
-54.9952
-54.9978
-55.0004
-55.003
-55.0056
-55.0082
-55.0107
-55.0133
-55.0159
-55.0185
-55.0211
-55.0237
-55.0263
-55.029
-55.0317
-55.0343
-55.0369
-55.0396
-55.0423
-55.045
-55.0477
-55.0504
-55.053
-55.0557
-55.0583
-55.0609
-55.0636
-55.0662
-55.0689
-55.0716
-55.0742
-55.0769
-55.0796
-55.0823
-55.0849
-55.0875
-55.0901
-55.0928
-55.0955
-55.0982
-55.1007
-55.1033
-55.106
-55.1087
-55.1114
-55.1141
-55.1167
-55.1194
-55.1221
-55.1248
-55.1276
-55.1303
-55.1331
-55.1358
-55.1386
-55.1413
-55.1441
-55.1467
-55.1493
-55.152
-55.1548
-55.1575
-55.1602
-55.1629
-55.1656
-55.1684
-55.1711
-55.1737
-55.1764
-55.1791
-55.1817
-55.1844
-55.1871
-55.1899
-55.1927
-55.1955
-55.1982
-55.2008
-55.2035
-55.2061
-55.2088
-55.2115
-55.2142
-55.217
-55.2197
-55.2224
-55.2251
-55.2277
-55.2304
-55.233
-55.2357
-55.2384
-55.2411
-55.2438
-55.2464
-55.2491
-55.2517
-55.2544
-55.2572
-55.2598
-55.2625
-55.2652
-55.2678
-55.2705
-55.2732
-55.2758
-55.2785
-55.2811
-55.2836
-55.2862
-55.2889
-55.2915
-55.2941
-55.2967
-55.2992
-55.3017
-55.3043
-55.3068
-55.3093
-55.312
-55.3146
-55.3172
-55.3198
-55.3224
-55.325
-55.3276
-55.3302
-55.3328
-55.3353
-55.3379
-55.3406
-55.3432
-55.3458
-55.3484
-55.3509
-55.3534
-55.3559
-55.3584
-55.361
-55.3635
-55.3661
-55.3686
-55.3712
-55.3739
-55.3765
-55.3792
-55.3818
-55.3844
-55.387
-55.3896
-55.3922
-55.3948
-55.3974
-55.4
-55.4025
-55.405
-55.4075
-55.4101
-55.4126
-55.4152
-55.4178
-55.4203
-55.4228
-55.4254
-55.4279
-55.4306
-55.4332
-55.4357
-55.4383
-55.4409
-55.4435
-55.4461
-55.4487
-55.4513
-55.4539
-55.4565
-55.4591
-55.4618
-55.4645
-55.4672
-55.4698
-55.4723
-55.4749
-55.4775
-55.4802
-55.4828
-55.4854
-55.4881
-55.4907
-55.4933
-55.496
-55.4987
-55.5013
-55.5039
-55.5066
-55.5093
-55.5119
-55.5146
-55.5173
-55.52
-55.5226
-55.5252
-55.5278
-55.5305
-55.5331
-55.5357
-55.5383
-55.5408
-55.5434
-55.5461
-55.5488
-55.5514
-55.5541
-55.5567
-55.5592
-55.5618
-55.5644
-55.567
-55.5696
-55.5721
-55.5747
-55.5774
-55.5801
-55.5827
-55.5854
-55.5881
-55.5908
-55.5935
-55.5961
-55.5986
-55.6012
-55.6038
-55.6065
-55.6091
-55.6117
-55.6143
-55.6169
-55.6195
-55.6221
-55.6247
-55.6273
-55.6299
-55.6325
-55.6352
-55.6378
-55.6404
-55.6429
-55.6455
-55.6481
-55.6506
-55.6532
-55.6558
-55.6583
-55.6609
-55.6635
-55.6661
-55.6687
-55.6712
-55.6737
-55.6763
-55.6788
-55.6814
-55.6839
-55.6864
-55.689
-55.6916
-55.6942
-55.6968
-55.6992
-55.7017
-55.7042
-55.7068
-55.7093
-55.7118
-55.7144
-55.7169
-55.7193
-55.7217
-55.7243
-55.7269
-55.7293
-55.7317
-55.7342
-55.7366
-55.7391
-55.7416
-55.7441
-55.7466
-55.7492
-55.7517
-55.7542
-55.7567
-55.7593
-55.7619
-55.7644
-55.7669
-55.7695
-55.772
-55.7744
-55.7769
-55.7795
-55.7821
-55.7847
-55.7873
-55.7899
-55.7925
-55.795
-55.7975
-55.8
-55.8026
-55.8052
-55.8076
-55.8101
-55.8127
-55.8154
-55.818
-55.8207
-55.8234
-55.826
-55.8285
-55.8311
-55.8336
-55.8362
-55.8389
-55.8415
-55.8441
-55.8468
-55.8494
-55.8519
-55.8545
-55.857
-55.8596
-55.8621
-55.8647
-55.8673
-55.8699
-55.8724
-55.8749
-55.8774
-55.88
-55.8826
-55.8852
-55.8878
-55.8904
-55.893
-55.8956
-55.8982
-55.9008
-55.9035
-55.9061
-55.9087
-55.9113
-55.9139
-55.9164
-55.9191
-55.9218
-55.9246
-55.9273
-55.9299
-55.9325
-55.9352
-55.9378
-55.9405
-55.9431
-55.9458
-55.9485
-55.9512
-55.9539
-55.9567
-55.9594
-55.9621
-55.9648
-55.9676
-55.9703
-55.973
-55.9757
-55.9785
-55.9813
-55.984
-55.9868
-55.9895
-55.9923
-55.995
-55.9977
-56.0005
-56.0032
-56.0059
-56.0086
-56.0113
-56.014
-56.0168
-56.0195
-56.0221
-56.0248
-56.0275
-56.0301
-56.0327
-56.0354
-56.0381
-56.0409
-56.0436
-56.0462
-56.0488
-56.0515
-56.0543
-56.057
-56.0597
-56.0625
-56.0652
-56.068
-56.0708
-56.0735
-56.0761
-56.0789
-56.0817
-56.0844
-56.0871
-56.0898
-56.0925
-56.0952
-56.0979
-56.1007
-56.1034
-56.1062
-56.109
-56.1117
-56.1145
-56.1172
-56.12
-56.1228
-56.1256
-56.1284
-56.1312
-56.134
-56.1367
-56.1395
-56.1422
-56.145
-56.1477
-56.1504
-56.153
-56.1557
-56.1584
-56.161
-56.1637
-56.1664
-56.1691
-56.1718
-56.1745
-56.1772
-56.1798
-56.1824
-56.1851
-56.1877
-56.1903
-56.193
-56.1958
-56.1985
-56.2013
-56.2039
-56.2066
-56.2092
-56.2118
-56.2145
-56.2171
-56.2197
-56.2224
-56.2251
-56.2277
-56.2303
-56.2329
-56.2357
-56.2384
-56.241
-56.2437
-56.2463
-56.249
-56.2516
-56.2543
-56.257
-56.2596
-56.2621
-56.2647
-56.2674
-56.2701
-56.2727
-56.2753
-56.2778
-56.2804
-56.283
-56.2857
-56.2883
-56.2909
-56.2935
-56.2961
-56.2987
-56.3014
-56.3041
-56.3067
-56.3094
-56.3121
-56.3148
-56.3175
-56.3202
-56.3229
-56.3256
-56.3283
-56.3311
-56.3339
-56.3367
-56.3394
-56.3421
-56.3449
-56.3476
-56.3504
-56.3531
-56.3558
-56.3585
-56.3612
-56.3638
-56.3665
-56.3692
-56.3719
-56.3746
-56.3773
-56.3799
-56.3827
-56.3854
-56.3882
-56.3909
-56.3935
-56.3962
-56.3989
-56.4016
-56.4042
-56.4068
-56.4095
-56.4123
-56.4151
-56.4177
-56.4203
-56.423
-56.4256
-56.4283
-56.4309
-56.4335
-56.4362
-56.4387
-56.4413
-56.4439
-56.4465
-56.4491
-56.4517
-56.4543
-56.4569
-56.4595
-56.4621
-56.4647
-56.4675
-56.4701
-56.4727
-56.4753
-56.478
-56.4808
-56.4835
-56.4861
-56.4888
-56.4914
-56.4941
-56.4967
-56.4993
-56.502
-56.5046
-56.5073
-56.5101
-56.5128
-56.5154
-56.5181
-56.5209
-56.5237
-56.5264
-56.5291
-56.5318
-56.5345
-56.5371
-56.5398
-56.5425
-56.5451
-56.5478
-56.5504
-56.553
-56.5556
-56.5581
-56.5606
-56.5631
-56.5656
-56.5681
-56.5706
-56.5732
-56.5758
-56.5784
-56.581
-56.5837
-56.5864
-56.5892
-56.5919
-56.5947
-56.5975
-56.6002
-56.603
-56.6058
-56.6084
-56.6109
-56.6135
-56.6161
-56.6187
-56.6214
-56.6241
-56.6267
-56.6293
-56.6319
-56.6344
-56.637
-56.6395
-56.642
-56.6445
-56.6471
-56.6497
-56.6522
-56.6548
-56.6573
-56.66
-56.6627
-56.6653
-56.668
-56.6707
-56.6735
-56.6763
-56.679
-56.6819
-56.6846
-56.6873
-56.6901
-56.6929
-56.6956
-56.6982
-56.7008
-56.7034
-56.706
-56.7087
-56.7112
-56.7138
-56.7164
-56.7191
-56.7217
-56.7244
-56.727
-56.7297
-56.7324
-56.735
-56.7375
-56.7401
-56.7427
-56.7455
-56.7482
-56.7509
-56.7537
-56.7563
-56.759
-56.7617
-56.7644
-56.7671
-56.7698
-56.7724
-56.775
-56.7776
-56.7802
-56.7828
-56.7855
-56.7882
-56.7908
-56.7935
-56.7962
-56.7989
-56.8015
-56.8041
-56.8067
-56.8094
-56.812
-56.8146
-56.8173
-56.8201
-56.8228
-56.8254
-56.8281
-56.8308
-56.8334
-56.836
-56.8386
-56.8411
-56.8436
-56.8462
-56.8488
-56.8513
-56.8539
-56.8565
-56.8591
-56.8616
-56.8642
-56.8668
-56.8694
-56.872
-56.8747
-56.8772
-56.8798
-56.8824
-56.8849
-56.8875
-56.8901
-56.8926
-56.8952
-56.8978
-56.9003
-56.9028
-56.9053
-56.9079
-56.9104
-56.913
-56.9155
-56.9181
-56.9208
-56.9234
-56.926
-56.9286
-56.9313
-56.9339
-56.9366
-56.9393
-56.9421
-56.9448
-56.9475
-56.9501
-56.9528
-56.9556
-56.9582
-56.9609
-56.9636
-56.9663
-56.9691
-56.9719
-56.9745
-56.9771
-56.9797
-56.9824
-56.9851
-56.9878
-56.9906
-56.9933
-56.9959
-56.9985
-57.0011
-57.0038
-57.0064
-57.0091
-57.0117
-57.0143
-57.017
-57.0197
-57.0223
-57.025
-57.0278
-57.0304
-57.033
-57.0355
-57.0382
-57.0408
-57.0435
-57.0461
-57.0487
-57.0513
-57.0539
-57.0564
-57.0589
-57.0615
-57.0639
-57.0664
-57.069
-57.0715
-57.0742
-57.0768
-57.0794
-57.0821
-57.0847
-57.0873
-57.09
-57.0926
-57.0952
-57.0979
-57.1005
-57.1031
-57.1058
-57.1085
-57.1112
-57.1138
-57.1165
-57.1191
-57.1217
-57.1243
-57.1269
-57.1296
-57.1322
-57.1348
-57.1375
-57.1401
-57.1428
-57.1454
-57.1481
-57.1507
-57.1533
-57.1559
-57.1585
-57.1611
-57.1638
-57.1665
-57.1691
-57.1716
-57.1743
-57.177
-57.1797
-57.1823
-57.1849
-57.1876
-57.1902
-57.1928
-57.1954
-57.1981
-57.2008
-57.2035
-57.2062
-57.2088
-57.2115
-57.2141
-57.2168
-57.2195
-57.2221
-57.2247
-57.2274
-57.23
-57.2327
-57.2354
-57.2381
-57.2408
-57.2434
-57.246
-57.2487
-57.2514
-57.254
-57.2567
-57.2593
-57.2619
-57.2646
-57.2672
-57.2699
-57.2726
-57.2752
-57.2777
-57.2803
-57.283
-57.2856
-57.2883
-57.2909
-57.2935
-57.2961
-57.2988
-57.3014
-57.3041
-57.3068
-57.3095
-57.3121
-57.3146
-57.3172
-57.3198
-57.3224
-57.325
-57.3277
-57.3303
-57.3329
-57.3355
-57.3382
-57.3409
-57.3435
-57.3461
-57.3489
-57.3515
-57.3541
-57.3568
-57.3594
-57.3621
-57.3648
-57.3675
-57.3702
-57.3729
-57.3757
-57.3784
-57.3809
-57.3836
-57.3863
-57.389
-57.3917
-57.3943
-57.3969
-57.3995
-57.4021
-57.4048
-57.4075
-57.4102
-57.4129
-57.4156
-57.4183
-57.421
-57.4237
-57.4263
-57.4291
-57.4318
-57.4345
-57.4373
-57.44
-57.4427
-57.4453
-57.4479
-57.4506
-57.4533
-57.456
-57.4586
-57.4612
-57.4638
-57.4664
-57.469
-57.4718
-57.4745
-57.4772
-57.4799
-57.4827
-57.4854
-57.488
-57.4905
-57.4933
-57.496
-57.4986
-57.5012
-57.5039
-57.5065
-57.5092
-57.5119
-57.5145
-57.5171
-57.5198
-57.5224
-57.5251
-57.5277
-57.5304
-57.5331
-57.5358
-57.5385
-57.5412
-57.5439
-57.5466
-57.5492
-57.5519
-57.5546
-57.5573
-57.56
-57.5626
-57.5653
-57.5681
-57.5707
-57.5735
-57.5761
-57.5788
-57.5814
-57.5841
-57.5867
-57.5894
-57.592
-57.5946
-57.5972
-57.5999
-57.6027
-57.6054
-57.6081
-57.6108
-57.6135
-57.6161
-57.6187
-57.6213
-57.6239
-57.6266
-57.6293
-57.632
-57.6346
-57.6373
-57.6399
-57.6425
-57.6452
-57.6479
-57.6505
-57.6531
-57.6558
-57.6584
-57.6611
-57.6637
-57.6663
-57.669
-57.6717
-57.6745
-57.6771
-57.6797
-57.6824
-57.685
-57.6877
-57.6904
-57.6931
-57.6958
-57.6984
-57.7011
-57.7038
-57.7064
-57.709
-57.7117
-57.7144
-57.7171
-57.7197
-57.7223
-57.7249
-57.7276
-57.7303
-57.7329
-57.7355
-57.7382
-57.7409
-57.7436
-57.7463
-57.749
-57.7517
-57.7545
-57.7571
-57.7597
-57.7623
-57.765
-57.7677
-57.7704
-57.773
-57.7757
-57.7784
-57.7812
-57.7838
-57.7864
-57.7891
-57.7918
-57.7945
-57.7971
-57.7998
-57.8025
-57.8052
-57.8078
-57.8105
-57.8132
-57.816
-57.8186
-57.8212
-57.8239
-57.8265
-57.8291
-57.8317
-57.8344
-57.8371
-57.8397
-57.8424
-57.8451
-57.8477
-57.8503
-57.853
-57.8556
-57.8582
-57.8608
-57.8634
-57.8661
-57.8689
-57.8716
-57.8743
-57.8769
-57.8795
-57.8821
-57.8849
-57.8875
-57.8901
-57.8928
-57.8955
-57.8983
-57.901
-57.9036
-57.9062
-57.9088
-57.9114
-57.9141
-57.9168
-57.9194
-57.922
-57.9246
-57.9273
-57.9299
-57.9325
-57.9351
-57.9378
-57.9404
-57.9431
-57.9458
-57.9484
-57.9511
-57.9537
-57.9564
-57.9591
-57.9618
-57.9645
-57.9672
-57.9699
-57.9726
-57.9753
-57.978
-57.9806
-57.9832
-57.9858
-57.9884
-57.9911
-57.9937
-57.9964
-57.999
-58.0017
-58.0043
-58.0069
-58.0095
-58.0121
-58.0148
-58.0175
-58.0201
-58.0226
-58.0253
-58.028
-58.0308
-58.0335
-58.0362
-58.0389
-58.0417
-58.0444
-58.0471
-58.0498
-58.0524
-58.055
-58.0576
-58.0603
-58.063
-58.0656
-58.0683
-58.071
-58.0736
-58.0762
-58.0787
-58.0813
-58.084
-58.0866
-58.0893
-58.0919
-58.0945
-58.0972
-58.0999
-58.1026
-58.1053
-58.108
-58.1106
-58.1133
-58.116
-58.1188
-58.1215
-58.1242
-58.1269
-58.1296
-58.1321
-58.1347
-58.1375
-58.1402
-58.1429
-58.1456
-58.1482
-58.1509
-58.1535
-58.1561
-58.1588
-58.1614
-58.1641
-58.1668
-58.1695
-58.1722
-58.1748
-58.1775
-58.1802
-58.1829
-58.1856
-58.1884
-58.191
-58.1937
-58.1964
-58.1991
-58.2017
-58.2043
-58.2069
-58.2095
-58.212
-58.2146
-58.2173
-58.22
-58.2226
-58.2252
-58.2279
-58.2307
-58.2333
-58.236
-58.2387
-58.2414
-58.2442
-58.2469
-58.2497
-58.2524
-58.255
-58.2576
-58.2603
-58.263
-58.2658
-58.2685
-58.2712
-58.2739
-58.2766
-58.2791
-58.2817
-58.2844
-58.2871
-58.2898
-58.2926
-58.2953
-58.2979
-58.3006
-58.3033
-58.306
-58.3086
-58.3113
-58.314
-58.3167
-58.3194
-58.3221
-58.3247
-58.3274
-58.33
-58.3327
-58.3354
-58.3381
-58.3408
-58.3435
-58.3462
-58.3489
-58.3516
-58.3542
-58.3569
-58.3595
-58.3621
-58.3648
-58.3675
-58.3703
-58.3729
-58.3756
-58.3783
-58.3809
-58.3836
-58.3863
-58.3889
-58.3916
-58.3943
-58.397
-58.3997
-58.4024
-58.4051
-58.4077
-58.4103
-58.413
-58.4156
-58.4182
-58.421
-58.4237
-58.4263
-58.429
-58.4316
-58.4343
-58.437
-58.4397
-58.4425
-58.4452
-58.4479
-58.4505
-58.453
-58.4556
-58.4583
-58.461
-58.4637
-58.4664
-58.4691
-58.4717
-58.4743
-58.4771
-58.4798
-58.4825
-58.4852
-58.4879
-58.4906
-58.4934
-58.4961
-58.4988
-58.5015
-58.5041
-58.5068
-58.5094
-58.5121
-58.5147
-58.5174
-58.5201
-58.5227
-58.5255
-58.5281
-58.5308
-58.5334
-58.5361
-58.5388
-58.5415
-58.5442
-58.5469
-58.5495
-58.5522
-58.5549
-58.5575
-58.5601
-58.5627
-58.5654
-58.5681
-58.5707
-58.5734
-58.5762
-58.5788
-58.5816
-58.5843
-58.587
-58.5897
-58.5924
-58.5951
-58.5977
-58.6004
-58.6032
-58.6059
-58.6086
-58.6112
-58.6139
-58.6166
-58.6193
-58.622
-58.6247
-58.6273
-58.63
-58.6327
-58.6354
-58.6381
-58.6409
-58.6436
-58.6462
-58.649
-58.6517
-58.6543
-58.657
-58.6596
-58.6622
-58.6648
-58.6675
-58.6702
-58.6729
-58.6756
-58.6782
-58.681
-58.6836
-58.6862
-58.6888
-58.6914
-58.6941
-58.6968
-58.6994
-58.7021
-58.7047
-58.7074
-58.7101
-58.7127
-58.7155
-58.7182
-58.7209
-58.7235
-58.7261
-58.7287
-58.7313
-58.734
-58.7367
-58.7394
-58.7421
-58.7448
-58.7475
-58.7501
-58.7527
-58.7554
-58.758
-58.7606
-58.7633
-58.766
-58.7686
-58.7713
-58.774
-58.7767
-58.7794
-58.7821
-58.7848
-58.7875
-58.7901
-58.7927
-58.7954
-58.7981
-58.8009
-58.8035
-58.8062
-58.8088
-58.8114
-58.8141
-58.8167
-58.8194
-58.822
-58.8246
-58.8272
-58.8298
-58.8325
-58.8352
-58.8378
-58.8405
-58.8432
-58.846
-58.8487
-58.8514
-58.8541
-58.8568
-58.8594
-58.862
-58.8647
-58.8675
-58.8702
-58.8729
-58.8756
-58.8782
-58.8809
-58.8836
-58.8863
-58.8889
-58.8916
-58.8942
-58.8967
-58.8994
-58.9021
-58.9048
-58.9074
-58.9101
-58.9128
-58.9155
-58.9182
-58.9209
-58.9237
-58.9264
-58.9291
-58.9319
-58.9346
-58.9374
-58.9401
-58.9428
-58.9454
-58.948
-58.9507
-58.9534
-58.9562
-58.9589
-58.9616
-58.9642
-58.9668
-58.9696
-58.9723
-58.975
-58.9778
-58.9805
-58.9831
-58.9858
-58.9885
-58.9912
-58.994
-58.9967
-58.9994
-59.002
-59.0045
-59.0072
-59.0099
-59.0127
-59.0154
-59.0181
-59.0207
-59.0235
-59.0262
-59.0289
-59.0315
-59.0341
-59.0368
-59.0394
-59.042
-59.0445
-59.0471
-59.0498
-59.0524
-59.055
-59.0576
-59.0603
-59.063
-59.0657
-59.0683
-59.071
-59.0737
-59.0764
-59.079
-59.0816
-59.0842
-59.0869
-59.0897
-59.0924
-59.0951
-59.0977
-59.1003
-59.103
-59.1056
-59.1083
-59.111
-59.1137
-59.1164
-59.119
-59.1216
-59.1242
-59.1268
-59.1295
-59.1322
-59.1348
-59.1375
-59.1401
-59.1428
-59.1455
-59.1483
-59.151
-59.1537
-59.1564
-59.159
-59.1617
-59.1644
-59.167
-59.1697
-59.1724
-59.1751
-59.1778
-59.1805
-59.1832
-59.186
-59.1887
-59.1913
-59.1941
-59.1967
-59.1993
-59.202
-59.2048
-59.2075
-59.2102
-59.2129
-59.2155
-59.2181
-59.2208
-59.2235
-59.2261
-59.2287
-59.2313
-59.2339
-59.2364
-59.239
-59.2417
-59.2444
-59.247
-59.2497
-59.2524
-59.255
-59.2576
-59.2602
-59.2629
-59.2657
-59.2684
-59.2711
-59.2738
-59.2764
-59.279
-59.2817
-59.2843
-59.2868
-59.2894
-59.292
-59.2947
-59.2973
-59.2999
-59.3024
-59.305
-59.3077
-59.3104
-59.313
-59.3157
-59.3183
-59.3211
-59.3238
-59.3265
-59.3292
-59.3318
-59.3345
-59.3372
-59.3399
-59.3426
-59.3452
-59.3478
-59.3505
-59.3532
-59.3558
-59.3584
-59.361
-59.3637
-59.3663
-59.369
-59.3717
-59.3744
-59.3771
-59.3798
-59.3825
-59.3851
-59.3877
-59.3903
-59.393
-59.3957
-59.3982
-59.4009
-59.4036
-59.4062
-59.4089
-59.4115
-59.4142
-59.4168
-59.4194
-59.422
-59.4248
-59.4275
-59.4301
-59.4328
-59.4355
-59.4382
-59.4409
-59.4437
-59.4464
-59.4491
-59.4517
-59.4544
-59.4571
-59.4597
-59.4624
-59.4651
-59.4677
-59.4704
-59.4731
-59.4758
-59.4784
-59.4811
-59.4838
-59.4865
-59.4892
-59.4918
-59.4944
-59.497
-59.4998
-59.5024
-59.505
-59.5076
-59.5102
-59.5129
-59.5155
-59.5181
-59.5207
-59.5233
-59.526
-59.5287
-59.5314
-59.5341
-59.5368
-59.5395
-59.5422
-59.5449
-59.5475
-59.5502
-59.553
-59.5557
-59.5583
-59.5609
-59.5637
-59.5663
-59.569
-59.5715
-59.5742
-59.5769
-59.5795
-59.5821
-59.5848
-59.5874
-59.5902
-59.593
-59.5957
-59.5985
-59.6012
-59.6039
-59.6066
-59.6093
-59.612
-59.6147
-59.6174
-59.6201
-59.6227
-59.6255
-59.6281
-59.6308
-59.6335
-59.6361
-59.6387
-59.6413
-59.644
-59.6466
-59.6492
-59.6519
-59.6547
-59.6575
-59.6601
-59.6628
-59.6654
-59.6682
-59.671
-59.6737
-59.6763
-59.6789
-59.6816
-59.6841
-59.6867
-59.6894
-59.6922
-59.6949
-59.6976
-59.7003
-59.7031
-59.7058
-59.7085
-59.7112
-59.7139
-59.7165
-59.7193
-59.7219
-59.7247
-59.7274
-59.7301
-59.7327
-59.7353
-59.7379
-59.7405
-59.7432
-59.746
-59.7487
-59.7513
-59.754
-59.7567
-59.7594
-59.7621
-59.7647
-59.7674
-59.7701
-59.7727
-59.7753
-59.7779
-59.7806
-59.7833
-59.786
-59.7887
-59.7913
-59.7939
-59.7966
-59.7993
-59.802
-59.8047
-59.8074
-59.8101
-59.8129
-59.8156
-59.8183
-59.8209
-59.8235
-59.8261
-59.8288
-59.8315
-59.8342
-59.8368
-59.8395
-59.8421
-59.8447
-59.8474
-59.8501
-59.8528
-59.8554
-59.8581
-59.8607
-59.8633
-59.8659
-59.8686
-59.8713
-59.8741
-59.8768
-59.8795
-59.8822
-59.8849
-59.8875
-59.8901
-59.8927
-59.8954
-59.898
-59.9007
-59.9034
-59.9061
-59.9087
-59.9114
-59.9141
-59.9168
-59.9195
-59.9222
-59.9249
-59.9275
-59.9302
-59.9328
-59.9355
-59.9382
-59.9409
-59.9435
-59.9462
-59.9488
-59.9515
-59.9542
-59.9569
-59.9597
-59.9623
-59.9649
-59.9677
-59.9704
-59.973
-59.9757
-59.9783
-59.9809
-59.9835
-59.9862
-59.9862
-59.9889
-59.9916
-59.9943
-59.997
-59.9996
-60.0022
-60.0048
-60.0074
-60.01
-60.0127
-60.0154
-60.018
-60.0207
-60.0234
-60.026
-60.0287
-60.0313
-60.034
-60.0367
-60.0393
-60.042
-60.0448
-60.0474
-60.05
-60.0527
-60.0554
-60.058
-60.0607
-60.0634
-60.0661
-60.0689
-60.0716
-60.0743
-60.0769
-60.0796
-60.0823
-60.085
-60.0878
-60.0904
-60.0931
-60.0957
-60.0983
-60.101
-60.1036
-60.1064
-60.1091
-60.1118
-60.1145
-60.1172
-60.1198
-60.1224
-60.1251
-60.1278
-60.1305
-60.1332
-60.1359
-60.1386
-60.1412
-60.144
-60.1467
-60.1494
-60.1521
-60.1548
-60.1574
-60.1602
-60.1629
-60.1656
-60.1682
-60.1709
-60.1736
-60.1764
-60.179
-60.1817
-60.1844
-60.1871
-60.1898
-60.1925
-60.1951
-60.1978
-60.2004
-60.2031
-60.2058
-60.2083
-60.211
-60.2136
-60.2163
-60.219
-60.2217
-60.2245
-60.2272
-60.2299
-60.2326
-60.2353
-60.2381
-60.2407
-60.2433
-60.246
-60.2486
-60.2512
-60.2538
-60.2565
-60.2593
-60.2621
-60.2648
-60.2674
-60.2701
-60.2729
-60.2756
-60.2783
-60.2811
-60.2837
-60.2864
-60.2891
-60.2918
-60.2945
-60.2972
-60.2999
-60.3026
-60.3052
-60.3079
-60.3106
-60.3132
-60.3158
-60.3185
-60.3211
-60.3238
-60.3265
-60.3291
-60.3318
-60.3345
-60.3372
-60.3399
-60.3425
-60.3451
-60.3478
-60.3505
-60.3532
-60.3559
-60.3586
-60.3613
-60.364
-60.3667
-60.3694
-60.3722
-60.3748
-60.3775
-60.3803
-60.383
-60.3858
-60.3885
-60.3911
-60.3938
-60.3964
-60.3991
-60.4018
-60.4046
-60.4073
-60.41
-60.4128
-60.4155
-60.4182
-60.4209
-60.4236
-60.4262
-60.4289
-60.4316
-60.4343
-60.4371
-60.4398
-60.4425
-60.4453
-60.448
-60.4507
-60.4534
-60.4562
-60.4589
-60.4615
-60.464
-60.4666
-60.4693
-60.472
-60.4746
-60.4774
-60.4802
-60.4829
-60.4855
-60.4881
-60.4909
-60.4937
-60.4964
-60.4991
-60.5018
-60.5045
-60.5072
-60.5098
-60.5125
-60.5151
-60.5177
-60.5204
-60.5231
-60.5258
-60.5284
-60.5311
-60.5337
-60.5363
-60.539
-60.5417
-60.5444
-60.547
-60.5497
-60.5524
-60.555
-60.5576
-60.5603
-60.563
-60.5657
-60.5684
-60.5711
-60.5737
-60.5763
-60.579
-60.5817
-60.5844
-60.587
-60.5898
-60.5924
-60.5951
-60.5978
-60.6004
-60.6031
-60.6057
-60.6083
-60.611
-60.6138
-60.6165
-60.6191
-60.6218
-60.6245
-60.6271
-60.6298
-60.6325
-60.6352
-60.6379
-60.6405
-60.6431
-60.6458
-60.6485
-60.6512
-60.6538
-60.6564
-60.659
-60.6616
-60.6643
-60.6671
-60.6698
-60.6724
-60.675
-60.6777
-60.6804
-60.6831
-60.6858
-60.6884
-60.691
-60.6937
-60.6965
-60.6992
-60.7019
-60.7045
-60.7072
-60.71
-60.7127
-60.7155
-60.7182
-60.7209
-60.7236
-60.7262
-60.7288
-60.7314
-60.7341
-60.7368
-60.7395
-60.7422
-60.7449
-60.7475
-60.7503
-60.7529
-60.7556
-60.7583
-60.761
-60.7636
-60.7663
-60.769
-60.7717
-60.7744
-60.7771
-60.7798
-60.7825
-60.7852
-60.7878
-60.7906
-60.7933
-60.7961
-60.7988
-60.8014
-60.804
-60.8067
-60.8094
-60.812
-60.8146
-60.8173
-60.82
-60.8226
-60.8253
-60.828
-60.8306
-60.8332
-60.8359
-60.8386
-60.8412
-60.8439
-60.8467
-60.8494
-60.852
-60.8546
-60.8573
-60.8599
-60.8625
-60.8651
-60.8678
-60.8705
-60.8731
-60.8758
-60.8784
-60.881
-60.8836
-60.8862
-60.8887
-60.8913
-60.8941
-60.8968
-60.8994
-60.9021
-60.9047
-60.9073
-60.91
-60.9128
-60.9155
-60.9182
-60.9209
-60.9235
-60.9261
-60.9288
-60.9315
-60.9341
-60.9368
-60.9395
-60.9421
-60.9447
-60.9475
-60.9501
-60.9528
-60.9555
-60.9582
-60.9609
-60.9635
-60.9662
-60.9689
-60.9716
-60.9742
-60.9769
-60.9796
-60.9823
-60.985
-60.9877
-60.9904
-60.9931
-60.9958
-60.9984
-61.001
-61.0036
-61.0063
-61.0091
-61.0118
-61.0146
-61.0172
-61.0199
-61.0227
-61.0253
-61.028
-61.0306
-61.0333
-61.0359
-61.0386
-61.0413
-61.044
-61.0466
-61.0493
-61.052
-61.0547
-61.0574
-61.06
-61.0627
-61.0653
-61.068
-61.0706
-61.0732
-61.0759
-61.0786
-61.0812
-61.0838
-61.0865
-61.0891
-61.0918
-61.0945
-61.0972
-61.0999
-61.1025
-61.1052
-61.1079
-61.1105
-61.1132
-61.1159
-61.1186
-61.1214
-61.124
-61.1267
-61.1294
-61.1321
-61.1347
-61.1374
-61.1401
-61.1428
-61.1454
-61.1481
-61.1508
-61.1535
-61.1562
-61.1589
-61.1616
-61.1642
-61.1669
-61.1696
-61.1722
-61.1749
-61.1776
-61.1804
-61.1832
-61.1859
-61.1885
-61.1912
-61.1938
-61.1965
-61.1992
-61.2019
-61.2045
-61.2071
-61.2098
-61.2125
-61.2151
-61.2176
-61.2203
-61.2229
-61.2255
-61.2281
-61.2308
-61.2335
-61.2362
-61.239
-61.2417
-61.2444
-61.2471
-61.2498
-61.2526
-61.2553
-61.258
-61.2606
-61.2633
-61.266
-61.2688
-61.2715
-61.2741
-61.2767
-61.2794
-61.2821
-61.2848
-61.2874
-61.2901
-61.2929
-61.2955
-61.2981
-61.3008
-61.3034
-61.3061
-61.3087
-61.3114
-61.3141
-61.3167
-61.3193
-61.322
-61.3247
-61.3273
-61.3299
-61.3326
-61.3353
-61.338
-61.3407
-61.3434
-61.346
-61.3486
-61.3513
-61.3541
-61.3568
-61.3594
-61.362
-61.3646
-61.3673
-61.3699
-61.3726
-61.3753
-61.378
-61.3807
-61.3834
-61.3862
-61.3889
-61.3916
-61.3943
-61.397
-61.3997
-61.4024
-61.4051
-61.4078
-61.4105
-61.4132
-61.416
-61.4187
-61.4214
-61.4241
-61.4267
-61.4294
-61.4321
-61.4348
-61.4374
-61.44
-61.4427
-61.4455
-61.4483
-61.451
-61.4536
-61.4563
-61.459
-61.4617
-61.4644
-61.467
-61.4697
-61.4724
-61.475
-61.4777
-61.4803
-61.483
-61.4856
-61.4883
-61.491
-61.4937
-61.4964
-61.499
-61.5017
-61.5044
-61.507
-61.5097
-61.5124
-61.5151
-61.5178
-61.5205
-61.5233
-61.5259
-61.5285
-61.5312
-61.534
-61.5367
-61.5394
-61.5421
-61.5447
-61.5474
-61.55
-61.5527
-61.5554
-61.5581
-61.5607
-61.5633
-61.5659
-61.5686
-61.5711
-61.5738
-61.5764
-61.579
-61.5816
-61.5842
-61.5868
-61.5894
0
0
0
0
0
0
0
0
0
0
0
0
0
0
0
0
0
0
0
0
0
0
0
0
0
0
0
0
0
0
0
0
0
0
0
0
0
0
0
0
0
0
0
0
0
0
0
0
0
0
0
0
0
0
0
0
0
0
0
0
0
0
0
0
0
0
0
0
0
0
0
0
0
0
0
0
0
0
0
0
0
0
0
0
0
0
0
0
0
0
0
0
0
0
0
0
0
0
0
0
0
0
0
0
0
0
0
0
0
0
0
0
0
0
0
0
0
0
0
0
0
0
0
0
0
0
0
0
0
0
0
0
0
0
0
0
0
0
0
0
0
0
0
0
0
0
0
0
0
0
0
0
0
0
0
0
0
0
0
0
0
0
0
0
0
0
0
0
0
0
0
0
0
0
0
0
0
0
0
0
0
0
0
0
0
0
0
0
0
0
0
0
0
0
0
0
0
0
0
0
0
0
0
0
0
0
0
0
0
0
0
0
0
0
0
0
0
0
0
0
0
0
0
0
0
0
0
0
0
0
0
0
0
0
0
0
0
0
0
0
0
0
0
0
0
0
0
0
0
0
0
0
0
0
0
0
0
0
0
0
0
0
0
0
0
0
0
0
0
0
0
0
0
0
0
0
0
0
0
0
0
0
0
0
0
0
0
0
0
0
0
0
0
0
0
0
0
0
0
0
0
0
0
0
0
0
0
0
0
0
0
0
0
0
0
0
0
0
0
0
0
0
0
0
0
0
0
0
0
0
0
0
0
0
0
0
0
0
0
0
0
0
0
0
0
0
0
0
0
0
0
0
0
0
0
0
0
0
0
0
0
0
0
0
0
0
0
0
0
0
0
0
0
0
0
0
0
0
0
0
0
0
0
0
0
0
0
0
0
0
0
0
0
0
0
0
0
0
0
0
0
0
0
0
0
0
0
0
0
0
0
0
0
0
0
0
0
0
0
0
0
0
0
0
0
0
0
0
0
0
0
0
0
0
0
0
0
0
0
0
0
0
0
0
0
0
0
0
0
0
0
0
0
0
0
0
0
0
0
0
0
0
0
0
0
0
0
0
0
0
0
0
0
0
0
0
0
0
0
0
0
0
0
0
0
0
0
0
0
0
0
0
0
0
0
0
0
0
0
0
0
0
0
0
0
0
0
0
0
0
0
0
0
0
0
0
0
0
0
0
0
0
0
0
0
0
0
0
0
0
0
0
0
0
0
0
0
0
0
0
0
0
0
0
0
0
0
0
0
0
0
0
0
0
0
0
0
0
0
0
0
0
0
0
0
0
0
0
0
0
0
0
0
0
0
0
0
0
0
0
0
0
0
0
0
0
0
0
0
0
0
0
0
0
0
0
0
0
0
0
0
0
0
0
0
0
0
0
0
0
0
0
0
0
0
0
0
0
0
0
0
0
0
0
0
0
0
0
0
0
0
0
0
0
0
0
0
0
0
0
0
0
0
0
0
0
0
0
0
0
0
0
0
0
0
0
0
0
0
0
0
0
0
0
0
0
0
0
0
0
0
0
0
0
0
0
0
0
0
0
0
0
0
0
0
0
0
0
0
0
0
0
0
0
0
0
0
0
0
0
0
0
0
0
0
0
0
0
0
0
0
0
0
0
0
0
0
0
0
0
0
0
0
0
0
0
0
0
0
0
0
0
0
0
0
0
0
0
0
0
0
0
0
0
0
0
0
0
0
0
0
0
0
0
0
0
0
0
0
0
0
0
0
0
0
0
0
0
0
0
0
0
0
0
0
0
0
0
0
0
0
0
0
0
0
0
0
0
0
0
0
0
0
0
0
0
0
0
0
0
0
0
0
0
0
0
0
0
0
0
0
0
0
0
0
0
0
0
0
0
0
0
0
0
0
0
0
0
0
0
0
0
0
0
0
0
0
0
0
0
0
0
0
0
0
0
0
0
0
0
0
0
0
0
0
0
0
0
0
0
0
0
0
0
0
0
0
0
0
0
0
0
0
0
0
0
0
0
0
0
0
0
0
0
0
0
0
0
0
0
0
0
0
0
0
0
0
0
0
0
0
0
0
0
0
0
0
0
0
0
0
0
0
0
0
0
0
0
0
0
0
0
0
0
0
0
0
0
0
0
0
0
0
0
0
0
0
0
0
0
0
0
0
0
0
0
0
0
0
0
0
0
0
0
0
0
0
0
0
0
0
0
0
0
0
0
0
0
0
0
0
0
0
0
0
0
0
0
0
0
0
0
0
0
0
0
0
0
0
0
0
0
0
0
0
0
0
0
0
0
0
0
0
0
0
0
0
0
0
0
0
0
0
0
0
0
0
0
0
0
0
0
0
0
0
0
0
0
0
0
0
0
0
0
0
0
0
0
0
0
0
0
0
0
0
0
0
0
0
0
0
0
0
0
0
0
0
0
0
0
0
0
0
0
0
0
0
0
0
0
0
0
0
0
0
0
0
0
0
0
0
0
0
0
0
0
0
0
0
0
0
0
0
0
0
0
0
0
0
0
0
0
0
0
0
0
0
0
0
0
0
0
0
0
0
0
0
0
0
0
0
0
0
0
0
0
0
0
0
0
0
0
0
0
0
0
0
0
0
0
0
0
0
0
0
0
0
0
0
0
0
0
0
0
0
0
0
0
0
0
0
0
0
0
0
0
0
0
0
0
0
0
0
0
0
0
0
0
0
0
0
0
0
0
