0.0213688
-0.00428562
-0.0103126
-0.00500036
0.00684585
-0.00273359
-0.00962089
0.0136478
0.0189983
-0.00219591
-0.00573946
0.00983425
-0.0028678
-0.0353415
-0.00695194
0.00668526
0.00782353
0.00833535
0.0163388
-0.0236304
0.00407383
-0.0157305
0.00528931
-0.00954667
-0.00899907
-0.0133872
-0.000166762
0.00163095
-0.0120372
-1.48579e-005
0.00147325
0.000871101
-0.00925851
-0.0112202
-0.00298848
0.000469768
-0.0152266
0.0130629
0.0231386
0.0221994
0.00891993
0.00814633
-0.00943557
-0.0120314
0.0278128
0.00413419
-0.015686
-0.00638505
-0.00432534
-0.00248161
-0.0179236
-0.0190329
-0.00354295
-0.00340251
-0.0420904
0.00582705
0.00115619
-0.0123785
0.00230808
-0.00506547
-0.0180155
0.0244524
0.00527339
-0.0129682
0.0126726
0.0121784
-0.00674833
-0.00438154
-0.0239786
-0.00664641
0.0203244
0.00354606
0.0184483
-0.0178503
-0.0376063
0.00322476
0.00916088
0.0201778
-0.00278762
-0.000727513
-0.00451519
-0.0101753
-0.00878583
0.019579
0.00158418
-0.00493832
-0.0293674
-0.0164878
0.0159896
0.026922
-0.00442543
0.0143592
0.0310491
-0.00731546
0.00241387
-0.000381219
-0.0115611
-0.00802612
-0.0134092
-0.0228268
-0.010476
-0.0166489
-0.0241229
0.00627858
0.0116139
0.0217764
-0.0153495
0.0385348
-0.00100055
-0.0225021
-0.0060815
-0.00494873
-0.00860849
-0.00147588
0.0208649
0.00648769
-0.00808097
0.016501
-0.00675303
0.0109436
-6.44132e-005
0.0184299
-0.00647701
0.00517061
-0.00678891
-0.00181081
0.0146568
-0.00793416
0.00863997
0.0228852
-0.0256344
-0.00697879
-0.000193792
0.00991206
-0.0151708
0.00338065
0.0114307
-0.0207474
-0.00275791
-0.0027207
-0.00143034
0.0133164
-0.00277055
0.00160079
-0.00686878
0.0159958
-0.00487673
-0.00373851
-0.00280858
0.0138853
-0.000992059
-0.0243425
-0.000130337
0.0170364
-0.01367
-0.00946922
-0.0148294
-0.0106441
-0.0301896
0.00162282
0.00266165
0.00268655
0.00814508
-0.0119829
0.00354863
-0.0233381
0.00428658
0.00474785
0.0100772
0.0255746
-0.00189454
-0.00238813
-0.00472716
-0.00788107
-0.0179101
-0.0200881
0.00151808
-0.0120713
-0.0314489
-0.000948938
-0.0218915
-0.0037312
0.000690596
0.00338307
0.0113395
-0.025377
-0.0120825
0.0138525
0.0212172
0.00190867
-0.0131847
0.00670546
0.0172232
0.00495532
0.0101124
0.00416928
0.00258314
0.0252581
-0.00961028
-0.0200471
0.00224599
0.000870256
-0.034194
-0.016285
0.00212467
0.000436516
-0.00188104
-0.0123473
0.0148625
-0.00835759
-0.0119285
-0.0269352
0.0094027
-0.020749
0.00191765
0.0165457
0.0140442
0.0113928
0.00717526
-0.0266664
0.020541
0.0171719
-0.0024711
-0.0030952
-0.000237591
-0.00298974
0.00188067
0.0108588
0.0071364
0.0103715
0.0245227
-0.0286501
0.0189635
-0.0123307
0.0158503
-0.0218508
0.0166123
0.00500012
0.0131504
0.0109642
-0.0211179
0.00160862
0.022557
-0.00381637
0.00667176
0.00695597
-0.013756
0.0234025
-0.0276893
-0.0010118
-0.0124913
-0.0261887
-0.0083353
-0.000697929
0.0146281
-0.0127658
-0.0096571
0.00679939
-0.0229268
-0.00292443
-0.0104001
-0.00757798
0.0192165
-0.00170324
-0.0133371
-0.0122043
-0.0018923
0.0078439
0.0117613
-0.0077825
-0.0107899
0.00934501
0.000325497
0.00547759
-0.0192423
-0.00520156
0.00464606
-0.00473947
-0.00274614
0.00397278
-0.0263564
0.000476843
0.00148
-0.0012379
-0.00449219
0.0164707
0.017581
-0.0115705
-0.0108099
-0.0160856
-0.0274107
0.00116651
-0.0232622
0.0066787
-0.00499109
0.00755352
-0.0158648
0.0180336
-0.00926928
-0.0120936
-0.00713999
-0.00559899
-0.0155809
0.00379524
-0.000328819
0.00700708
0.00176224
-0.00181996
0.00551037
-0.0227583
0.00386653
-0.0082775
-0.0171428
-0.0234587
0.02248
0.00634193
-0.0269616
-0.0141746
-0.008867
-0.0163608
0.0163206
0.0208424
0.000423802
-0.0144318
-0.000118214
0.00768967
0.0118367
0.00215434
-0.0196405
-0.00699087
-0.00610554
-0.04169
0.0134263
0.00314875
0.00693501
-0.0289751
-0.0429233
-0.0416647
0.0227854
-0.00874744
-0.0271395
0.00202322
-0.0185138
-0.0170106
-0.0207911
0.032192
-0.0180294
0.024102
0.00858572
0.0177676
0.0113427
-0.00331862
0.014078
-0.011384
-0.00355422
0.0124717
-0.0136311
-0.0195843
-0.00145038
-0.00214817
-0.0303735
-0.0369967
0.00858288
-0.0162031
0.0107731
-0.0115421
-0.00818984
-0.0220454
0.00628158
-0.00713765
0.00383222
0.00271965
-0.0116398
0.000886618
-0.0158183
0.00952739
-0.0151996
-0.0169858
0.00123917
-0.00700909
-0.00263999
0.00917055
0.0139662
-0.00408538
0.0246672
-0.00144868
0.00213656
-0.0032712
-0.00823627
0.00860878
-0.0197321
0.016088
-0.0103418
-0.011501
-0.00156068
0.0206666
0.0162928
-0.0091449
0.00237166
0.0151973
0.0104664
0.00389408
0.00885166
0.012506
-0.00977962
-0.0281626
0.0136996
0.0081332
-7.18034e-005
-0.0100042
-0.0480415
-0.00631256
-0.0352982
-0.00644879
-0.0236199
0.00990181
-0.0251939
0.0109778
-0.0156092
-0.00425608
0.00444782
-0.00560378
0.00203909
0.00184232
0.0175272
0.00154275
0.0107148
-0.00139821
-0.00567253
-0.037928
-0.0158522
-0.0199575
0.00872694
-0.00964451
-0.00119944
-0.000132313
-0.0171638
-0.0222629
-0.0193447
0.0130706
0.00446886
-0.00334248
-0.0201718
0.0180936
-0.0228627
-0.0177465
0.0155084
0.0221099
0.0214225
-0.0184361
0.0236859
0.0121125
-0.00613198
0.0307635
-0.00877184
-0.000968905
0.00876106
2.30085e-005
-0.0134286
-0.0277622
0.0217034
-0.00577892
-0.0201909
0.0168466
-0.0088178
-0.00304524
-0.0154289
-0.0112317
0.00151883
-0.00965389
0.00425915
-0.00332885
-0.00403403
-0.0238314
-0.00438715
-0.0101168
0.00365522
-0.000303485
-0.00032813
-0.029852
0.00574609
0.00150399
0.00919873
0.00982528
0.00115502
-0.01725
0.00853097
-0.0240959
-0.0148144
0.0081621
-0.0178435
0.00249158
0.0237302
-0.0108199
-0.0180879
0.0134629
0.00744495
0.00779005
0.00422807
0.00122613
-0.0212283
-0.00135056
-0.00188216
0.0198746
0.0180819
0.00765869
0.0211473
-0.0214754
-0.00969652
-0.012445
0.00176472
-0.0150287
-0.0234416
0.0038862
-0.0171985
-0.00985053
0.00698803
-0.0174334
0.00425511
0.000900494
0.014122
-0.00694873
5.00197e-005
0.00713399
0.00791615
0.0171534
0.00600282
0.00136805
0.00830333
0.00407274
-0.00659398
0.0110928
-0.00412311
-0.0178478
-0.0188059
-0.0177017
0.0098188
-0.0112934
0.011865
1.09455e-005
-0.0151836
0.0139093
-0.00480034
0.00355897
-0.0118923
-0.00890221
-0.00580736
0.0252344
-0.0254624
-0.0151605
0.0132615
0.000872517
-0.0205107
0.000515563
-0.00971595
-0.00176728
-0.0121501
0.00198103
-0.0210663
-0.0239609
-0.00505459
0.00568121
-0.00323821
-0.000364839
-0.0363699
-0.00373731
-0.022408
0.0206458
-0.00217246
-0.00922752
0.0146492
-0.00290075
-0.00347532
-0.00205558
0.0359521
0.0198123
0.000461002
-0.00318229
0.00645458
0.00543181
0.00587726
0.0110859
0.0328659
0.0003591
0.00709616
0.00750501
0.0107916
0.025846
-0.0047624
-0.0129177
-0.00343673
-0.0164601
-0.0100841
-0.0279182
-0.00777696
-0.018715
-0.0160866
0.00248555
-0.0128361
-0.00477678
-0.00987673
-0.00591817
-0.0148104
-0.00588881
-0.0177579
-0.00828865
-0.0406907
-0.000833404
-0.00985122
0.00526562
-0.0231215
-0.00261117
0.000733117
0.0167474
0.0100863
0.0285633
-0.00306816
-0.0129718
0.0084278
-0.00714744
-0.0229464
-0.000870339
-0.00291908
-0.00549611
-0.0135447
-0.0102039
-0.00041434
0.00415393
0.0169393
-0.0082742
0.0190705
0.0102409
-0.0224035
0.0271979
-0.00133255
0.0181476
0.00862638
0.016327
-0.0163447
-0.00273587
-0.00270865
0.0138744
0.021774
0.00299984
-0.0162232
0.00741394
-0.0204185
-0.0154145
0.0102733
-0.0170143
-0.000920784
-0.0137058
0.000562322
-0.00224622
-0.00207347
0.00793338
0.00333454
-0.0136183
0.0134237
0.0162947
0.00211995
-0.00303803
-0.0105727
-0.00498238
0.0134898
0.00694782
-0.0074479
-0.0202806
-0.037794
-0.0182524
0.00969986
0.00841062
-0.00181477
-0.0241844
-0.00559294
-0.0286145
-0.016163
0.00729291
-0.00396405
-0.0240478
-0.00605461
0.0078257
0.0088762
-0.00189905
0.0080005
0.00800011
0.00260016
0.0106956
0.00426965
0.0047068
0.0194417
-0.00512222
0.0162971
0.00722698
-0.0300744
0.00779365
-0.0262946
-0.00563976
-0.00872922
0.00520831
-0.00994848
-0.0203153
-0.021062
-0.000217125
-0.00727339
-0.0187528
-0.0232749
0.00721756
-0.026899
0.0113941
-0.00111073
-0.0224993
-0.00487918
-0.00312685
-0.0121374
-0.000428185
-0.0114516
-0.00740596
-0.000710691
-0.0137175
-0.0127796
0.000657908
-0.0182933
-0.0106312
-0.0114183
-0.0217892
0.00442017
0.00663551
-0.0088827
-0.0142147
-0.00301474
-0.0453224
0.0172844
0.00224597
0.00929391
0.00558306
0.0330183
-0.0083383
0.0168141
-0.0159044
-0.0370899
-0.0051556
0.006549
-0.00636803
0.00388898
0.00187263
0.00828592
-0.0210611
-0.00389996
0.0210742
0.00141642
-0.0194284
-0.0066266
-0.0124806
-0.0310991
-0.0329057
-0.0170981
0.0108274
0.0147107
-0.00832026
-0.0130374
0.00493151
0.00313966
0.0136984
-0.0123464
-0.0155151
0.0140662
-0.00461403
0.00290607
-0.00729153
-0.0117958
-0.00807516
-0.00653822
-0.000227357
-0.00392737
0.0141752
0.0170784
0.000956371
0.0142913
-0.00688722
0.0205603
0.0175227
-0.0135719
-0.00815741
-0.0181577
0.0092277
0.000884957
-0.00412678
-0.00664054
0.00113503
-0.00807856
-0.00316325
-0.000714859
-0.00397912
0.0031626
0.0330922
-0.00163871
-0.0104568
-0.0233976
-0.00575921
-0.0010452
-0.0108906
-0.00990062
0.000125048
0.00140635
-0.0101932
-0.00678191
0.00931591
0.0144224
0.00906429
-0.00297856
-0.0113811
0.0148621
0.00421869
-0.00100903
-0.00172936
0.016443
-0.00718386
-0.00211466
0.00599582
0.0204857
-0.00646693
-0.00252384
0.00201628
-0.00933644
0.0175947
-0.0128597
0.0111371
0.00694227
-0.0013924
0.00345956
0.00430994
0.00296099
-0.000516231
-0.00624927
0.00718161
0.0155995
0.0111894
-0.00893397
0.0118388
-0.00730243
-0.00177041
-0.0124097
0.00439285
0.000567447
-0.0172468
0.00558524
-0.0066717
-0.0213773
0.00711418
0.0179687
0.0128456
0.0130081
0.0157996
0.0144465
-0.00612248
0.00621857
0.00582567
0.00358826
0.0243395
0.0156089
0.0187661
0.0278154
-0.00149334
0.0037091
-0.00585598
0.0151138
0.00727687
0.0162895
-0.0146653
-0.000531038
-0.00802423
-0.0184348
0.00494873
0.0141409
-0.0233049
0.0125753
-0.00533643
0.00717049
-0.0384337
-0.00381426
-0.0127417
0.0146764
0.00580926
8.41836e-005
-0.0066876
0.0261395
0.0250859
0.00821937
-0.00636599
-0.018476
-0.0144686
-0.00558411
-0.0170561
0.00878034
-0.0152927
0.00800085
0.00696242
-0.00152656
-0.00113776
-0.0110372
-0.0298092
0.0188588
0.0124316
-0.00752557
-0.0132445
-0.0107607
-4.99616e-005
-0.00337771
-0.0105467
0.0142051
-0.00490095
0.00632978
-0.00747938
0.00575261
0.033143
0.0085873
-0.0144167
-0.0019788
-0.0154004
0.00967953
-0.0123532
0.0121565
-0.0216619
-0.0269045
-0.00155487
-0.0113898
-0.00827717
-0.00776655
-0.000857304
0.0117425
-0.00629429
0.000549734
0.000711063
0.00515447
0.0121342
-0.00471309
0.000640415
0.00257692
-0.0160163
-0.00310475
0.00271978
-0.00862833
0.0017303
0.0119382
-0.0140965
0.0110897
-0.00302611
-0.010956
-0.0283291
-0.0031909
-0.00434502
0.0121077
0.0265318
-0.0175412
0.00296079
0.00232588
0.0121486
-0.0181399
-0.00190958
0.00879911
0.0156881
0.00906196
0.0104075
-0.0168676
-0.00804733
0.00834256
0.0271055
-0.0157102
0.00666915
-0.0109867
-0.00664911
-0.0052053
0.0259229
0.0257815
-0.0124548
-0.0231298
-0.0169488
-0.0125267
-0.00396554
0.00279805
0.00423722
-0.000844151
0.00424771
0.0217685
-0.00116556
-0.00219062
-0.0160113
0.00852515
-0.00450979
-0.00270714
0.00993904
-0.00209344
0.0057971
0.00301986
0.033945
-0.0156591
-0.00977135
0.00943308
0.0175586
-0.0175877
-0.00208404
-0.00287339
-0.00397898
0.0115139
-0.000540461
0.0300834
-0.00238433
0.0244891
0.00381181
-0.0020726
0.00683662
0.0285657
0.0237355
-0.0229613
-0.0197377
0.00617261
-0.0186341
-0.006748
-0.0123696
-0.0056983
0.00781834
-0.0160536
-0.00204434
-0.0205068
0.00161721
-0.0262077
-0.0094553
-0.00652281
-0.0182919
-0.0174217
-0.00411571
-0.0202902
-0.000815827
0.00554459
0.0159519
-0.00218919
-0.0073955
-6.04369e-006
0.011082
-0.00546579
0.00615944
0.0050523
0.00890643
0.00253643
0.000501303
0.000912529
-0.0115879
-0.00871238
-0.00764655
-0.00561188
0.0180524
-0.00348415
-0.0124288
-0.00646292
-0.00875424
0.00682626
-0.0125025
-6.68847e-005
-0.0150491
0.0247632
0.00527507
0.000973897
0.00277496
0.00577622
0.00941615
0.0243979
0.0181663
0.00806004
-0.0030206
-0.00945548
-0.0102787
-0.00637124
-0.00444482
-0.00949668
-0.0324856
-0.00899177
-0.0109676
0.00155095
0.00313689
0.000209165
0.0157117
-0.00886684
-0.0144824
0.0249483
-0.029372
0.00524465
-0.0172278
0.0287911
0.0118142
0.00373798
0.0086969
0.00981042
-0.00849759
0.0135195
-9.68762e-005
-0.00134139
-0.0163463
0.0080037
0.0214296
-0.00717413
0.0118298
-0.0168362
-0.0121287
-0.000996974
-0.0202294
-0.0111108
0.0214886
0.0167062
-0.0191185
-0.00093599
0.00421707
0.00829032
0.00989728
-0.00728511
0.0155124
-0.00848362
0.0394762
0.0188874
-0.00235169
0.0187099
0.00282
0.0066774
0.0212181
-0.0201451
-0.0094891
-0.00924804
0.00305462
0.00108343
-0.0140108
-0.0155879
-0.026531
-0.0174837
-0.00310252
0.00259486
0.00584225
-0.00319871
-0.0149519
0.0084314
0.00438898
0.00645901
0.000441612
-0.0236576
-0.00925376
-0.000113741
0.000473185
0.0163572
-0.00210622
0.0145631
-0.0245025
0.00673573
1.65381e-005
0.00215245
-0.0137899
-0.00662671
-0.0151787
-0.018592
0.00618414
-0.0123001
-0.00611114
-0.0142523
-0.0204593
-0.0122624
-0.0124885
0.0210129
0.0218786
0.0243018
-0.00571988
-0.00930307
-0.000751697
0.00324325
-0.00195041
0.0207649
0.012397
0.0172727
0.00133373
0.0167661
0.0146125
-0.00196046
-0.0030518
0.0168068
0.0248085
-0.0108979
-0.007619
-0.0182067
-0.0100298
-0.0197264
-0.0216222
0.0200113
-0.00278012
-0.00517148
0.00904002
0.00518799
-0.0224339
-0.0088325
0.0026589
0.00568613
0.00145529
0.0248668
0.00647301
0.00928872
0.00614324
0.0100017
0.0033442
-0.00426666
0.0205423
-0.023574
-0.00108566
-0.000865222
-0.00127443
-0.056397
-0.00477489
0.0334773
-0.0131465
0.0246426
0.00142381
-0.0114001
-0.0111656
0.0123441
-0.00798186
0.0163601
0.0130829
-0.00895576
0.025346
-0.00686484
0.0139362
0.00967403
0.00104876
-0.0277408
-0.0018937
8.76338e-005
-0.0234161
-0.00187704
0.0016757
-0.00270354
0.00438296
-0.00817206
0.0187392
0.0134702
0.0286785
0.00662442
0.0257443
0.0100021
0.0156766
0.0331769
0.0228109
0.0181528
0.0113582
0.0157807
0.00967007
0.00900624
0.0297873
0.0412442
-0.00665177
-0.00340739
0.0138039
-0.00628382
0.0149996
-0.0109123
-0.0107015
-0.000568035
0.00661899
0.0057676
0.0123997
-0.0259592
0.00516654
-0.0186677
0.0127023
0.0194432
0.00364493
0.0119695
-0.00655239
0.00196117
-0.00662254
-0.0175964
-0.00989748
-0.00916434
0.00398206
-0.000114047
0.0050607
0.00813804
-0.0204796
-0.00642858
0.000469734
0.0150974
0.00816757
0.0132757
-0.00345979
0.00903422
0.0133013
0.00592851
-0.00664354
-0.00646576
-0.00162913
0.00265569
-0.0137366
0.0074815
-0.0225154
0.00378073
-0.00043863
0.0235839
-0.0171788
0.00571827
0.00889476
0.0268236
-0.0109563
-0.00347072
-0.00346016
-0.00498194
0.0223623
-0.0226409
0.00168269
-0.0211958
0.0161636
0.00507052
-0.0186889
0.0176017
0.0190129
0.00563596
-0.00103504
-0.00172542
0.0194278
0.018128
-0.00483581
-0.00543082
0.000190732
0.0246854
0.00434788
0.0335211
-0.02794
0.0132612
0.0287498
0.0122962
-0.0062903
-0.000859122
0.00382609
0.0106139
-0.0293676
0.000893115
-0.00819718
0.00698168
-0.0069278
-0.025455
-0.0158769
-0.0154382
-0.01771
-0.00482896
-0.000333135
0.0150381
0.00415279
0.0202094
0.0181377
-0.0116355
-0.0131237
0.00116127
-0.00996013
0.0310906
-0.00521104
-0.00742142
-0.0184219
-0.0221703
0.010237
0.00564173
0.0210901
-0.0198032
0.00447747
0.0057537
0.0103298
0.0235549
-0.00565052
0.020446
-0.00220097
0.0146173
0.00290256
0.021944
0.00804651
0.018317
-0.0108158
0.0136283
-0.0104067
0.0206685
-0.0181001
0.00835508
0.00486706
0.00824294
0.000652331
-0.019766
0.0106634
-0.0220688
0.00061281
-0.0158533
0.00736138
-0.00106442
-0.0108901
-0.0209688
-0.00239847
0.00527126
-0.0281686
0.0101043
0.0118668
0.0298144
0.0056823
0.00982702
0.0045157
0.00216358
0.000416631
-0.022982
-0.00176416
-0.0117545
-0.0150269
-0.0404405
0.00390277
-0.00231605
-0.0222563
0.00190887
0.0146381
-0.000769884
-0.0106892
0.0184976
-0.0164316
0.00433213
0.00514836
-0.0103616
0.00244692
-0.00142184
-0.00537196
0.0260989
0.020112
-0.00198925
0.00276119
-0.00866366
0.00103533
-0.0171342
0.0256841
0.00407717
-0.00183155
-0.00767471
-0.00456073
0.00226627
-0.0193757
0.0107261
0.00833266
-0.0177672
-9.01562e-005
0.0310022
-0.00543895
-0.00339151
-0.0317132
0.0298836
-0.0186125
0.00428866
0.00575022
0.016196
0.000829567
0.0080319
0.00858077
0.00881526
0.00286863
0.00578298
0.00238496
-0.00753939
0.0140631
0.00846989
-0.00428702
0.0164472
0.0157322
0.0247421
0.0135834
0.015458
0.00951625
0.0048308
-0.0107794
-0.00601606
0.0171761
-0.00741579
-0.00128546
-0.0227296
0.000841854
0.00485565
-0.00960342
-0.00991802
-0.0175306
0.020176
-0.0153841
-0.0126325
0.0100195
-0.00265037
-0.0081861
0.0119694
-0.00447796
0.0125439
0.00399967
0.0207783
0.00537646
0.00349614
0.00621533
-0.00869058
0.00422354
0.0246572
0.00538693
0.0282612
0.00932171
0.000536274
-0.0221693
0.00278275
-0.0178401
0.00673391
-0.00534224
0.00161063
0.00454124
-0.00466826
0.0147326
-0.0126542
-0.00587081
-0.00016204
0.00866718
0.0104592
-0.00838066
0.00517368
0.000972469
-0.000674992
0.00389172
-0.00292482
-0.0204604
0.0133222
-0.0125829
0.0101588
-0.00626976
0.0168097
0.00972546
-0.00163193
0.00888197
-0.00751517
0.0121813
0.00576549
-0.00605357
0.00577026
-0.00306994
-0.0167969
-0.0133913
-0.0272514
-0.00637382
-0.0165693
0.00875477
-0.0231088
0.00597491
-0.00189621
0.00749926
-0.00437602
0.0084454
0.0457256
0.00916062
0.00405294
0.0206946
0.0120112
0.0421198
-0.027342
-0.0152987
0.00308431
-0.00919877
0.00487345
-0.0119697
-0.000168178
-0.00513014
0.00409574
-0.00428041
-0.00539035
-0.00556001
-0.0226864
-0.0146353
0.0218977
0.0290408
-0.0131775
0.0138745
-0.024423
0.0196971
-0.0044132
0.0115884
-0.01272
-0.0130792
-0.00266238
-0.000156083
-0.00967585
-0.0184385
-0.0213455
-0.0109948
0.0200793
-0.00203389
-0.0094404
-0.0229725
0.0235662
-0.0173653
0.00666496
-0.0255196
-0.00833322
-0.00292751
-0.0204719
-0.00505929
0.012307
0.00968775
0.00386062
0.0125705
-0.0134886
0.00900769
-0.00414578
0.00762995
-0.025117
-0.000731341
-0.00420088
0.0237188
-0.00612441
-0.0135634
0.0187028
0.0132409
-0.0057056
0.00905079
-0.00640339
0.0140924
0.000380127
0.0410799
0.0187053
0.0082004
-0.00383581
0.00308351
0.0132667
0.00168002
0.00912823
0.0163395
0.00999798
0.0138899
0.00388392
0.0143519
-0.00862974
-0.00304834
0.0122393
-0.0101878
0.036434
-0.0253323
-0.00830163
0.00789321
0.0218876
0.0109574
-0.00345823
0.00385388
-0.0209764
-0.0253209
0.0144157
-0.0194717
-0.0020026
-0.00278214
0.00678398
-0.00517893
-0.00244786
0.0105221
0.00406565
0.0106673
-0.0189491
0.0133478
-0.00404915
-0.00660816
-0.00847136
0.000135046
-0.00579452
-0.00712951
-0.00184264
-0.0100542
-0.0138263
-0.0462158
0.0197135
0.00312138
-0.000591831
-0.00840371
-0.0137046
0.0279131
0.022775
-0.0053977
0.0258793
-0.0133657
0.0195181
-0.00885091
-0.00840385
0.00850508
-0.0273812
0.0220467
-0.0003887
0.00275432
0.0162969
-0.0115636
-0.0116822
-0.0101391
0.015722
-0.0112521
-0.00312667
-0.0198255
-0.032913
-0.0264108
-0.00790605
-0.00628825
-0.00773157
-0.00027018
0.0203278
-0.00532923
0.000544379
-0.0270092
-0.0106934
-0.0170326
-0.00489271
-0.00286236
-0.0255035
0.0195183
-0.00721829
0.00392927
-0.00754207
-0.00991361
-0.00769057
-0.00109456
-0.0289779
0.00100319
-0.00518846
-0.0198052
-0.0269268
0.0100036
-0.0173872
-0.0110565
-0.00339754
-0.0169748
0.00576986
0.0139766
-0.0102503
-0.0200033
0.00278151
-0.00301017
-0.00217355
-0.0208088
0.0238394
0.0160625
-0.0158688
0.00636691
0.0216863
0.00673636
0.0135499
0.0076249
-0.0126795
-0.00564857
0.00548897
0.00888551
-4.58502e-006
0.00486173
-0.0299316
-0.0109496
0.00210255
-0.0118411
-0.0046397
0.00316417
0.0152278
0.00411333
0.0184544
0.0150773
0.0112424
0.0157551
0.00474243
-0.00516029
-0.0137718
-0.00767119
0.00777546
0.00063792
-0.0148149
0.0137444
0.0203315
-0.000553292
-0.0133524
-0.00644693
-0.0163976
0.0123064
0.00173556
-0.00432805
0.0190322
0.000793338
0.0118337
0.0112187
0.0160588
0.00284772
-0.00691808
5.42241e-007
0.0177709
0.0036093
-0.00540914
0.0130776
0.00445604
0.00474032
0.0248213
-0.00138343
-0.0158204
0.000201214
-0.00296402
0.0187447
-0.0240488
-0.00366122
-0.0190417
0.012347
-0.00068473
0.000719573
0.00918986
-0.000574798
-0.0109094
0.0110865
-0.0159401
0.00778195
-0.0138446
-0.0131468
0.00997029
0.0205482
-0.0024303
-0.00719389
-0.0377868
0.0303156
-0.0202573
-0.00146617
-0.00310195
-0.0132203
0.0222214
-0.0242769
0.000149221
-0.00035533
0.00849271
0.00197292
-0.000139105
-0.0147769
-0.0136063
-0.00261915
-0.00513863
-0.0206043
-0.00436196
0.00779055
-0.001116
-0.00529131
-0.0153728
0.0258871
-0.00284375
-0.0051515
0.0108685
-0.00125211
0.00468231
0.0114168
-0.00815209
-0.00726967
0.0110121
0.00012212
0.00933452
-0.000123095
0.00249204
0.00627895
0.00692147
-0.0046596
0.0200506
-0.0113073
-0.013257
0.0037582
0.0210673
0.000165563
0.0101863
-0.0120133
0.0220588
0.0136932
-0.000669645
-0.00142666
-0.0185148
-0.02717
0.00653131
-0.00643099
-0.00865825
-0.0253413
-0.020755
-0.0331739
-0.0102267
-0.0140222
-0.0205005
-0.0191144
0.0193285
-0.00274876
-0.00505031
0.0338211
-0.00543901
-0.000486206
0.00743437
0.00667439
0.0312285
-0.00157179
0.00364659
-0.0109471
0.00283953
-0.00131078
-0.0257228
0.0108802
-0.00358076
-0.00628009
-0.0219357
0.03898
-0.0046797
0.0214348
0.0095996
0.00296385
0.00148202
0.0113097
-0.000177501
0.0396981
0.0109042
-0.00488056
0.00912988
0.0121916
0.0136606
-0.00328044
-0.00202614
-0.0168552
-0.0396147
0.00259918
-0.0159251
0.0149475
-0.0115202
0.00610628
-0.00301013
-0.027909
0.00127298
0.00557002
-0.00846222
-0.00144159
-0.0346858
-0.00143533
-0.00738707
0.00444
-0.0103075
-0.00399865
-0.0128121
-0.0071443
0.0135297
0.00468398
-0.0115217
0.00387459
-0.018245
0.00474665
-0.00831604
-0.0032957
-0.00389452
-0.00333633
0.000480375
-0.00197986
-0.00612625
-0.0144179
-0.00920561
-0.0211692
0.0073733
-0.0118305
-0.0115534
-0.0185873
0.00744439
0.0211939
0.0080564
0.0222682
-0.0251533
-0.0243959
0.00945747
-0.0153266
0.00685679
0.0107284
0.0301305
-0.0100693
0.0103409
0.00951371
-0.00189735
0.0099481
-0.0284301
0.0118426
0.00552726
0.0223332
0.0162056
-0.00912304
-0.00485602
0.0166183
0.0165449
-0.00641393
-0.0184093
0.017667
-0.000981541
-0.0225638
0.00973325
-0.00558718
0.0183998
0.0164082
-0.0185354
0.00438238
0.0175661
0.0142941
-0.00139084
-0.0182369
0.00512235
0.0209025
0.00348854
0.00118858
-0.011533
-0.018058
-0.00185269
0.0281213
-0.00883437
0.00224586
0.00839171
0.00345601
0.0033288
-0.0182038
0.0130335
0.0184164
-0.0130319
0.00214038
0.0262002
0.00950168
-0.00617971
0.00165761
0.00350612
0.0123763
0.027698
0.0268512
0.00279602
0.0250663
-0.0117876
-0.000898317
0.00908626
-0.00998541
0.0176868
-0.00365411
0.00606269
0.00391996
-0.0176526
-0.0285429
-0.00717612
-0.00194325
0.0228637
0.00932137
0.0072364
0.00637802
0.0256916
0.0145516
0.00756671
-0.00339808
-0.0237844
0.00749467
-3.78647e-005
0.0182414
0.0226918
0.00478451
0.00142252
-0.00189162
-0.0221024
0.00321581
-0.0125494
-0.00604149
-0.0241389
0.0136823
0.0133784
0.00204824
-0.0339896
-0.013285
0.0119141
0.000899008
-0.00614828
-0.0176445
0.0311052
-0.00599702
-0.00507231
0.00085726
0.0102992
0.00154331
-0.0022898
-0.00986016
0.000474584
-0.0233531
-0.00956185
-0.0214772
0.00166179
0.00298992
0.0106419
0.0164587
0.0118307
0.0267796
0.00324914
0.017565
0.0122722
-0.005692
0.0238291
0.0134519
0.00767675
0.0207433
0.0295652
0.0197502
0.00215829
0.00107336
0.0279646
-0.000451736
0.0210635
0.0330611
0.0170558
0.0235
0.00570883
0.025298
-0.00645353
0.00998084
-0.00569914
0.00817324
0.00631852
0.0139368
0.00659066
-0.000319615
-0.00525069
-0.00303428
0.00189591
-0.0138917
0.0103286
-0.00508743
-0.00814254
-0.0079353
-0.000950447
0.0144282
0.0202715
-0.00618204
0.00172341
-0.00836385
0.00973995
-0.00515638
0.0104974
-0.017112
-0.0154415
-0.0104752
0.0139863
0.036691
0.00889635
0.0152297
-0.00601236
0.0158587
0.0117318
0.0053683
-0.000862805
-0.00256262
0.0233043
0.0166617
-0.00684729
0.0130698
-0.000169444
0.00722139
-0.00716702
-0.00766314
-0.00122738
0.0205399
0.00664079
-0.0262373
-0.0198186
-0.00607511
-0.0255285
-0.0139277
-0.0134723
-0.0071478
-0.00692654
-0.0252233
-0.0121403
0.00665095
-0.00281442
0.0192306
-0.0104767
0.00556666
0.00812342
0.0340877
0.0278181
-0.000337188
0.0303849
0.0218021
0.0154082
0.00207761
0.0142633
0.0122024
-0.00913488
0.00147823
0.0259237
0.0194446
0.0158679
-0.000239389
0.0260552
-0.00163599
0.0207363
0.0479942
0.0079321
0.00880545
-0.000401624
0.0148199
0.000606479
-0.000310075
-0.00794482
-0.00814721
0.00479095
-0.0093316
0.0131662
-0.00443809
-0.0196697
-0.0101029
-0.00592577
-0.0223354
-0.0239236
-0.00286485
-0.017556
-0.0322676
-0.0209586
-0.0140521
0.000988899
0.0231664
0.00488997
0.0315755
0.0194623
0.0241421
0.0393626
0.0190355
0.0209058
0.00961507
0.0253303
0.0182364
-0.0157188
0.0313061
0.0137074
-0.0205126
-0.0013585
-0.0171393
-0.0101047
-0.009464
-0.0319539
-0.0281719
-0.0447188
-0.00349632
-0.0191928
-0.00118936
-0.0187755
-0.00956012
0.00733835
-0.0160028
-0.0072474
0.00142301
0.00931644
0.01223
-0.00554355
-0.00548105
-0.0132251
-0.00490208
-0.0161547
-0.0172617
-0.0220277
-0.0198632
-0.0106003
-0.0252129
-0.0104937
-0.0092447
0.00460106
-0.00442276
0.0103145
-0.0047533
0.0192904
0.0190151
0.024251
0.011612
-0.0123157
-0.0144448
-0.0338597
-0.0112617
-0.00557573
0.00335112
-0.0289261
-0.0187887
-0.0095959
-0.029799
-0.017485
-0.0401218
-0.0268341
-0.0173084
-0.0278872
-0.0266524
-0.0369396
-0.0224522
-0.0162615
-0.032139
-0.0069367
-0.00668048
-0.0247181
-0.0253041
-0.0169135
-0.0295737
-0.0172819
-0.0421786
-0.0497339
-0.0266425
-0.0198776
-0.0377168
-0.0223534
-0.0326113
-0.00739977
-0.0139646
-0.0167033
-0.00994891
-0.0116124
-0.0305121
-0.0173552
-0.0591665
-0.0258654
-0.0459754
-0.0605672
-0.0187481
-0.0485142
-0.0425912
-0.0576281
-0.0336083
-0.0292186
-0.0567301
-0.035768
-0.0389305
-0.0543189
-0.0324969
0.00571889
-0.0308091
-0.017781
-0.0368372
-0.0127477
-0.0258638
-0.0196102
-0.0336074
-0.0429989
-0.0400621
-0.0436983
-0.0373388
-0.0494499
-0.0258367
-0.0359034
-0.058185
-0.0581497
-0.0534019
-0.0450852
-0.0372539
-0.0490319
-0.0473574
-0.0261993
-0.0191815
0.0054135
-0.0244689
0.000126482
0.00635463
-0.0173238
-0.0168986
0.0108455
0.00682164
-0.0357401
-0.0130881
-0.00695167
-0.0151257
-0.031918
-0.0319722
-0.00997798
-0.0256093
-0.0115661
-0.0459002
-0.0503039
-0.00830001
-0.0228329
0.00186079
-0.0278547
-0.029943
-0.0141337
-0.0532744
-0.0506305
-0.0401118
-0.0102353
-0.00876848
-0.016895
0.0178261
-0.00640433
-0.0209595
0.00590325
0.00121391
-0.0176122
-0.000192209
0.0244262
-0.00688839
-0.0183607
0.0083129
-0.0113291
0.000678031
0.00317373
-0.00268792
0.0192283
0.0397643
0.0260292
0.0161897
0.0185009
-0.00718923
0.00568181
0.00943918
0.0262696
0.0248714
0.0038701
0.016697
0.0307546
0.0168349
0.0332641
0.00332645
0.00803777
0.0301459
0.00721889
0.00512909
0.0147377
0.000671992
0.0232542
0.00954503
0.01883
0.0188044
0.0175235
-0.011137
-0.00197312
0.0003137
0.0127701
0.025127
-0.00441419
0.00602938
0.00599108
0.0156551
0.0137739
-0.00530094
-0.0176806
-0.00202936
-0.0207544
-0.0050798
-0.00264589
0.0086899
-0.00169826
-0.0118618
0.00169151
-0.00895769
-0.0136446
-0.00866167
-0.0199283
0.000196502
-0.0282603
-0.0145203
-0.0167713
-0.000162037
0.0175097
-0.00310552
-0.00187075
0.0204097
0.00894686
0.0104198
0.0169641
-0.0161032
-0.00823359
0.00516662
0.00760648
-0.00330105
-0.00645967
-0.00578788
0.00587494
0.0178044
0.00278182
-0.00772485
-0.0131166
0.00484335
-0.00105189
-0.00528703
-0.00638719
-0.0316332
0.00651845
0.016685
-0.0253944
-0.0218629
-0.0206896
0.0189597
0.00466705
0.00849336
0.0203767
-0.0217493
-0.0117798
0.00542983
-0.0216153
-0.0064722
-0.00886308
-0.0225039
-0.0323637
-0.0126717
0.00125498
-0.017187
0.00940858
0.00992619
-0.0149324
-0.0177894
-0.036627
0.00847454
0.0105819
0.00200398
0.0165651
0.00596831
-0.0189151
0.0122162
0.00737473
0.00480832
0.00579689
-0.000425426
0.00690014
0.0357103
-0.0280379
-0.00212462
0.0245749
0.00794861
0.0144681
0.0195246
-0.00946772
-0.0144646
0.0111501
0.0243849
0.0168618
0.0104863
-0.00185279
0.0013973
-0.00461789
-0.00180815
-0.00844854
0.0240538
0.0165933
0.0357783
0.0171153
0.0106086
0.0247356
0.00202532
0.0375575
0.0179384
0.0228686
0.001215
0.0216216
0.00738218
0.016627
-0.00652608
0.0242169
0.0512206
-0.00663843
-0.017978
0.018615
-0.000155987
0.0277586
0.0369735
0.00984459
0.00782569
0.00224602
0.0164466
0.0323778
0.0129164
0.00443466
0.0202116
0.0201296
-0.0100297
0.00330558
0.0212698
0.0107994
0.0116175
-0.00673439
0.00330092
0.000708848
0.0116325
0.00879114
-0.00641632
0.00709778
0.0103254
-0.0120657
0.00619432
0.0168162
0.0109542
-0.00491316
0.00372996
0.00833693
0.0334431
0.0111117
-0.00144213
0.0331235
0.0217072
0.00748091
-0.00697129
0.00406132
-0.014162
0.0108942
-0.00664909
0.0133922
-0.0150177
0.0263815
-0.0169507
0.00212049
-0.00627513
0.00349374
0.0322334
0.00427757
0.00873649
0.0203897
0.0174272
0.00166942
-0.0074928
0.00984436
0.00358755
0.0232819
0.00681365
-0.00041727
0.00177382
0.0152109
0.00358872
0.0126294
-0.0245689
0.00614002
0.00588945
0.00119796
0.00941852
-0.018311
-0.0249661
-0.00944238
-0.00471912
0.0148285
-0.010278
0.0129093
0.0166789
-0.00266369
0.0196732
0.00432072
0.0116995
-0.00984294
0.0190663
0.0131903
0.00688473
0.0186137
0.00427242
0.0119506
0.0390036
0.0230339
-0.0179926
-0.00265956
0.00768045
0.00215288
0.0203619
-0.0326412
-0.00575136
0.0254387
-0.028017
0.0169549
-0.00684834
-0.00582808
0.00117025
0.0122306
0.0120926
-0.0123564
0.00113923
0.0247013
0.00395023
-0.00531425
0.00040459
0.00964408
0.0236063
0.0337459
0.0311927
-0.00165193
0.0272236
0.0036461
0.000221361
-0.0121652
-0.0117559
0.0153693
0.0379108
-0.00234086
0.0313034
0.0132155
0.00395857
0.0494826
-0.0146449
-0.00668837
0.0331854
0.00981105
0.0143622
0.011871
0.0258406
0.000441855
0.00563911
0.00814729
0.00647893
0.0121652
0.00763266
0.015356
0.0147503
0.000830696
0.0108612
0.00160057
0.0103202
0.000775389
0.0140383
-0.00734215
0.0277665
0.0181146
-0.0126207
0.0274239
-0.0101677
0.00130402
0.018016
0.0286351
0.0304792
0.03161
-0.0130164
0.0125442
-0.0105685
0.0186196
0.0137101
0.0106722
0.0129398
-0.00307811
0.0258807
0.00433015
0.0157068
0.00878917
0.02376
0.0128943
0.00699962
0.0279995
0.00731075
0.0014175
0.0101339
-0.0171479
0.0259148
0.0184446
0.000790024
0.00426817
-0.00271565
0.0110918
-0.0124297
0.00258428
0.024572
0.0129575
0.0125886
0.00434688
0.0206762
-0.00455443
-0.0131948
-0.00375868
0.0176577
0.0137633
-0.00569488
0.0106228
0.0092846
-0.000750575
0.0135636
-0.00970859
-0.00184693
0.00153356
0.0127288
0.00202067
0.0169541
0.00591633
-0.0108048
-0.0104798
0.0231625
0.00994486
0.010506
0.0079622
-0.0174247
0.0138328
0.0013974
-0.00081429
0.00120987
-0.0259548
0.0105604
-0.00497933
-0.00715949
-0.0101413
-0.00173255
-0.0116645
-0.0074835
0.0321782
0.0234697
0.00627133
0.00546322
0.0197453
0.00695388
0.00520234
-0.0123588
0.0187704
-0.0115982
0.0108398
0.0168411
-0.0028324
-0.00699174
0.0216822
0.0138708
0.0342298
-0.00206953
-0.0184618
0.0243397
-0.0142671
0.00647442
0.016503
0.0138912
0.00306485
0.0127004
-0.01379
0.0182255
-0.0190109
0.0139371
-0.0108532
0.0253208
0.0186513
0.00501822
0.0118133
0.0123453
-0.0029061
-0.00463486
0.0180388
0.00173298
-0.0121358
0.0104317
-0.00912159
-0.0216355
-0.0108413
-0.0115086
-0.00112219
-0.00718663
-0.000781629
0.028229
-0.0207903
-0.0145516
-0.0072715
0.0141344
-9.24417e-005
-0.0210039
-0.0123769
0.0106035
-0.0192084
0.000552067
-0.0174179
-0.0169474
-0.0140932
0.00568944
-0.00364821
-0.0151338
-0.01154
0.00821436
-0.0228236
-0.0337815
-0.000738217
-0.0125558
0.00225947
-0.0114248
-0.0314479
-0.0102723
-0.000840248
-0.00341161
-0.0255375
1.6946e-005
0.00907897
0.00109648
0.0154179
-0.0168183
-0.011188
0.0154145
-0.00342149
-0.000798693
-0.0223061
0.00067534
0.00133859
-0.00644995
-0.00726101
-0.00241396
-0.011521
-0.0111774
0.0167039
0.0074181
-0.0166434
0.0213953
-0.0149869
-0.00509342
0.0104643
-0.0170509
-0.000160711
-0.00596143
-0.0129826
-0.0254676
0.00909097
-0.0168666
-0.0193837
-0.0101051
-0.00418519
-0.00155051
0.0031559
0.00314933
-0.0108699
-0.0257188
0.027449
-0.0141742
0.00323911
0.00892261
-0.00903577
-0.00530741
0.00398186
-0.0248828
-0.022748
-0.00372339
-0.003024
-0.00263536
0.0149531
-0.02627
-0.00589258
0.00142745
-0.00874801
0.0205806
0.0120835
-0.00100572
-0.00835397
0.0096788
0.00489922
0.00120971
-0.00590809
0.0187697
0.01549
-0.00964331
-0.0186099
-0.0190505
-0.00256198
0.0194136
-0.015079
-0.0047991
0.00674684
-0.0232423
0.00744692
-0.0271756
-0.00354013
-0.0149669
0.00663463
-0.0108745
-0.0108381
-0.00170025
0.00520213
0.00185718
-0.0104079
-0.0118589
0.0194211
-0.0154694
-0.0312165
-0.0197718
-0.0358462
-0.0247501
-0.0150117
-0.00459532
0.014551
-0.010241
-0.0374732
-0.00698254
-0.0169375
-0.0252037
-0.0377871
0.000791219
-0.00158255
-0.0215279
-0.00991603
-0.012374
-0.00415945
-0.0213611
-0.0235996
-0.0110505
-0.02316
-0.0180331
-0.045813
0.00621524
-0.00832939
-0.0258819
-0.0229577
-0.0313599
-0.0314344
-0.0254106
-0.0231646
-0.0368054
-0.00912234
-0.0235013
-0.0297953
-0.0231284
-0.0361995
-0.0151138
-0.00968174
-0.0213485
-0.0118343
0.0105415
-0.00193535
-0.0136371
-0.0123379
-0.0274158
-0.00709489
-0.0134478
-0.0320156
-0.000982103
-0.0105817
-0.0040457
-0.016052
0.00368325
-0.0129178
-0.024761
-0.0178412
-0.0314086
-0.0215095
-0.0300807
-0.0166905
-0.0217975
-0.0215741
-0.00240041
-0.0304787
-0.00970636
-0.0333938
-0.0260504
-0.0218314
-0.0123223
-0.017821
-0.0291066
-0.00642136
-0.0403195
-0.00563656
0.00653166
-0.0278561
-0.0225425
-0.0288226
-0.0378935
-0.0153732
-0.0326028
-0.040655
-0.0220577
-0.0305884
-0.0228213
-0.0271278
-0.0485885
-0.0387634
-0.0130626
-0.0311982
-0.0381911
-0.0271781
-0.0143419
-0.00680148
-0.028379
-0.0343916
-4.76938e-005
0.00268714
0.000573195
-0.0353199
-0.0235429
-0.0183468
-0.0236028
-0.0109347
-0.000543543
-0.0127559
0.022852
-0.0323403
-0.00872466
-0.0236205
-0.0244645
-0.0116412
-0.0223895
0.00522615
-0.0466841
-0.0355921
-0.0121563
-0.0304837
-0.0244584
-0.0271244
-0.0311854
-0.0163108
-0.0212696
-0.0221491
-0.0474776
-0.0511271
-0.0510723
-0.0258415
-0.0422961
-0.0346557
-0.0508564
-0.042907
-0.0487544
-0.0582187
-0.058178
-0.052398
-0.0626772
-0.0331247
-0.0294751
-0.0474206
-0.0383537
-0.0472213
-0.0432462
-0.0533895
-0.0375982
-0.0335842
-0.0270662
-0.0258794
-0.0343542
-0.0460582
-0.0399726
-0.0180395
-0.0486556
-0.0451877
-0.0413014
-0.0121684
-0.0305166
-0.0373638
-0.0504382
-0.0165931
-0.00187974
-0.0277179
-0.0227381
-0.00212906
-0.0103352
-0.0190451
0.00853051
0.0144968
-0.0296505
-0.00557788
-0.00702221
-0.0041479
0.00726718
-0.00494448
-0.00617587
-0.00532929
-0.0111861
-0.0071987
0.0128671
0.0109172
-0.0289879
0.0103607
0.00655561
-0.0173503
-0.00219132
-0.00238585
0.0299395
0.00396295
-0.0204988
0.00620143
-0.0180535
0.0197199
-0.0339014
0.00239001
-0.0259333
0.0117299
0.0202028
0.00741871
0.00206748
-0.00768395
-0.0119392
0.00662377
0.007648
0.0180264
0.0227657
0.0160531
-0.00999734
-0.0232947
0.00286388
0.0189943
-0.0131416
-0.00109545
-0.0216569
-0.0045155
0.00923355
0.00542535
-0.0350244
-0.012326
-0.0155648
-0.0123859
-0.0250268
0.0293782
-0.00769977
-0.00409501
-0.00242248
0.0366451
-0.0393478
-0.00661086
0.00732581
-0.0111806
0.00426157
-0.0193116
0.0142878
0.0131174
-0.0279312
0.00236356
-0.0158115
-0.00433848
-0.010595
-0.0293911
-0.00739986
-0.0212005
-0.010084
-0.0157087
-0.00714364
0.00943535
-0.00840754
0.00607086
-0.00198799
0.0316896
-0.0129993
-0.0171316
0.00909147
0.00896415
0.0019723
0.0178244
0.00897289
-0.00686018
-0.000932502
0.00503003
-0.015711
-0.0167342
0.00671978
0.00752552
0.0163299
-0.00958749
0.000513036
0.0221101
-0.0185076
0.00137818
0.0209098
0.0167107
0.0350072
-0.00228831
0.0123414
-0.000548917
-0.00816294
0.0219445
0.000399652
0.00449452
0.00600723
0.000168464
0.00408284
0.0442226
0.0320471
0.00708306
0.0286602
0.0169208
0.0246587
0.0078429
0.000458178
0.00126583
0.00703422
0.0269055
0.0346921
0.0135016
-0.00764197
0.0190229
0.024139
0.0172988
0.0116019
-0.00970485
0.0243619
-0.0111227
0.0227797
0.0118004
-0.000906365
-0.00878053
0.00949851
0.0231621
0.0193922
0.000100339
-0.0379967
0.00611584
-0.0322295
-0.00603621
0.0154529
0.012011
0.0100383
-0.0249934
0.0153612
0.0327215
0.00770052
0.0187622
0.0241287
0.000335826
-0.00444776
-0.00202894
-0.00253601
0.00381274
0.00764189
-0.0311369
-0.0350294
-0.0123033
0.00546943
-0.0335778
0.00758295
-0.0224911
-0.0174565
-0.0294003
0.0324208
-0.0231209
0.00999127
-0.00993005
0.0168992
0.0263979
0.000537604
0.00987169
0.0157242
0.0432161
0.00136614
0.010298
0.0473227
-0.0149192
-0.00872688
0.0241726
0.00282216
0.0263216
0.0211196
0.0275716
-0.0335536
0.0101243
-0.0177384
0.0052574
0.0297883
0.0586064
0.0217368
0.0203086
0.0372746
0.0265106
0.0350339
-0.0194508
0.0297631
0.038859
0.0512593
0.0328034
0.0141563
0.0435246
0.0146024
0.0625181
0.0528692
0.0236837
0.000597112
0.0250652
-0.00030631
-0.0150725
-0.0112481
-0.0181474
0.0254311
0.0144454
-0.00554509
-2.2087e-005
0.00235427
0.00162587
0.00945402
-0.0160424
0.00915382
0.0330016
0.00656667
0.0370485
0.0281066
0.0350954
0.0337438
-0.0219363
0.0361157
0.0116439
0.0314682
0.00344844
0.0280429
0.04969
0.0272345
-0.013049
0.00453714
-0.000509565
-0.00286946
0.00789705
-0.0183832
-0.0144577
0.012742
-0.00153371
-0.0328154
0.0258388
0.0232399
-0.0028876
0.00604348
-0.00203325
0.0156712
0.0203176
-0.00219949
-0.0367654
-0.0285914
0.0343639
0.0304922
0.0344292
0.0426548
0.0229538
0.0245182
0.0334673
0.0301282
0.00526274
0.0116945
0.0327699
-0.018928
0.00546316
0.00123541
-0.0141897
0.00745503
-0.00190902
-0.0160181
-0.0246684
-0.00642314
0.00686528
0.00941382
0.00568203
-0.031893
-0.00821126
-0.0227674
0.0174807
0.00887895
6.8127e-005
-0.00174002
-0.0100863
-0.0265004
0.019893
-0.0368036
-0.0106411
-0.0179669
0.00808022
0.00180992
-0.00375667
-0.0336742
0.00558777
-0.00222076
-0.00450873
0.0133567
0.0237644
0.00624013
-0.0119457
0.0274105
0.0223119
-0.0163042
-0.0429589
0.0101919
0.0074446
-0.0159133
0.00425671
0.01006
0.00214817
-0.000507182
-0.0192322
0.0159491
-0.0254521
-0.00347317
-0.0280884
0.0407189
0.0167801
0.0269329
-0.0055752
-0.014509
0.0050929
0.0247582
0.00759135
0.0286858
0.00175493
0.0521201
0.0093339
0.0385982
0.0356452
0.0216356
0.0216242
0.0161084
0.0272758
0.0388414
0.024121
0.0334884
0.0151342
-0.00449745
0.0112681
0.025636
0.00717473
-0.00194124
0.0245097
0.0254882
0.0231722
0.00827587
0.0645495
0.0391339
0.0426051
0.0383746
0.0123595
0.0135713
-0.014967
0.0150636
0.0383832
-0.000315211
0.0186285
0.0346207
0.0673796
0.0534154
0.0368424
0.00357593
0.0348904
0.0378058
0.0365851
0.0461466
0.0130246
0.0255618
0.0301244
0.0238265
0.064353
0.080018
0.0568497
0.048596
0.0658243
0.0429028
0.0256245
0.0102762
0.0220452
0.043392
0.0258708
0.0427927
0.0311411
0.0338939
0.0448828
0.0168588
0.033376
0.0533714
0.0225243
0.0365554
0.0155271
0.0407386
0.0436461
0.0424005
0.0652792
0.0408919
0.0402246
0.0569882
0.0172531
0.0111088
0.0287015
0.0375457
0.0202033
0.0150373
0.00294739
0.0301646
0.0259742
0.0226182
0.0306841
0.0244981
0.00496402
0.041195
0.0248295
0.0300368
0.0175788
0.0099006
0.0329879
0.0197525
0.0407487
0.0500299
0.0392693
0.0419371
0.0504386
0.0126278
0.000439421
0.0224501
0.00760435
0.0275096
0.0216331
0.0276281
0.0212404
0.0120377
0.00666487
0.013243
0.00948834
0.0021726
0.00814458
0.0117407
0.0079701
0.0114677
-0.0159335
-0.0255961
0.0112655
0.0237513
0.00174075
-0.0185971
-0.00197613
-0.019403
-0.0260651
0.0160718
-0.0327495
-0.017873
-0.0348663
0.0149902
-0.00511477
-0.00259964
0.00654429
0.0234984
-0.00731247
-0.0190064
0.0251616
-0.00194533
-0.0229168
-0.00496333
-0.00191937
-0.0230003
-0.011011
-0.0340879
-0.0384991
-0.0106567
-0.0225662
-0.015544
-0.0406157
-0.00300182
0.00662197
0.00117688
-0.0095385
0.041554
0.0246268
0.023559
-0.00354033
0.00306474
-0.0340826
-0.00240376
0.00697399
-0.0109652
-0.0446725
-0.00464868
0.00935002
0.0144652
-0.0109857
-0.0175643
0.0201906
-0.00819588
0.0222507
0.00976939
0.0112225
-0.0138146
-0.00821506
0.00564714
0.0133538
0.0308728
0.0149527
0.0210863
0.00806785
-0.00669743
0.0386927
0.0278703
0.0157038
0.0146708
0.00254873
0.0390044
0.05085
-0.00410133
-0.0163504
-0.00761322
0.0365547
0.00830301
0.0342987
0.0192171
0.0189698
0.0276729
0.0178463
0.0375662
0.03355
0.0193011
0.0264879
0.0238676
0.0191547
0.0322854
0.0385283
0.0150864
0.0067887
0.0184967
0.0266343
0.0186925
-9.97966e-005
-0.00670844
0.0104879
0.000233223
0.0361837
0.0027446
0.00881388
0.0426377
0.00566306
0.0218659
-0.0122216
0.031942
0.0280568
0.022671
0.0208367
0.0285873
0.0219158
0.0267028
0.0274009
0.0248782
0.00280397
-0.00301683
-0.00619355
0.01301
0.0226494
0.038479
0.0290922
0.0443092
-0.0061195
0.00308979
0.000793004
0.0277528
-0.00246283
0.00436835
0.0163687
0.0165502
0.02314
-0.00252009
-0.00993893
0.0093728
-0.00920368
-0.00732053
-0.00141564
-0.0124168
0.00060197
-0.00214811
-0.00397374
-0.000504791
-0.0117111
0.0144913
-0.0236694
0.00663478
-0.0231818
0.0159417
0.0101159
-0.00174111
-0.00844261
0.00505714
-0.0257052
-0.0269301
-0.0208937
-0.0261101
-0.0186654
-0.00989798
-0.03725
-0.0218397
-0.0180148
-0.00101675
0.0135009
-0.0167515
-0.0229282
0.0079843
-0.0212172
-0.00622808
-0.0391081
0.000146361
-0.00333424
-0.0389689
-0.00178041
-0.0424511
-0.0206941
0.0170013
-0.0187273
-0.0236758
-0.033366
-0.022584
-0.0189659
-0.0115124
-0.0433327
-0.0352411
0.0022917
-0.0318541
-0.0475508
-0.0182646
-0.0159243
-0.00561775
-0.00189703
-0.0261098
-0.028512
0.00486189
-0.00392442
0.000115965
-0.0107219
-0.000769727
-0.00111029
0.00180275
-0.00198606
-0.016461
-0.0193258
-0.00360479
-0.0296332
-0.0100011
0.00879188
-0.0145885
0.0021077
-0.00850089
0.00626419
-0.0143376
-0.0102885
-0.0185955
-0.0106252
0.00750405
-0.00230717
-0.0296923
-0.00886935
-0.00598948
0.000488406
-0.0234883
-0.0140007
0.0104188
0.00232928
0.0159176
0.0299651
-0.00235526
0.00864542
-0.00076693
0.0128049
0.00411697
0.00804555
0.0156929
0.00696415
-0.0185805
0.00578165
0.0265305
-0.00729928
-0.00805721
0.00987395
0.0081591
-0.00298182
0.00550336
0.0143601
-0.00502463
0.00592906
0.0191314
-0.00842869
0.0105074
-0.00529086
-0.0242761
-0.00555428
-0.021749
0.0107242
-0.00343606
0.00423507
0.0126159
-0.0238366
0.0105814
-0.00445686
-0.0286673
0.0238083
0.00228619
-0.0040242
-0.00411141
-0.0222574
-0.00384874
-0.00758811
-0.00058808
-0.00230345
-0.0204505
-0.00165818
-0.0190812
-0.00231703
-0.0208365
-0.0243871
-0.0008264
-0.000744229
0.0182377
0.00242174
-0.0138296
-0.0302353
-0.0362937
-0.0142721
-0.0578501
-0.0299201
-0.00748489
-0.029147
-0.0186928
-0.0276927
-0.0338761
-0.0349554
-0.0525136
-0.0342678
-0.0420073
-0.0266834
-0.053757
-0.0720777
-0.0270324
-0.0428072
-0.0346961
-0.0406086
-0.0363474
-0.00966192
-0.0398104
0.00094445
-0.0151406
-0.0486956
-0.0380097
-0.0418455
-0.0321006
-0.0173345
-0.0105907
-0.0239038
0.0101877
-0.027572
-0.00435743
-0.00441204
-0.0187287
-0.00553783
-0.00618754
-0.013423
-0.0122762
0.0169405
-0.00112789
0.0105363
-0.0125587
-0.00567706
-0.023107
0.00965469
-0.0131671
0.011482
-0.0207648
-0.00547371
-0.0201573
-0.00533465
-0.0112342
-0.0212702
0.0139071
0.00842105
-0.00784055
-0.0181312
0.000586692
0.00434618
-0.0223397
-0.00531444
-0.00398939
-0.0039174
-0.00381353
-0.0260001
-0.0222703
-0.0126875
0.0131044
-0.0262965
-0.0180554
0.0106852
-0.0268442
-0.0112811
0.00408489
-0.0262422
-0.0341352
-0.0194318
-0.0296441
-0.0132028
-0.0410535
-0.0340659
-0.028916
-0.0143253
-0.00757465
-0.044602
0.00282066
-0.0300253
-0.0191511
-0.0508161
-0.0260998
-0.0521739
-0.0422543
-0.024178
-0.0436813
-0.0289568
-0.0320806
-0.0339941
-0.0391922
-0.00356754
-0.00677887
-0.0748324
-0.0473476
-0.0390463
-0.0302247
-0.0132073
-0.013302
-0.022868
-0.0183873
-0.00756218
-0.00396632
-0.0293556
-0.00134951
-0.00758632
0.00332157
0.0101294
-0.0215599
-0.0091617
-0.0149483
0.0171792
-0.0109501
0.00968021
0.0096716
-0.00659149
0.0248776
-0.00592362
0.0361904
0.0209085
0.0399808
0.0472906
0.0354731
0.0580235
0.0314356
0.0713024
0.0487521
0.0427187
0.0702695
0.0552334
0.0457646
0.0914478
0.0835272
0.0677127
0.0797418
0.0657193
0.0595201
0.0637392
0.0817131
0.0931968
0.0741545
0.0648234
0.0957034
0.0589721
0.0746435
0.0696129
0.063751
0.0897803
0.0816899
0.0776358
0.0659793
0.0603134
0.0568607
0.0537701
0.0636061
0.0777886
0.063162
0.0286771
0.0480322
0.0390925
0.0553344
0.0689985
0.0403806
0.000211871
0.0187271
0.0357347
0.0426659
0.0273069
0.0112671
-0.00638356
0.0398806
0.0169812
0.0313123
0.0212944
0.0317523
0.0272072
0.014167
0.0344796
0.0192079
0.0242175
0.0106091
0.0324754
0.0178491
0.0235557
0.017777
0.005741
-0.018369
-0.010923
-0.0203674
-0.00764328
-0.00437692
-0.0129764
-0.0281208
-0.0304239
-0.0178305
-0.0360968
-0.03352
-0.0391292
-0.0583653
-0.00366929
-0.0536124
-0.0326245
-0.05809
-0.0413649
-0.0387055
-0.0651326
-0.0583867
-0.0333886
-0.0243446
-0.030636
-0.0443798
-0.0433729
-0.0511661
-0.0635098
-0.0233853
-0.0349052
-0.0325552
-0.0340364
-0.0281515
-0.0140036
-0.0507342
-0.0553895
-0.0201155
-0.0239589
-0.0142048
-0.0449595
-0.0253346
-0.0601041
-0.0369046
-0.0241972
-0.0400101
-0.0244917
-0.029599
-0.0321565
-0.0250506
-0.0346524
-0.0639577
-0.0382663
-0.0290208
-0.0341085
-0.0266505
-0.0404688
-0.0541771
0.0017986
-0.0209469
-0.03029
0.00093837
-0.0364776
-0.0439522
-0.00784693
-0.0295854
-0.0308936
-0.00947568
0.000107751
-0.0115463
-0.0154643
-0.0150304
-0.0151074
0.0321443
-0.0024869
-0.00248553
0.00239923
0.0126785
-0.00183365
-0.00450735
0.00757233
-0.00292516
0.00682051
0.0132613
0.00564037
0.0151498
0.0280576
-0.0021777
0.0228676
0.0459932
0.0272316
0.00589739
0.0257771
0.0231448
0.0169957
0.0123245
0.0302683
0.0454283
0.0337711
0.0618829
0.02513
0.0515646
0.0299823
0.0476196
0.0391184
0.0532797
0.0536479
0.0420898
0.0479588
0.057922
0.048192
0.0756548
0.0794297
0.0686598
0.0796923
0.0594336
0.0769601
0.0842819
0.0833987
0.110942
0.0924532
0.0866938
0.122184
0.0877715
0.117943
0.111742
0.0836658
0.089389
0.124557
0.091887
0.0749163
0.105418
0.0954528
0.0980353
0.0912937
0.0904698
0.0871758
0.0632326
0.0959934
0.110948
0.0820189
0.0904876
0.0895628
0.0697368
0.0970527
0.0824495
0.0864607
0.0675684
0.0666118
0.0533318
0.0350682
0.0434082
0.0204658
0.0398571
0.0393469
0.0266508
0.0375466
0.0366111
0.025877
0.0265893
-0.017773
0.0259949
-0.0113612
0.000305368
0.010848
-0.0012289
-0.00588462
-0.0137637
-0.0366618
-0.0125837
0.00237778
-0.00471236
-0.00434433
-0.000751635
-0.0100085
-0.0303559
-0.029007
-0.0407974
-0.040811
-0.0576352
-0.0324035
-0.038437
-0.0579009
-0.048539
-0.061636
-0.0728811
-0.0694662
-0.0563394
-0.071608
-0.0554548
-0.0614976
-0.0789252
-0.0913464
-0.0663261
-0.0773494
-0.0633907
-0.0610191
-0.106965
-0.0876338
-0.0707971
-0.0669572
-0.0733675
-0.0613299
-0.0749899
-0.0901749
-0.0725693
-0.070651
-0.0641114
-0.0669497
-0.0637455
-0.038556
-0.0632031
-0.0611704
-0.0535334
-0.0624283
-0.00307816
-0.0417029
-0.0139395
-0.00370686
-0.0138457
-0.001989
-0.0270402
0.0108279
0.011446
-0.011147
0.00237712
0.00807986
0.0338656
0.00271344
0.0312739
0.0246192
0.0142431
0.0241371
0.00922606
0.0603983
0.0332224
0.0406999
0.0359806
-0.00414093
0.0218084
0.069352
0.0361704
0.0457392
0.0498761
0.0521055
0.0568201
0.0436976
0.0710658
0.0680633
0.0404741
0.0352523
0.0680684
0.0590615
0.0391363
0.0769593
0.0563671
0.0887848
0.0860261
0.064915
0.0638234
0.0812244
0.0645254
0.0484055
0.0756458
0.074068
0.0382762
0.073837
0.0382972
0.0619177
0.0420893
0.0657518
0.0534217
0.0487855
0.0573487
0.034683
0.0306815
0.0549986
0.0179705
0.0297949
0.0334016
0.0191786
0.0221775
0.0104388
0.0130657
0.0128554
0.0167559
-0.0154982
-0.0103343
-0.00992152
-0.0269038
-0.0151318
-0.0242783
-0.0435187
-0.0309345
-0.047757
-0.0552691
-0.043675
-0.043323
-0.0381658
-0.0603735
-0.0379202
-0.0547715
-0.0800942
-0.0604459
-0.0745753
-0.0656029
-0.0480968
-0.0848077
-0.0864649
-0.0860044
-0.0752845
-0.0574102
-0.101943
-0.088539
-0.102315
-0.0459916
-0.062722
-0.0716203
-0.0502984
-0.0463059
-0.0352745
-0.0582884
-0.0488246
-0.0249098
-0.0373809
-0.0472265
-0.012673
-0.029455
-0.000497628
-0.0233265
0.00602343
-0.0157714
-0.0464404
-0.0122884
0.0129318
-0.00546712
-0.0481321
-0.00613882
-0.0113688
0.00301787
0.0176527
0.0308655
0.0421107
0.0305901
0.0299087
0.0381865
0.0367924
0.0477423
0.0394639
0.0488196
0.0692248
0.0611279
0.0748188
0.0874724
0.0973627
0.0966737
0.0740976
0.10692
0.0922982
0.104745
0.111976
0.0914429
0.0800033
0.074354
0.0789659
0.0788749
0.0935518
0.0817592
0.0756021
0.035125
0.0597975
0.0876552
0.0726164
0.0698807
0.070363
0.0688303
0.0833752
0.0643119
0.0302627
0.0519695
0.0686497
0.0547823
0.0494748
0.0475729
0.0579317
0.0381205
0.0391761
0.029976
0.0471482
0.0113282
-0.00477766
0.0221738
-0.0120227
-0.0209413
-0.0442998
-0.0023707
-0.000449079
-0.00948703
-0.0161308
0.0169234
-0.00259544
0.00341287
-0.0106614
-0.0206189
-0.0131809
-0.00725636
-0.0268368
-0.0108998
-0.0277826
-0.0196045
-0.0120606
-0.0331128
-0.0582841
-0.0364543
-0.0635977
-0.050799
-0.0602309
-0.0705421
-0.0818549
-0.0729165
-0.0940673
-0.0975578
-0.0966789
-0.0611745
-0.0983929
-0.0956237
-0.106644
-0.102069
-0.0971138
-0.0950964
-0.0628885
-0.0789693
-0.0705483
-0.0694378
-0.0615318
-0.0686299
-0.0708756
-0.0609279
-0.000858161
-0.0505045
-0.0381838
-0.0704624
-0.0355531
-0.0419796
-0.0259774
-0.0350019
-0.0307001
-0.051839
-0.0533875
-0.0302142
-0.00156256
-0.0156643
0.00555283
-0.00785985
0.00683957
0.0293329
0.0234988
0.0729576
0.0499807
0.0323648
0.0496397
0.0624944
0.054233
0.0415777
0.037268
0.0371501
0.037535
0.0352967
0.0611044
0.0459867
0.0787907
0.0439179
0.0742219
0.0597456
0.0885101
0.0689357
0.0827903
0.117233
0.126685
0.0925089
0.108119
0.0920269
0.121958
0.128483
0.102282
0.104926
0.0850126
0.107153
0.0901614
0.0821462
0.0863732
0.0599371
0.07357
0.0715976
0.0951515
0.0661679
0.0906744
0.0738554
0.0629587
0.0618167
0.0554565
0.0833358
0.0694138
0.056608
0.0668247
0.0227516
0.0473867
0.022448
0.0481497
0.0256169
0.0258868
0.0161638
0.0207132
0.0120851
0.0141448
-0.000274512
-0.00236312
-0.00224817
0.0167703
-0.0339161
-0.0221861
0.0127782
-0.006349
0.00302581
0.0126249
-0.0223083
0.0195992
-0.0117984
0.0259891
-0.0182043
0.0255835
0.00769214
-0.00951469
0.0097386
-0.013498
0.0168325
-0.0159947
-0.00282562
-0.00643407
-0.0110696
-0.00641975
0.00105054
-0.0100429
-0.0120593
-0.00651639
0.000114977
-0.0252369
-0.0185468
-0.00192833
-0.0356421
-0.00584867
-0.0210685
-0.00962253
-0.00456194
0.000836805
0.00072723
-0.00551509
0.0150744
0.00126266
-0.00536308
0.00892811
0.0024318
0.0173226
0.0327952
0.0390138
0.0268378
0.0158823
0.0424603
0.0375563
0.0147447
0.0259829
0.0360182
0.03985
0.0252168
0.0436695
0.0423664
0.0368633
0.0283495
0.0449495
0.0198521
0.0336471
-0.0249619
0.0235531
-0.0124303
0.0249499
0.0218279
0.0390495
0.025688
-0.0133759
0.0158793
0.0260113
0.0213022
0.0250536
0.0379414
0.0366905
0.0241261
0.0145215
0.0153919
0.00978688
0.0283585
-0.0186936
0.0223731
0.019334
0.0333779
0.0242522
-0.0044272
0.0207156
0.0155481
0.0366665
0.0403033
0.0421494
0.0247023
-0.0184026
0.00769259
0.00446491
0.00171865
0.00781818
0.0132776
0.00376703
0.0313127
0.00391
-0.00876443
-0.0250218
-0.00368968
-0.0203932
-0.0395792
-0.0468376
-0.0633386
-0.00833266
-0.024628
-0.0227197
0.00375052
0.0112378
0.0020725
-0.0332519
-0.0195467
-0.0247408
-0.0345932
-0.0179271
-0.0558108
-0.0535078
-0.0386655
-0.0768188
-0.0368152
-0.0337295
-0.0418913
-0.0310004
-0.0306244
-0.0438232
-0.0465422
-0.0525918
-0.023618
-0.0289834
-0.0410875
-0.0403056
-0.0454341
-0.0759355
-0.0322299
-0.0644457
-0.0569938
-0.0694556
-0.119173
-0.0711267
-0.0799955
-0.0894381
-0.0752455
-0.110392
-0.08515
-0.109999
-0.102353
-0.0959428
-0.0734278
-0.0818617
-0.107181
-0.0874984
-0.0898865
-0.100022
-0.0981177
-0.0940997
-0.0903644
-0.109103
-0.0929252
-0.130834
-0.112758
-0.129293
-0.105172
-0.135533
-0.109086
-0.107848
-0.113754
-0.144831
-0.10564
-0.101852
-0.0975598
-0.0977532
-0.11811
-0.0988775
-0.0588387
-0.0966698
-0.0871529
-0.08982
-0.111597
-0.0618283
-0.107061
-0.0610732
-0.0840441
-0.0636783
-0.0821909
-0.0999911
-0.0604348
-0.0826742
-0.0661329
-0.0864416
-0.0534183
-0.0538056
-0.059939
-0.0593433
-0.0431837
-0.0498412
-0.0223655
-0.0437422
-0.0222485
-0.0272812
-0.0412696
-0.0316762
-0.0324794
-0.0107901
-0.0121703
-0.0316549
-0.00968316
-0.0134357
0.0147495
-0.0143479
0.0153576
0.0114823
0.00445597
0.0241441
0.0363245
0.010845
0.00900539
0.0153541
0.0481553
0.0112134
0.00788057
0.0052478
0.0206023
0.0427813
0.00854767
0.0279969
0.0518581
0.0604059
0.0447525
0.0297952
0.046268
0.0472856
0.0369378
0.0412316
0.0434351
0.0492446
0.0537198
0.0522281
0.0489902
0.0477451
0.0639159
0.0361938
0.0852581
0.0745092
0.0534993
0.0596944
0.0588238
0.067459
0.0649549
0.0704971
0.0676733
0.0313952
0.0598101
0.0747465
0.0537732
0.0427045
0.047142
0.0278222
0.0311457
0.0340035
0.0353188
0.0629399
0.0315559
0.05899
0.033438
0.0358346
0.0525149
0.0492062
0.0268044
0.0411056
0.0392306
0.0173633
0.0390215
-0.011618
0.0103768
0.0230263
0.0385503
0.0169999
-0.0243844
0.00659344
0.0133596
0.0255499
-0.000704475
-0.0152797
0.00558341
-0.0100064
-0.00792417
-0.0182007
-0.000811984
0.00385416
-0.0222675
0.0174932
-0.00866878
-0.0166536
-0.00951523
-0.0454751
-0.0083124
-0.0434539
-0.0334908
-0.0372363
-0.0342776
-0.00634046
-0.0632193
-0.0423844
-0.0227326
-0.0493206
-0.0602206
-0.0484895
-0.0577975
-0.0435051
-0.0647359
-0.0778433
-0.0749618
-0.0742658
-0.04216
-0.0746484
-0.0685801
-0.0712797
-0.042289
-0.0803122
-0.0686853
-0.073822
-0.0299376
-0.0518812
-0.0298228
-0.0665193
-0.0615127
-0.0681008
-0.0505096
-0.0770681
-0.0545141
-0.0533101
-0.042636
-0.053533
-0.039136
-0.0317897
-0.0836791
-0.0574094
-0.0467996
-0.0754788
-0.0497586
-0.0493545
-0.0572025
-0.0337018
-0.0294451
-0.0411036
-0.035106
-0.0281628
-0.0323605
-0.0449927
0.00300473
-0.0231503
-0.0478213
-0.0461913
-0.059965
-0.0204735
-0.0193004
0.00747258
-0.0192956
-0.0158485
-0.0205418
0.0108237
-0.00375603
0.0263224
0.0246225
0.0259308
0.0130415
-0.000677674
0.0428768
-0.00610009
0.0156482
0.00678254
0.041272
0.0385823
0.0142527
0.0474594
0.0187772
0.0221049
0.0183109
0.0439918
0.0373759
0.0362304
0.0333662
0.0426721
0.0304561
0.053501
0.0620972
0.0134702
0.0306117
0.0702318
0.0549983
0.0443426
0.0375369
0.0473427
0.0713114
0.0500984
0.0535605
0.0561853
0.0101342
0.0492249
0.0596132
0.0566506
0.0476856
0.0709534
0.0307753
0.0530077
0.0333921
0.0358968
0.0811597
0.0423204
0.0313294
0.0367262
0.0486434
0.050744
0.040721
0.0349525
0.0531037
0.0484516
0.0210499
0.0497815
0.0324913
0.0574384
0.0497637
0.0501203
0.0252472
0.0335708
0.0496543
0.0118019
0.0145915
0.00956986
-0.0078999
0.040128
0.0121407
-0.0194009
-0.0101541
0.0344107
0.015974
-0.00199853
0.0302803
0.0396073
0.0181783
0.0531177
0.0230422
0.012451
0.0219798
0.0327234
0.0138321
0.00934468
-0.00235938
-0.0101797
-0.018682
-0.00899091
-0.0198542
-0.0152948
0.00136838
0.0137844
-0.00738509
-0.021103
-0.0355777
0.00595085
-0.0367132
-0.00591937
-0.0139406
-0.0157696
-0.00591973
0.0106968
-0.0141548
-0.0328043
-0.00877049
0.00490731
-0.0132283
0.0243535
-0.00547084
-0.00840974
-0.0127916
0.00950502
-0.031846
-0.00107613
-0.0029765
0.010306
-0.0302675
0.00937392
0.00808176
0.0071552
-0.0128339
0.00658232
-0.0214555
-0.0111306
0.0182813
-0.00160754
0.015647
0.00435747
0.0114953
-0.00706958
0.0056072
0.00837307
0.01068
-0.00535711
-0.0296481
-0.0265411
0.0153307
-0.00118134
-0.0117807
-0.0110751
0.011386
-0.0142465
-0.0377989
-0.00591704
-0.0109666
-0.0119578
0.000216439
-0.00384754
0.0123131
0.0252868
0.00476099
0.00698353
-0.00100817
-0.0141227
-6.08159e-005
0.00764631
0.0209269
-0.00567797
0.010082
0.00396853
0.0201198
0.0226248
0.00547342
0.04462
0.0238943
0.0265399
0.0324881
0.0559066
0.0238505
0.0176762
0.0617274
0.0250911
0.034063
0.0219622
0.0347231
0.0283338
0.0321637
0.015835
0.0416298
0.0262702
0.0325393
0.0333912
0.0582876
0.0186475
0.00734875
0.026759
0.0266244
0.0319347
0.0108793
0.0275031
0.049279
-0.0113313
0.0292243
0.0217682
0.0095845
0.0177897
0.010181
-0.00207471
0.0106022
0.0291152
0.0147847
-0.00733223
0.0173005
-0.00414974
0.0160996
0.0205927
0.0225344
0.0301312
0.0178144
-0.0049626
-0.00650427
-0.00798538
0.0161343
-0.00879313
-0.00504886
-0.000755869
-0.000601042
-0.0149077
-0.0261205
-0.00962365
-0.0208472
-0.0128171
-0.0145562
-0.00316407
-0.0134353
-0.0259015
-0.02374
-0.036258
-0.0148365
-0.00858049
-0.0366251
-0.0212038
-0.00339895
-0.0244591
-0.016115
-0.0182168
-0.0341492
-0.0397675
-0.0359679
-0.0212743
-0.0329557
-0.0121871
-0.0555122
-0.0126258
-0.0398685
-0.0403636
0.00764883
-0.020693
-0.0399916
-0.0470395
-0.00887006
-0.0238967
-0.0236565
-0.0244683
-0.0415799
-0.0206754
-0.0354542
-0.00963032
-0.0232797
-0.0117325
-0.0180806
-0.0361958
-0.0146451
-0.0411872
-0.0206985
-0.0162033
-0.0234234
-0.0668661
-0.037211
-0.049933
-0.0372158
-0.0366815
-0.0098673
-0.0618326
-0.0204223
-0.0344212
-0.0450458
-0.033174
-0.0217451
-0.009952
-0.0221565
-0.00126849
-0.0166772
-0.0359026
-0.026005
-0.00988484
-0.0131454
-0.0110648
-0.0196157
-0.0309222
-0.00385698
-0.0150251
0.0107885
-0.0200678
0.0041288
0.00304247
-0.0127354
-0.00199907
-0.00979485
0.000767769
0.0104813
-0.0228805
0.00288842
-0.00271407
0.00919195
-0.00744725
0.0299166
0.00206898
0.00772933
0.00833321
0.0136757
0.00199949
-0.00670717
-0.00693049
0.0549833
0.0058205
0.00360127
-0.00194956
0.0365794
0.0200954
0.00354439
-0.00347076
0.0181918
0.000343866
0.0169737
0.0152045
-0.00174595
0.0297457
0.0296604
0.000323342
0.010546
0.0300439
0.00639763
-0.0169551
0.0120881
0.0214314
0.0202855
-0.0219488
-0.0200751
-0.0106829
0.0179815
0.0141815
0.000779424
0.0105971
-0.0213635
-0.018144
-0.0175253
-0.00680132
-0.00814062
0.0026853
0.00102532
-0.00235548
0.0124933
-0.0134313
-0.0146935
-0.00975565
-0.0332095
0.000445044
-0.00724806
-0.00144687
0.0105893
-0.0162022
-0.0220499
-0.00727243
-0.0190691
-0.0242704
-0.0280476
-0.0208877
-0.0101029
-0.0454647
-0.0275308
-0.0405019
-0.00964421
-0.0428853
-0.0157642
-0.0302011
-0.0497042
-0.0448923
-0.00784967
-0.0255107
-0.0220533
-0.0229797
-0.0190377
-0.0153689
-0.04483
-0.0192077
-0.013833
-0.00815327
-0.0433416
-0.0258798
-0.0450035
-0.0251853
-0.00888383
-0.0447379
-0.0576545
-0.0382854
-0.0431266
-0.0262918
-0.0540561
-0.0539147
-0.0587859
-0.0354898
-0.0349775
-0.041845
-0.0519029
-0.0265932
-0.0380171
-0.0617923
-0.0792718
-0.047196
-0.0355886
-0.0484421
-0.0340372
-0.0348326
-0.0525728
-0.0331231
-0.0572559
-0.0461495
-0.0476337
-0.023007
-0.0456873
-0.045765
-0.0216821
-0.0245255
-0.0285434
-0.0398676
-0.0426295
-0.0295495
-0.0476116
-0.0301603
-0.0397481
-0.0104762
-0.0182712
-0.0144427
2.32855e-005
-0.0318439
-0.00633749
-0.023134
-0.0140089
0.00316689
-0.00761889
-0.0128954
-0.0343579
-0.00783165
-0.0246618
-0.0152207
-0.035504
-0.0213306
-0.0260554
-0.0237381
0.000825293
-0.0338254
-0.045466
-0.0195331
-0.0159743
-0.0119495
-0.015712
-0.00644138
-0.0246217
0.0112705
-0.0256287
0.00425203
-0.0154992
-0.00525984
-0.00445467
-0.0131992
-0.0053425
0.00587393
-0.0256185
-0.00923553
-0.00626722
-0.00165017
0.0221918
0.0140935
-0.0180141
-0.00737614
0.00920737
-0.0019438
-0.00837319
-0.0249269
0.00592375
-0.00248004
-0.0108982
-0.00692883
-0.015838
0.0181059
0.0129321
0.000423047
0.00125238
-0.0209358
-0.00853881
0.0055027
0.0255719
0.00127414
0.00679704
0.022394
-0.00383587
-0.0156977
0.0027143
-0.0192675
0.00950684
-0.0284135
-0.0215332
-0.0102758
-0.0251653
0.032843
0.00217982
0.0168583
0.000272002
-0.015346
-0.0149364
0.00965218
-0.010165
-0.00711237
0.00670808
0.0122843
-0.0043955
-0.0199466
0.0151837
0.00717953
-0.0057458
-0.0279164
-0.0135996
-0.0117746
-0.0180301
-0.0118129
-0.0236107
0.000512792
-0.00228067
-0.011441
-0.0150647
0.0159793
-0.0209086
-0.0306727
-0.0144131
-0.0198675
-0.0292485
-0.00675062
-0.0227773
-0.0286399
-0.0276824
-0.0469166
-0.0244039
-0.0451379
-0.0354658
-0.0148827
-0.0349642
-0.0406233
-0.0313791
-0.0348695
-0.0554412
-0.0489605
-0.0525363
-0.0181907
-0.0726757
-0.0494928
-0.0484571
-0.0651708
-0.052425
-0.043646
-0.0457559
-0.046208
-0.0534355
-0.0551856
-0.0383156
-0.0517236
-0.0640395
-0.0380183
-0.0550402
-0.057096
-0.0354702
-0.0273664
-0.062998
-0.01639
-0.0545587
-0.0194012
-0.0573879
-0.0299179
-0.0310162
-0.0495189
-0.029362
-0.0498824
-0.0346646
-0.0225226
-0.0138627
-0.0303487
-0.0313041
-0.029184
-0.0341689
-0.0523539
-0.0247511
-0.0214475
-0.00491352
-0.0126989
-0.0292181
-0.0166985
-0.0156635
-0.0267069
-0.0145536
-0.0103362
-0.00700377
-0.0378833
-0.0234773
-0.0108137
-0.0312417
-0.0340858
-0.0259799
-0.0204893
0.0027177
-0.0104668
-0.0193081
-0.0122342
-0.00998146
0.00222171
-0.0105169
-0.0187539
-0.0356439
0.00445799
-0.00515543
-0.00912889
0.0168818
0.00926948
-0.00851789
-0.0149261
-0.00555306
0.00355944
0.00196294
-0.00909649
0.00110942
-0.0262355
-0.000899347
-0.00850017
0.000478869
-0.0158665
-0.00166827
-0.000501764
0.0114133
0.00390175
-0.00129174
0.00812789
0.014713
-0.0202977
-0.00721448
0.0016489
0.00157571
0.0197282
-0.0218619
0.0117619
0.0046843
0.0182568
0.0111054
-0.00372889
0.00402858
-0.00557999
0.040844
0.0110752
0.0213653
0.0124572
0.0500097
0.0168143
-0.00205581
0.026212
0.028566
0.00565694
0.0297884
0.00459804
-0.00576312
0.0200359
0.0199666
0.0340623
0.00246546
0.0433762
0.0125579
0.0132204
0.00591873
0.0141412
0.0189512
0.0299322
-0.00231326
0.0127953
0.00239006
0.013122
0.0168691
0.0192464
0.0127093
0.0133854
0.0100069
0.0138289
0.0239978
0.0336754
0.0179469
0.0419314
0.0465918
0.0521039
0.0464484
0.016512
0.0365133
0.0217238
0.0379286
0.0365797
0.0356962
0.00241792
0.00803105
0.0156745
0.011643
0.0216308
0.0378339
0.0469512
0.0235359
0.00614028
0.0312399
0.0354897
0.0139263
0.0141344
-0.000665199
0.0376333
-0.00542918
0.0284322
0.0024773
0.0442692
0.020031
0.0137489
0.0242438
0.00443242
0.00918734
0.00265059
0.00988003
-0.000299607
0.0180759
-0.02891
0.00296671
-0.027506
-0.0129383
0.00448556
-0.0224079
0.0132995
0.00691089
-0.0321206
0.0170648
-0.0149685
-0.0124723
-0.011791
0.0115915
-0.00316215
-0.00680308
-0.0107389
-0.0025179
0.00375441
-0.0371567
-0.027
0.000398875
-0.00606217
-0.014237
-0.0280796
0.0114847
-0.00146122
-0.0114507
-0.0121145
-0.0172403
-0.0147408
0.0261575
0.026414
0.0348631
0.00076167
0.0105476
0.00616736
0.0209058
0.0473921
0.0550386
0.0204728
0.0375695
0.0137344
0.0261585
0.0411038
0.040221
-0.00216341
0.0447701
-0.0261095
0.0136022
-0.0250738
-0.00879172
0.0157035
0.0106523
-0.0217739
0.0177928
-0.0247452
0.0147753
0.0184091
0.0373252
0.030995
0.0282908
0.0411238
0.050853
0.0342569
0.0169898
0.00906082
0.0195862
-0.0120864
0.000788757
-0.0163709
-0.00970992
-0.036436
-0.022678
-0.00867841
-8.72508e-005
0.0197041
-0.000964964
-0.0279927
-0.00740371
-0.0223202
-0.0113732
0.0112854
-0.00784314
-0.011243
0.0257666
-0.0280682
0.0132074
-0.0104557
0.0118986
0.0288252
0.0289655
-0.00364308
-0.0146032
0.0124647
0.0295143
0.0369962
0.0244238
-0.0104766
0.0258055
-0.0234199
-0.0210999
0.00527946
0.0271892
0.00423037
-0.00857004
0.0280167
0.00448202
-0.0157159
-0.00256604
-0.00242821
0.011339
-0.0259305
0.00219339
-0.00265612
-0.0155955
0.00809534
-0.0139145
0.0266504
0.00868462
0.011416
0.012008
-0.00837748
0.00500963
-0.0223374
-0.0194576
0.0177357
-0.00980849
-0.0158894
-0.0239843
-0.0287691
-0.016469
-0.00968837
-0.00553491
-0.0146921
-0.0257432
-0.0282219
-0.0335899
-0.0208986
-0.0131201
-0.0113364
-0.026779
-0.0288175
-0.000122801
0.0358566
-0.00735152
-0.00173046
-0.00784296
0.00840781
-0.0172567
0.00369359
0.0170032
0.0151459
0.00631502
0.0157644
0.0087247
0.00380752
-0.0216825
-0.00970831
-0.00513226
0.0016449
-0.000920127
-0.021432
-0.00699969
-0.0133565
3.91899e-005
-0.0264649
-0.0116264
-0.0408211
-0.00219412
0.00932818
0.0029447
-0.00789044
-0.0440038
-0.0105429
-0.0148074
-0.0100734
-0.0181052
-0.0258688
0.0103932
-0.0224132
-0.02512
-0.0325982
-0.0281078
-0.0504936
-0.0582096
-0.040788
-0.0358571
-0.0475389
-0.0554419
0.00232794
0.0196473
-0.0336326
-0.000380124
0.00726182
0.00666364
0.0135855
-0.0167504
-0.0399104
-0.0432636
-0.0217741
-0.0221996
-0.0325605
-0.0271142
0.0177316
-0.0147801
-0.00450312
-0.0216172
-0.0434201
-0.0229525
-0.0329557
-0.0174125
-0.0168658
-0.0342993
-0.0214353
-0.0303434
-0.0151844
-0.0262438
0.00205206
0.00144571
0.0094201
0.0126764
0.00525985
-0.00415232
-0.0144123
-0.00592107
-0.0188683
-0.0484898
-0.0152311
-0.0232077
-0.00624214
-0.0123112
-0.0175554
-0.00546277
-0.0198934
-0.0191666
-0.027743
-0.00193094
-0.0165674
-0.00477135
0.0253361
0.0260288
0.00520474
0.0426075
0.0059198
0.0276773
0.0088812
0.0100303
-0.0156056
0.0375671
-0.00721926
-0.0118798
0.00766477
0.0101949
0.00412174
0.00357695
0.00254949
0.00204758
0.0106532
0.0113103
0.0501995
0.0198751
0.0155569
0.0105962
0.00693514
0.0315086
0.0147055
0.0079792
0.0118127
0.000450134
-0.0150849
0.00825459
0.0327854
0.0277969
0.0166363
0.0309347
0.00517528
0.016255
0.00184315
-0.0102004
-0.00600536
0.00687996
0.0298978
0.00234538
0.0106216
-0.00259067
0.0139306
0.0319616
0.0212542
0.0284361
0.032533
0.0213699
0.0249483
0.00512474
0.00540121
0.0290928
0.015277
0.0416116
0.00272836
0.0131857
0.0167248
0.0105555
0.0255491
0.0117013
0.00787243
0.0210474
0.00886185
-0.0140843
0.00193985
-0.0129545
-0.022288
0.0159567
-0.00184812
0.00381526
0.0255604
0.000367018
0.00308108
0.0185218
0.0124649
0.0110566
0.00361031
0.0196359
-0.0121563
0.00938804
-0.0133009
0.0390102
0.0260024
0.0046109
0.0122473
0.00272892
-0.0130423
0.0218573
0.00303346
0.0147355
-0.00206632
-0.000766886
0.012629
-0.0342944
-0.0309029
-0.0407743
-0.026347
-0.0160619
-0.025028
-0.0161977
-0.010786
-0.00617102
-0.00352147
-0.0246042
-0.0156825
-0.0442482
0.0020809
-0.02435
-0.00120765
-0.0073917
-0.0280212
0.00621714
-0.0121245
-0.0317813
-0.0100307
-0.0407771
-0.0295353
-0.0307043
-0.0245526
-0.0236663
-0.0120629
-0.018281
0.00511148
-0.0176286
0.0161717
-0.0162642
0.0107957
-0.0333445
0.00485597
-0.00650676
0.017238
-0.00145421
0.0120413
-0.00523778
-0.0123381
0.0192195
-0.0283053
-0.0113051
-0.0108297
-0.00673732
-0.0260086
-0.0065698
0.0117746
0.0032845
0.0211609
0.0100177
0.0151746
-0.0254833
-0.00427199
-0.0117297
0.0300582
0.00822949
-0.0142949
0.0164074
0.0114625
0.030849
0.0169168
0.0177559
0.00719177
-0.00283753
0.0486634
0.00886841
0.0111387
0.0275992
0.00662061
0.0324185
0.00207202
0.00737268
0.00341394
0.00292612
0.0300146
0.0457858
0.0300939
-0.00231822
0.00718718
0.0174722
0.0454363
0.00880033
0.00997494
0.0247809
0.00131231
0.032174
0.0347223
0.00898428
-0.00434427
0.0129034
0.044377
0.0123268
0.0198548
0.031781
0.0143608
0.00827105
0.0132319
0.0153841
0.00693076
0.00215594
0.0101676
0.0283763
0.0114386
-0.00942255
0.00799128
0.0125468
0.0351777
0.0157106
-0.00214196
0.0225068
0.0032708
0.00646446
0.00727725
0.00078864
-0.0105666
0.0126536
-0.00429337
0.0149657
0.0257254
0.0162551
0.00361648
-0.0107482
-0.0208243
-0.00316865
-0.029403
-0.0216095
-0.0126515
0.0260694
0.0121395
0.000147195
-0.0226148
-0.0164348
-0.00996542
-0.00904056
0.00362931
-0.0170503
0.0084575
-0.0187448
-0.00809046
0.0106237
-0.0152594
-0.0300897
0.00734655
-0.00150224
-0.0289272
-0.0427132
-0.0151028
0.0040168
-0.0112849
-0.0234185
-0.0262093
-0.0261917
-0.0277374
-0.00163407
-0.0202317
-0.0140746
-0.00887535
0.00577491
-0.0074723
0.0145432
-0.00687633
-0.00460905
-0.00944735
0.00445935
0.0148317
-0.000543244
0.0132917
-0.0223831
-0.00388154
-0.00694832
-0.0155341
0.0137374
-0.00531134
-0.0240977
-0.00298408
0.00639533
0.00637161
-0.0155182
-0.0188
-0.0106781
0.0121244
0.00203862
-0.0122547
-0.0226224
0.0276475
-0.00959836
0.0174839
0.0127038
0.00932812
0.0104872
-0.0105307
-0.0159515
-0.00830257
-0.0265561
-0.00784501
-0.0221146
0.0208578
-0.0151013
-0.0047842
-0.0251751
-0.0281236
-0.0351196
-0.0296141
-0.00379635
0.000634727
-0.0138148
-0.0286929
0.0125478
-0.0113274
0.00426522
-0.0196241
-0.0178333
0.0142119
-0.00171906
-0.0430369
-0.0121831
-0.0109232
-0.0271378
0.0132873
0.0167176
0.0113793
0.0114825
-0.0255192
-0.0143061
-0.00152536
0.00695094
-0.00899781
-0.00927227
-0.0216625
-0.00320912
-0.0275948
-0.00376
-0.0273925
-0.0169278
-0.0142679
-0.039377
-0.0231201
-0.0235871
-0.0301214
-0.0316176
0.0142709
-0.0437623
0.00330709
-0.0192325
-0.0251592
-0.0104091
-0.00471301
-0.000839362
-0.0438431
-0.00369499
-0.00148225
-0.00913566
-0.0426519
-0.0361419
-0.00114567
-0.0227949
0.000262381
-0.0421504
-0.0180115
-0.00927834
-0.0202139
0.0058514
0.00811195
-0.00193509
0.0211256
-0.0285563
-0.0164848
0.0143475
0.0107423
-0.00335271
-0.00250698
-0.00757877
-0.0123067
-0.0208125
-0.0270272
0.0105185
-0.00183955
-0.0332455
-0.0253957
-0.0259182
0.00598355
0.0053753
0.000289853
-0.00182901
-0.0272414
-0.0253652
-0.0176034
0.0021093
-0.00242354
0.00314063
0.00495482
-0.029604
-0.0166768
-0.0188715
0.0273188
-0.0164083
-0.0184308
-0.0133572
0.0215646
7.21103e-005
0.00513888
0.0181897
-0.0135703
0.0227344
0.00523341
0.00600315
0.0197776
0.00781767
0.0152494
-0.00439759
0.0113603
0.0204732
-0.00302248
0.00805512
0.0323364
0.000485842
0.00614653
-0.00296655
0.0215178
0.0162148
0.0241444
0.0157067
0.0246402
0.00167575
-0.000924985
-0.00582784
0.0232235
-0.00825476
0.00320578
-0.00483638
0.0219926
0.0285085
0.00473749
-0.0137402
-0.0159228
0.0133877
0.0188717
0.0158837
0.0103072
0.0221362
0.0219589
0.0352466
0.0073006
0.00959502
0.00241912
0.0253144
0.0184332
-0.00826969
0.00376593
-0.00374309
0.016171
0.0180416
-0.00972641
-0.0154443
-0.0113574
0.00810047
0.00434654
-0.00807082
0.0167224
0.0189717
-0.00972588
0.00259209
0.0100903
-0.00659507
0.0152794
-0.00036414
-0.00651763
-0.00491481
0.00255921
0.00656252
0.0183821
-0.000776483
-0.00272171
-0.00582814
0.0167296
0.0425458
-0.0171858
-0.00160995
-0.00801375
-0.00234352
-0.00479025
0.0165527
-0.00898427
-0.00578436
-0.0260112
-0.00936575
-0.0100185
-0.0253816
-0.00249885
-0.0231155
-0.0102999
-0.019551
0.0190635
0.0126415
-0.0171558
-0.0220657
0.00130731
-0.00757796
0.00274533
-0.0306362
-0.00331958
-0.0165223
0.0187962
-0.00233113
-0.00666045
0.012923
-0.0103307
-0.00566922
-0.0433909
-0.0113846
-0.0220358
-0.00843934
0.0216318
5.13871e-005
0.0108288
-0.014368
-0.00463357
-0.0024981
-0.0332458
0.0169539
-0.0264358
0.0183226
-0.00714348
0.00712259
0.00174368
-0.00369311
0.00397226
-0.0138482
-0.00346491
0.00327286
-0.00147488
0.0143154
-0.0210532
-0.00473688
0.004148
-0.012178
0.0111036
0.0055896
0.00181061
0.00163477
0.00347429
0.00746167
0.0149283
0.0225188
0.00793004
0.00492139
0.0305244
-0.00215827
0.0184441
0.0493723
0.0213763
0.0253095
0.0218436
0.0299433
-0.00330496
0.0126093
0.0148438
0.00187675
0.0214504
0.0246855
0.0189244
0.00617714
0.0139796
0.0343402
-0.00442938
0.00894883
0.0153843
0.00426333
0.028244
0.0394835
0.0389235
0.0285727
0.0328034
0.0184735
0.0196206
0.0283045
0.0204685
0.00976353
0.00265351
-0.00219376
0.00628424
0.0200943
0.0225241
0.0143201
0.0044734
0.0239097
-0.00541187
0.0227791
0.0271839
0.0313912
0.03621
0.0195747
0.0269179
0.036657
0.00645978
0.0263876
0.0280782
0.0233923
0.0306613
0.017572
-0.00151512
0.0206356
0.0233438
0.0288413
0.0116449
-0.00214635
0.0369683
-0.00188945
0.00372711
0.0260341
0.0240968
-0.0149808
0.00546022
0.00509788
-0.0142706
0.0192532
0.0344527
0.0196077
-0.0011815
-0.00497107
0.0214431
0.00297528
0.00912278
0.0222771
-0.00896151
-0.00973469
0.0058405
0.0168223
-0.00145225
-0.00243222
-0.00759158
0.0256645
-0.0136081
-0.00731192
0.00761088
0.020203
-0.00268818
0.021124
-0.00661259
0.0179817
0.00755228
0.0267704
0.0294085
0.0151208
-0.0119373
0.00357209
0.00157982
0.00868428
0.0173966
0.0225009
0.0124083
0.0217113
0.0036166
0.0234983
0.037434
0.000949844
-0.0181147
0.0200934
0.010738
-0.0163247
-0.0028441
-0.0176521
0.00527001
0.0402619
0.0216202
0.00946103
0.00707127
-0.000676743
0.0203261
-0.0127004
0.0386402
0.0194034
-0.0177396
0.047394
-0.00303454
0.0239844
0.00661078
0.000324081
0.0121973
0.00608472
0.0277565
0.0329595
0.0023207
0.0276388
0.0323903
0.000892259
0.0302857
0.0190061
0.0166222
0.00849688
0.0379395
0.00284083
0.0335414
0.0345788
0.0236832
0.0214973
0.0257121
0.0368154
0.0134491
0.0181669
0.0299757
0.00256929
0.028076
0.0570972
0.0196196
0.0389806
0.0127842
0.0348573
0.0219359
0.0342198
0.043286
0.0535553
0.0333215
0.0153501
0.0117605
0.0785495
0.0277389
0.0468736
0.0568692
0.0291736
0.0306069
0.0293355
0.0395316
0.0150368
0.0396775
0.035841
0.0065556
0.0249051
0.00984687
0.0580448
0.0021722
0.0271998
0.0665366
0.0349166
0.0151731
0.0205649
0.0162008
0.00728408
0.0195755
0.0159883
0.0320036
0.0318732
0.0436987
0.0040385
0.0192822
0.0278723
0.0540608
0.0164409
0.0133712
-0.00665428
0.0135731
-0.00354097
0.00550845
0.0175352
0.0292218
0.0215245
0.0301638
-0.0132028
0.0163767
0.0256613
-0.00296336
0.00221037
0.0193631
0.0183287
0.0282066
0.0244029
0.0279961
0.0216953
0.0211261
0.018454
0.00924647
0.032068
0.0398743
0.0224015
0.0106284
0.0155623
0.0106582
0.0215232
0.0126351
0.0123091
0.0257221
0.00230247
0.0123291
0.00820972
0.0121264
0.0107087
0.0118418
0.0274695
0.0147075
-0.00396835
-0.0253071
-0.00807492
0.00809085
0.00525956
0.0074253
0.00131798
0.00899925
0.00616762
-0.0118104
0.0110045
-0.00334877
-0.00925431
-0.0268006
-0.00228341
-0.0206105
0.00206849
-0.0258134
-0.0101982
0.00563992
-0.0209535
-0.0063594
-0.0303625
-0.00935541
-0.0313886
-0.00466945
-0.0224503
-0.0176958
0.0062162
-0.0131136
-0.0237189
0.00740962
-0.00928809
-0.0119671
-0.0112418
-0.00456967
-0.0190968
0.00578495
0.000647061
-0.013911
0.0208553
0.0128252
-0.00563352
0.00673146
-0.0175154
-0.0270572
0.0141941
0.00826374
0.0076538
-0.0172013
-0.0170358
-0.0166309
-0.0107483
-0.00831968
-0.0186755
-0.0274702
-0.0111489
-0.00168837
-0.00195047
-0.0315407
-0.0115366
-0.0030676
-0.00709881
-0.0049631
-0.0108109
-0.0026063
-0.0271333
0.00208538
-0.0217582
-0.0254929
-0.0172694
-0.00978359
-0.0230205
-0.0213243
-0.0211178
-0.0189812
-0.0232599
-0.0250386
-0.0307275
-0.0212013
-0.0134358
-0.0175257
-0.0129376
-0.0291901
0.00816673
0.00583164
-0.00923174
0.000112035
0.0102762
0.00356125
-0.00996514
-0.0130855
-0.00602861
0.000378058
-0.0095065
0.0165214
0.00580272
0.00672525
0.00674328
0.0121982
-0.00673932
-0.00352695
-0.0170575
-0.0161216
-0.00903523
0.0138555
-0.00166575
0.0169882
-0.0050994
0.0171735
0.00980486
0.00804742
-0.0116468
-0.000413271
0.0282819
0.0142375
-0.0159418
-0.0248718
0.0041734
0.021733
-0.0058894
0.00366925
0.00864978
0.00733102
-0.00741664
-0.00262071
0.036215
0.014752
0.00781475
-0.00806028
-0.0119342
0.0294352
0.0147524
0.0349169
0.018622
-0.000204627
0.00486158
0.0124332
0.00836142
0.0185876
0.0191466
-0.0043475
-0.00165983
0.00719737
-0.00388589
-0.00829954
0.00369002
-0.0121926
-0.00229046
0.00313746
-0.0143713
-0.00033363
-0.012073
-0.0293016
-0.0222814
-0.0224671
-0.0123436
-0.0106644
-0.0109464
-0.021098
-0.0102829
-0.0110355
-0.0129992
0.00311252
0.00602905
0.0045243
0.0034703
-0.0149023
0.0050978
-0.0194095
0.015186
-0.0238974
-0.00859433
-0.0137915
-0.0110594
0.00126761
0.0144078
-0.026445
-0.00329272
0.00655916
0.0122841
0.00998117
-0.0205232
-0.0265773
0.00361826
0.00890742
-0.00155894
0.0112892
0.00265957
0.00399046
0.0162719
-0.00357953
0.0233877
0.0247234
0.00604124
0.0147543
0.00768167
0.0243157
0.0171456
0.0115092
0.0116255
0.00838007
0.0304574
-0.014507
-0.00897312
0.00799097
0.0203382
0.0079011
-0.0202678
-0.00589717
-0.00802494
0.017117
-0.00198814
0.000573213
0.00671767
0.0137295
0.00261198
0.0163637
-0.00205174
-0.00716314
-0.0342193
0.0124761
0.00341208
-0.0104602
-0.028007
-0.0160008
-0.021003
0.00533549
-0.010412
0.0143466
0.00790412
-0.0220137
0.0201507
0.00374705
-0.00155477
0.00159268
0.0244422
0.0273576
0.0256125
0.04932
0.0325162
0.0280545
0.0382007
0.0167711
0.0281974
0.00534219
0.0119668
0.00895228
-0.00566443
-0.0233024
-0.0176784
-0.0136924
-0.0198805
-0.0146026
-0.0255639
-0.0265114
-0.00462961
0.0242508
0.0260373
0.0239022
0.00607323
-0.000104611
-0.0144053
0.0122917
0.0178886
0.0143673
0.0271357
0.0164653
0.0214099
0.0569091
0.0176756
0.0266779
0.0177435
0.0152736
0.0278903
0.028133
0.0144023
-0.0114997
0.0118819
-0.0121037
-0.000838025
-0.00399203
-0.0374775
-0.0125582
-0.0194232
-0.0392757
-0.00311926
-0.00363764
-0.0302546
-0.0119572
-0.00548055
0.0143488
0.021367
0.0123894
0.000819806
0.0164994
0.0188587
0.0151638
0.00639141
0.0136231
-0.00263208
0.0117266
0.00114629
0.00530667
-0.0232594
0.0334315
0.034556
0.00906734
0.00238333
-0.031105
0.00137139
-0.0150193
-0.00683094
0.0044561
0.00228609
-0.0193606
0.00488561
-0.0132435
0.0097794
0.00336643
0.0184505
0.0223262
0.00693803
0.00133279
0.00102223
0.0123759
-0.00917375
-0.0104029
0.00458542
0.00329447
0.0116741
0.0223029
0.00691216
-0.00994713
0.0127492
0.015539
-0.0115606
-0.0266139
0.0104213
0.00705891
-0.00977629
0.00518101
0.00149903
0.0118811
0.037405
0.0388532
0.00871572
0.0243974
0.0305155
0.0135539
0.00358697
0.0397774
0.00413917
0.0345641
0.0091927
0.020377
0.00937762
0.00258189
0.0157045
0.0244369
0.00368517
0.0436252
0.0108066
0.0251973
0.0192182
0.02877
0.00815388
0.0276044
0.0454405
0.0198643
0.0180706
0.036087
0.0290701
0.0109332
0.0282039
0.00523155
0.00164138
0.00292599
0.0235728
0.0122311
0.00417494
0.015937
-0.0207313
-0.0184486
-0.0144128
-0.000235425
-0.00760978
0.0145981
-0.0307048
0.00127748
0.00413166
0.000162934
-0.0169119
0.0111372
-0.0491821
-0.00514875
0.0283334
0.00247346
0.0165729
-0.0147257
-0.00857455
-0.0146012
-0.00848445
0.000252557
0.00205094
0.0205597
0.00704519
0.00165771
0.0113322
-0.00102121
0.0153235
-0.00621873
0.00717686
0.00229696
0.013963
-0.022364
-0.0147029
0.00730626
0.0440527
0.00667489
0.0132262
-0.0145948
0.0159341
0.0162941
0.00253371
0.00891217
0.0294484
0.0325634
0.0344031
0.0260291
0.0517472
0.0214285
0.0386367
0.00550755
0.00464504
0.0147135
-0.000301138
0.00473867
0.00690083
0.00972196
0.0070353
0.00858717
0.0207923
-0.00923096
0.00426995
0.023898
-0.0225921
0.00622668
-0.00274614
0.0166551
-0.0119809
0.0140253
0.0266108
0.0211061
-0.00264164
0.00290256
0.00866105
0.00711266
0.00524664
-0.000192878
0.0116481
-3.74268e-005
-0.00164077
0.0199902
0.031311
-0.00236577
0.00412022
0.0243624
-0.0146436
0.0104526
0.012145
0.0251416
-0.013133
-0.00374938
0.0102387
0.00418893
0.00313391
0.00838611
0.0103165
0.0160052
0.00250499
-0.000812609
-0.000927666
-0.00582462
0.000650535
-0.00651446
0.0256049
-0.026495
0.0199636
-0.00337855
0.00912287
0.00331263
0.00589883
0.0148575
-0.0232851
0.000693157
-0.00667623
0.00124406
0.0312148
-0.0124977
-0.00255008
0.0145267
0.00150766
0.00474957
0.0042574
0.010021
-0.00520664
0.0251441
-0.0188827
-0.00353248
0.0415353
0.0263604
-0.00220489
0.00399418
-0.00586334
0.0146505
0.0108884
0.0165432
0.00835207
-0.00911131
0.0103544
-0.00647847
-0.00513892
0.00748023
0.0228681
0.0128138
0.0290964
0.00391362
0.0178294
0.00246635
-0.00133643
0.0242387
0.00648567
0.00862851
-0.00476848
0.013932
0.00790197
-0.0107617
-0.0109117
0.00748987
0.0263395
-0.00820251
0.0022452
-0.00395718
-0.0038912
0.000951185
-0.00646567
-0.0346216
-0.0130234
0.0268634
0.017204
-0.00581983
-0.0107298
-0.0061344
0.00613496
0.0191813
0.012261
0.00629369
0.00436924
0.00202529
-0.0123644
0.000658845
-0.00811049
-0.00405608
-0.00364556
-0.0161771
0.00536871
0.00283287
-0.0191613
-0.00190377
-0.0265696
-0.0214214
0.00811901
-0.00131692
0.022672
-0.0168367
0.00726895
0.00514112
-0.0124569
0.0224195
0.0126867
0.0278844
0.00640081
-0.0138484
-0.00257969
-0.0160139
0.00961395
-0.0287351
-0.0154237
0.000221898
0.0295316
0.00379195
-0.0281953
0.00403685
0.0102717
0.0196145
-0.000519983
0.00918674
-0.0214632
0.0240175
0.00719415
0.000263697
0.00339454
0.00682503
0.0169563
-0.00799744
-0.0010587
-0.008856
0.00350533
-0.0139723
-0.0049367
0.00268937
-0.0115801
0.00943861
-0.014977
0.0033348
-0.00145731
-0.00210761
0.0061421
-0.0179284
0.0033778
-0.00756471
-0.0141101
0.0107032
-0.00411867
0.00851954
0.00543596
0.00580378
0.00934506
0.0127052
0.0264421
-0.0102287
-0.0222294
0.0023781
-0.0280498
-0.00662954
-0.0016564
0.0108478
0.0143882
0.00957648
0.0184402
-0.00403551
-0.0101331
0.00211003
0.00614898
0.0140467
-0.0111002
0.0155401
0.0100511
-0.0114459
0.000794993
0.0170412
0.00737763
0.0059292
0.00948022
-0.00174397
0.0180024
0.000625294
-0.00397026
-0.0218105
-0.00428677
0.0072917
0.0144553
0.00550897
-0.00626525
0.0108472
-0.00740085
-0.0129008
0.00736325
-0.00436697
-0.00721993
0.016958
0.0124581
0.00478896
-0.00139472
-0.00841333
0.00482461
0.010964
0.0149766
0.00659894
-0.00291959
-0.00262105
0.0127562
0.00372229
-6.50682e-006
-0.0144516
-0.000559672
-0.00579097
-0.00939211
-0.0149867
-0.00432229
0.0204278
0.0147204
-0.000748926
-0.0191173
0.00664001
0.00710561
-0.00679833
-0.00279607
-0.00868321
-0.0147884
0.0200536
0.00147181
-0.0066165
0.00418821
-0.00313495
0.00375878
-0.00655402
-0.0172576
0.0176885
0.00368614
-0.00561337
-0.0214054
0.00435297
0.0174908
8.89052e-005
-0.00179771
0.0169968
0.017702
-0.00603729
-0.00126698
-0.00101911
0.0124721
-0.0135279
0.0145751
0.00701134
0.00663147
-0.00472653
0.0467248
-0.00856499
0.00915971
0.00930311
-0.0150047
-0.0151991
-0.00469787
0.00457804
0.0164964
0.0115915
-0.00710945
-0.0197334
0.0240637
0.0108715
-0.0183594
-0.00377307
-0.0288631
0.0144782
0.0158418
0.0264146
-0.000902595
0.0135433
-0.013457
-0.00182799
0.0248352
0.0172727
-0.00127474
0.00176946
0.0257559
0.00251659
0.0103346
-0.0123412
0.0249807
-0.0131595
-0.00281641
0.0110828
0.0113871
-0.00992191
-0.00736136
-0.00869213
-0.00294947
-0.00593492
0.00358882
-0.0181884
0.00537983
-0.0130424
0.0150311
0.0203227
0.00305971
0.0107648
0.0199397
-0.0088446
0.0076475
0.00561422
0.00399181
-0.00134422
0.0157646
0.0187703
0.0199027
-0.00650808
-0.00632091
0.00283897
0.0321754
0.0144083
-0.0132944
-0.00987135
-0.0174743
-0.00129743
-0.000249704
-0.0244623
-0.0194507
-0.0108084
-0.0118427
0.0141257
0.0253208
0.00992792
0.00260052
-0.00666782
0.00247847
0.00219701
-0.00882526
0.0200333
0.00355247
0.0264878
0.0226223
0.00235193
0.0094437
-0.00580601
0.00884589
0.003195
0.0218335
-0.013444
-0.00903537
-0.00567018
-0.000674198
0.0111156
0.00609385
-0.0122563
-0.0258051
-0.0057711
-0.0142602
-0.00531434
-0.0117205
0.0337164
0.0182271
-0.00488724
-0.0153376
0.000811931
-0.0129991
-0.00674335
0.0110326
0.00533312
0.0109729
0.00510298
0.0008906
0.0128228
-0.00820973
-0.0131383
-0.000981638
0.0144768
0.00197113
-0.00113355
-0.0172749
-0.00729115
-0.0240148
0.00433303
0.00565171
-0.0151155
0.00878582
-0.00173001
0.0197545
0.0121841
0.00139796
0.0247184
0.0292342
0.0138787
-0.0166169
0.00474262
0.0145981
0.00354857
-0.0119406
-0.0105906
0.00192667
-0.00713465
0.00521243
-0.0145495
-0.0209114
-0.00996888
-0.0260769
0.0102412
0.0223453
0.00754255
-0.0246068
-0.00536583
-0.0232257
-0.00121601
0.00286415
-0.00998288
-0.00375872
0.0463088
0.00122999
-0.0108462
-0.0156005
-0.00541209
-0.0186209
-0.00396603
0.0114489
-0.00483252
-0.000109533
-0.00274803
0.00891295
-0.0158315
-0.00980571
0.0054965
-0.00927681
0.00882551
-0.00475356
0.0156671
0.00350879
-0.00842463
-0.0150867
-0.00343916
-0.00713977
-0.00413842
-0.00479823
-0.0160167
0.0188127
0.00967976
-0.00827027
0.0209083
0.00344491
0.00104522
-0.03304
0.00536372
-0.00441202
-0.0009935
0.0189343
-0.00415407
-0.0188048
0.00283716
0.0198541
-0.00658205
-0.00180551
-0.00543836
-0.018091
0.00163087
0.0112485
0.0101155
0.0110649
-0.0133304
0.0290861
-0.016598
-0.00928993
-0.00563136
0.0116625
-0.000537423
0.0106431
-0.00507812
-0.00860231
-0.0217235
0.000789089
-0.0157907
0.00724984
0.0246926
0.0197684
0.012789
-0.0181301
-0.00783333
-0.00457308
-0.00401603
0.00815949
0.02119
-0.00912444
-0.0218763
-0.0183917
0.0109611
-0.0178925
-0.00576595
-0.00263855
-0.0189975
-0.000284068
-0.0126425
0.0093586
-0.00648423
0.0135702
0.00326072
0.00731338
0.0028975
-0.0107595
0.00332334
0.00385459
-0.0269667
0.0222469
0.000218655
-0.00284036
-0.00959264
0.00397982
0.00115126
-0.0355848
0.0336853
-0.0139663
0.00021236
0.00723604
0.0114318
0.0122022
0.0139168
-0.00273685
-0.00539752
0.000446335
-0.00958331
-0.0104306
0.00321746
-0.0303307
3.2714e-005
-0.00563407
-0.00390609
-0.0150022
0.0220017
-0.0130141
-0.0024948
-0.012001
-0.00688981
-0.00258975
-0.00135906
-0.00809717
0.0106885
-0.00311925
-0.00756531
-0.00887903
0.00683436
-0.0148173
0.00494091
0.00430437
-0.0442967
0.00101671
0.0122015
-0.00557252
-0.0214872
0.0137077
-0.00686912
0.0103585
0.00200454
0.0196785
0.00313041
0.00999823
-0.0118558
-0.0138494
0.000593253
0.00587257
-0.0171531
0.0205146
0.0127076
0.0123107
-0.000488336
-0.00349638
0.0119242
-0.00759156
0.0193997
-0.00554284
-0.0106023
0.0141117
-0.00568709
-0.00866977
-0.00283702
-0.00935245
0.0232645
-0.00480121
0.022702
0.0131406
-0.00761585
-0.0165851
-0.00784215
-0.00539228
0.0019324
0.0108987
0.0120507
-0.00978657
0.020882
0.0111886
0.00617043
-0.00677737
0.00302975
-0.00769885
-0.00118015
0.00194547
-0.00309166
-0.00381504
-0.00285875
-0.00533533
-0.0123019
0.0161854
0.00941624
-0.0169083
-0.00387824
-0.0137423
0.0143899
-0.00987552
0.02225
0.0215149
-0.0161864
0.00956043
-0.000203519
0.00603361
0.0263643
0.0207813
0.0154546
-0.0210706
0.00988073
-0.0118737
0.00451553
-0.0236246
0.00498091
-0.0294103
-0.00425609
-0.000133679
0.0129848
0.00823541
-0.00461946
-0.00230436
-0.0235449
-3.02581e-005
-0.0114793
0.0114749
-0.00743952
0.00751553
-0.0225884
0.00631635
0.0184476
-0.0134838
0.035019
0.0192207
-0.00385305
-0.023587
0.0159217
0.00242991
-0.0075648
-0.00702153
0.0149251
-0.0222865
-0.0105121
-0.0128596
-0.00447171
-0.0235857
-0.017156
-0.00220921
-0.0350778
-0.0001099
0.00938094
0.0202864
-0.00539324
-0.00390994
-0.0164195
-0.0170726
-0.00945704
0.00601925
0.019671
-0.0101241
-0.0207919
0.00216197
-0.0213441
-0.00487012
-0.00846021
0.0127275
0.00158801
-0.010481
-0.0298279
-0.00715558
-0.00325668
-0.00642163
0.027454
0.0238602
-0.00844775
-0.0105749
-0.0225433
-0.00604937
0.00770801
-0.0121015
-0.00600829
-0.00445936
-0.00702696
0.0103129
0.00902303
0.0156171
0.00821775
0.015251
0.0420424
0.00277713
-0.00900805
0.0292629
0.0087491
-0.000902133
-0.0127145
-0.00102331
0.00150727
0.0203834
-0.0200897
-0.00344417
0.00241179
0.0222374
-0.0014423
0.0137315
-0.00994719
-0.0327691
0.010216
-0.00627934
0.0263335
-0.00384697
0.00610185
0.011934
-0.0186421
-0.00102315
-0.0155371
0.00934194
0.0261689
0.0144509
0.0125078
-0.0144976
0.00544809
0.00628844
0.0042003
0.0134345
-0.00865426
-0.00101603
-0.0129868
-0.0198898
-0.00992906
-0.00110402
0.00946467
-0.00687913
-0.010999
0.0131552
0.00900103
-0.00780072
-0.016125
0.00662806
0.00606855
-0.0188021
-0.013415
-0.0198361
0.0118111
-0.0106226
-0.0158585
0.0225758
-0.00253861
-0.00812791
-0.0216833
-0.0152175
0.00644726
0.0101294
0.0158775
-0.00650292
-0.00562134
0.00335644
0.00415543
0.0248912
0.0112369
0.0327429
0.0209138
0.0150651
-0.013233
-0.00153374
0.0126696
-0.0033491
-0.0118827
0.0349572
-0.00583446
0.0147627
-0.0181793
-0.016702
0.000586596
-0.0133501
0.0134461
0.00773055
-0.00599198
0.027428
0.00141842
0.0333158
0.00740105
0.0134968
0.00281253
0.0174665
0.0240872
0.0200008
-0.00669251
0.00398836
0.0116864
0.00308019
0.00195319
-0.0017076
-0.0244974
-0.00656709
-0.00432668
-0.00222056
0.0150615
-0.0117957
-0.0113531
0.00471517
0.00365187
0.0286907
-0.00463579
-0.00883767
0.00066618
0.00440477
0.0216344
-0.00362515
0.0113252
0.0157646
-0.0152027
-0.00465119
0.00168982
-0.0190011
-0.000242615
-0.0133829
0.0267188
0.0115299
0.0121716
-0.023515
0.0439337
0.00230566
-0.0146283
0.0171588
-0.0104662
0.0130493
-3.61809e-005
0.00937842
0.00982295
0.0155592
0.00261819
-0.0179649
0.00380846
0.00310864
-0.00444348
0.00110557
-0.0175772
-0.0134005
-0.020475
0.00510554
-0.00197986
0.00541562
0.00138573
-0.0121081
0.00896057
-0.012633
0.016189
0.000329495
-0.0157418
0.00794936
0.00147005
-0.00354998
0.00171704
0.00740481
-0.0193163
0.010611
0.0130632
0.0172739
-0.0155082
-0.00764608
0.0120745
0.0131705
0.0312211
-0.0109902
0.00999758
0.0137247
0.000423118
0.0246669
0.0048234
-0.00686443
-0.0165004
0.00968858
-0.000132415
-0.00206861
-0.0135346
-0.0148836
0.00422251
0.014631
-0.0307732
0.00728415
-0.00847028
0.017529
-0.00546069
-0.0112426
0.00322981
0.0168733
0.0234395
-0.0160629
-0.006727
0.0255237
0.00391926
0.00687275
-0.00220465
-0.0282731
-0.0138906
-0.0140111
-0.0214002
-0.0075294
3.27144e-005
-0.00847906
-0.00791453
-0.00480822
-0.00128344
-0.00411435
-0.00100828
-0.00684473
-0.0109468
0.0088934
-0.00373941
0.00973325
-0.00462215
0.022203
0.00938997
-0.00308748
0.0196697
0.00543134
-0.00840937
-0.0386134
-0.0061689
0.0106456
-0.00500387
0.0146465
-0.0326276
-0.0186018
0.00580649
0.0107813
0.00328696
0.0123073
0.0196038
0.0128323
-0.0182244
-0.00597397
-0.00589495
-0.00591556
-0.027736
-0.00530643
-0.0102296
-0.00172638
-0.0206624
0.020047
-0.00924474
-0.0181661
0.0107234
-0.0270752
-0.0146457
0.034021
-0.00598434
0.0236556
0.0215376
-0.0094275
-0.0206642
-0.00545539
-0.00212665
-0.00427703
0.00881463
-0.0191165
-0.00430622
-0.000288062
0.0204809
-0.00993846
0.005384
0.0204435
0.0140688
-0.0098462
-0.008878
0.00126613
-0.0105287
0.0114405
0.0144156
0.00283235
-0.00372345
-0.0183986
0.000159541
-0.00748418
-0.00241897
-0.00936075
-0.0238417
0.00011348
0.00716637
0.0130711
0.00588939
0.00522663
-0.0114375
-0.00505037
0.0192519
0.010285
-0.0113248
0.0166712
0.0078619
-0.00972667
0.00834452
-0.0151633
0.00623995
0.0109783
0.0120197
0.028105
-0.00540179
-0.00299539
-0.0240497
-0.00658999
-0.011355
-0.00983737
0.00133152
-0.00333886
0.0203248
0.0206281
-0.00388866
-0.000353975
0.00210134
-0.00875116
-0.00178671
-0.00220356
0.0147706
-0.0114955
-0.00888081
-0.00687081
0.0011519
-0.000680356
0.00562298
0.00322004
0.00057696
-0.00480615
0.00780374
-0.00821699
0.00822653
-0.00928907
0.0192133
-0.0129989
-0.00475669
-0.00252177
-0.0136792
-0.00270975
0.0122607
0.00397332
-0.0285286
0.0074381
0.0143692
-0.01416
0.0168028
0.0167067
0.0134362
-0.0211933
-0.0211933
0.000653707
-0.00519898
-0.000310066
-0.00720487
0.0200818
0.00849718
0.0256451
-0.00527272
0.0295788
-0.0108633
-0.00545747
0.0123629
0.00369195
-0.00998625
0.00865788
-0.00280271
0.00973453
-0.0159535
0.0126968
0.00613667
-0.0145167
-0.0131197
0.0123208
0.0252979
-0.0219256
0.0117924
0.00838902
-0.00489278
-0.0104105
-0.019934
-0.0136627
-0.0113359
0.00498646
-0.000756602
-0.00462274
-0.00919288
-0.00456133
-0.0122404
0.0118678
0.00536963
0.00755208
0.00608666
0.0114784
-0.0131535
-0.0130981
-0.00887322
0.0130353
-0.030117
0.0138735
0.0166448
0.00595114
-0.0110292
-0.0050868
0.00247643
-0.0178547
0.000551476
-0.000861672
-0.00517538
-0.0183363
-0.00899678
0.00398866
-0.00407173
-0.0030105
-0.00399101
-0.0207858
-0.00178767
0.00448489
0.00211338
-0.0133829
-0.00843647
-0.00787483
-0.000200246
0.0059694
-0.00621049
-0.0094995
-4.47528e-006
-0.0143001
0.0155514
-0.00380875
0.015642
-0.0123691
0.0171636
0.0158862
-0.0131983
0.0237422
-0.0125245
-0.00119955
-0.02179
-0.0115648
-0.00341162
0.000630896
-0.0151273
-0.0238859
0.00202643
0.0158142
0.00191128
0.00618569
0.0213507
-0.00144192
0.0110134
-0.0226303
-0.00776613
-0.0270595
0.0102958
0.003396
-0.0302588
0.00452648
-0.0139116
-0.0202681
-0.00457099
0.00186978
-0.00165914
0.00540696
-0.025082
0.00156514
-0.0108772
0.00689044
-0.00680454
0.00570985
-0.000255233
0.0032896
0.0126518
-0.00397442
0.0169481
0.0125858
-0.0190108
0.00846371
-0.0060969
0.00147434
-0.0114037
0.000271122
0.00718531
9.73484e-005
0.0123484
-0.0152695
0.0138225
-0.00964996
-0.00764721
-0.00740288
-0.0221472
0.00548617
-0.00455041
-0.0155544
-0.00272436
0.00083623
-0.0119675
-0.0164967
-0.0183155
-0.0121729
0.00489454
-0.00879535
0.0163744
-0.00319343
-0.00278547
-0.0145562
-0.0169389
-0.0093448
-0.0149587
-0.0157338
-0.00411039
0.000386879
-0.0101763
0.0048499
0.0119313
-0.0073373
-0.0142043
-0.0189138
-0.0073097
-0.00473937
-0.0158638
-0.0268956
-0.0112303
0.00187089
-0.0130046
-0.0202037
0.00954442
0.0275537
0.0223405
-0.00462577
-0.00244895
0.0156477
-0.0134756
-0.0200693
-0.0189803
0.0123819
0.00948183
-0.00464979
-0.0263822
-0.0201486
-0.0105077
0.00164724
-0.00891368
-0.000305126
-0.00493372
0.00887919
0.00814782
0.0200224
0.00192815
-0.00699727
-0.0100818
0.00210028
0.00704948
-0.00564956
0.038177
-0.0144898
-0.0118786
-0.00642939
0.0206915
-0.0162719
0.00106484
0.00998169
0.0213774
-0.00133393
-0.0103315
0.000467224
-0.00470579
-0.0138017
0.017973
0.0019034
0.00754395
-0.0231386
0.00496966
0.0195317
-0.0182019
-0.00380007
0.00550436
-0.00318567
0.00178766
-0.000892972
0.00379164
0.0257454
0.000739885
-0.01786
-0.0245568
0.00591724
0.0073856
-0.00413468
0.00811574
-0.0110019
-0.00329319
0.00553512
-0.00584509
-0.00348592
0.0190113
0.0103646
-0.0219829
0.00508392
-0.00310633
0.0192874
0.0229656
0.013111
0.00923288
-0.0231724
-0.0187419
0.00437723
0.00511131
0.0154515
-0.000726568
-0.0138931
-0.00320656
0.00459053
0.0141088
-0.00270521
-0.0123318
-0.0192051
-0.00314275
0.00746093
0.00840788
-0.0247138
-0.00067013
-0.032112
-0.00367869
-0.0220719
0.0100655
-0.0114107
0.03616
0.00894849
0.010953
-0.011908
-0.00405094
-0.00619547
-0.0276678
0.0146919
0.00187839
-0.0175055
0.0145731
-0.0105414
-0.0110822
0.00777661
0.0015309
0.00556076
0.00125428
-0.0122257
-0.0149171
-0.00678175
-0.0131212
-0.000969817
0.0216789
-0.0207236
-0.0154097
-0.00158599
-0.0423023
0.0116889
0.0204857
0.0115752
-0.0154108
0.0152067
0.00602457
0.0135176
-0.00582414
-0.00933286
0.0173609
-0.0151742
-0.00526622
0.0211623
0.00755107
-0.00276516
-0.000450538
0.00828606
-0.012018
-0.0267773
0.0118645
0.00815991
0.00122179
0.00415436
0.0329323
0.00871579
0.0151419
-0.0240823
0.00623779
0.00573021
0.00894052
0.002519
0.0218593
0.00446866
0.0387291
0.0190704
-0.00116925
-0.0209873
-0.00104402
0.00504464
-0.00320059
0.0170401
0.0163208
-0.0301096
-0.0160486
0.00269476
-0.0173344
0.00403073
0.0238481
0.00618329
-0.00666403
0.00923607
-0.00302337
-0.00537663
0.0156879
0.0168733
-0.0125511
-0.0140341
0.0172244
-0.015887
-0.00880208
0.00458974
-0.00606966
0.00756144
-0.0116177
0.00204926
0.00646051
0.00716478
-0.0112343
-0.0133873
-0.00415451
-0.000185622
-0.0133552
-0.00295861
-0.00517721
0.00749593
0.00429429
0.0194712
0.00715925
-0.0117421
-0.0221676
-0.0121391
-0.00800346
0.00314182
-0.011758
-0.00554177
0.00235583
0.011029
0.00159692
0.00808791
-0.0138587
0.00305685
0.00561235
-0.0129186
0.0231917
-0.0252275
-0.00163177
-0.00125694
0.0125274
0.00372375
-0.00682492
0.0193243
-0.0132209
0.0190254
-0.00288712
-0.00421121
0.0124884
0.00915994
0.00743264
0.00109014
0.00506161
-0.0116241
0.00550792
-0.019437
0.00897751
0.0240412
-0.0243698
0.0164052
-0.00588511
-0.0103267
0.00035591
-0.0135374
-0.00932805
0.00576689
-0.0201917
0.00790894
0.00898715
0.0112318
-0.0201903
0.000155569
0.00218693
-0.00113004
0.00643795
-0.00276284
-0.0124304
-0.0030789
-0.0131044
-0.000159059
0.00947072
-0.0206499
0.025269
-0.00163328
0.000373567
-0.0139962
-0.0252112
-0.0309281
0.0199386
0.00665627
-0.0119869
0.0129982
0.00415815
-0.0153632
0.00949031
0.000482139
0.0100733
-0.00911032
0.00971432
0.0239052
0.0150644
0.0103836
0.0126386
0.00668284
0.00512057
0.00226882
-0.0139136
-0.0138974
-0.0162415
0.00330116
-0.0177258
-0.0176396
0.00470009
-0.0203138
0.00200713
-0.00917863
0.0192268
-0.0172876
-0.0141034
-0.0135691
-0.00219351
0.00346577
0.0216654
-0.0175008
0.0115959
-0.00699264
0.0010901
-0.0155028
0.000837074
0.0222667
-0.0231341
0.0344779
-0.00821296
-0.00900817
0.0255192
-0.0151233
0.0128274
0.00421348
0.00647317
-0.00712551
0.0017361
0.0343032
-0.00355078
-0.0156526
0.00360249
-0.0128464
-0.000144599
-0.00104066
0.0174448
-0.00856095
-0.00990443
-0.0135204
0.0120897
0.000479026
0.0136222
0.0132959
0.00724569
-0.0157409
0.0126102
-0.0251918
0.00400155
0.000699464
-0.0257137
-0.00451128
-0.0159812
-0.00507141
-0.00428595
-0.0033416
0.0135539
-0.0186206
-0.00130386
-0.0186368
-0.00213903
-0.014205
-0.0139169
0.00742804
-0.0194131
0.0055122
-0.0074048
0.00259242
0.00312954
-0.0149527
0.0162482
0.00930649
-0.0141583
-0.0248722
-0.0165305
0.00940605
0.0134398
-0.0248978
-0.00158734
-0.00593964
0.000873992
0.0046484
-0.0049256
0.0096135
0.00853877
-0.00540428
0.00619312
-0.00961794
0.0229495
-0.00325537
-0.00983695
-0.00309561
-0.00360613
0.0155475
-0.00980154
0.00126916
0.0161592
-0.0291158
0.00096749
-0.00468242
-0.00174234
-0.0245705
0.00369898
0.0215233
-0.00260868
-0.00777243
-0.042116
0.00500837
-0.0099359
0.00400913
0.0115612
0.011542
0.0066978
-0.0236126
0.00298027
0.00464604
0.00290406
0.0287144
-0.00114447
0.0152479
0.0269389
-0.0154022
0.0148707
0.0159877
0.0128451
0.0282179
0.00619516
0.00868792
0
0
0
0
0
0
0
0
0
0
0
0
0
0
0
0
0
0
0
0
0
0
0
0
0
0
0
0
0
0
0
0
0
0
0
0
0
0
0
0
0
0
0
0
0
0
0
0
0
0
0
0
0
0
0
0
0
0
0
0
0
0
0
0
0
0
0
0
0
0
0
0
0
0
0
0
0
0
0
0
0
0
0
0
0
0
0
0
0
0
0
0
0
0
0
0
0
0
0
0
0
0
0
0
0
0
0
0
0
0
0
0
0
0
0
0
0
0
0
0
0
0
0
0
0
0
0
0
0
0
0
0
0
0
0
0
0
0
0
0
0
0
0
0
0
0
0
0
0
0
0
0
0
0
0
0
0
0
0
0
0
0
0
0
0
0
0
0
0
0
0
0
0
0
0
0
0
0
0
0
0
0
0
0
0
0
0
0
0
0
0
0
0
0
0
0
0
0
0
0
0
0
0
0
0
0
0
0
0
0
0
0
0
0
0
0
0
0
0
0
0
0
0
0
0
0
0
0
0
0
0
0
0
0
0
0
0
0
0
0
0
0
0
0
0
0
0
0
0
0
0
0
0
0
0
0
0
0
0
0
0
0
0
0
0
0
0
0
0
0
0
0
0
0
0
0
0
0
0
0
0
0
0
0
0
0
0
0
0
0
0
0
0
0
0
0
0
0
0
0
0
0
0
0
0
0
0
0
0
0
0
0
0
0
0
0
0
0
0
0
0
0
0
0
0
0
0
0
0
0
0
0
0
0
0
0
0
0
0
0
0
0
0
0
0
0
0
0
0
0
0
0
0
0
0
0
0
0
0
0
0
0
0
0
0
0
0
0
0
0
0
0
0
0
0
0
0
0
0
0
0
0
0
0
0
0
0
0
0
0
0
0
0
0
0
0
0
0
0
0
0
0
0
0
0
0
0
0
0
0
0
0
0
0
0
0
0
0
0
0
0
0
0
0
0
0
0
0
0
0
0
0
0
0
0
0
0
0
0
0
0
0
0
0
0
0
0
0
0
0
0
0
0
0
0
0
0
0
0
0
0
0
0
0
0
0
0
0
0
0
0
0
0
0
0
0
0
0
0
0
0
0
0
0
0
0
0
0
0
0
0
0
0
0
0
0
0
0
0
0
0
0
0
0
0
0
0
0
0
0
0
0
0
0
0
0
0
0
0
0
0
0
0
0
0
0
0
0
0
0
0
0
0
0
0
0
0
0
0
0
0
0
0
0
0
0
0
0
0
0
0
0
0
0
0
0
0
0
0
0
0
0
0
0
0
0
0
0
0
0
0
0
0
0
0
0
0
0
0
0
0
0
0
0
0
0
0
0
0
0
0
0
0
0
0
0
0
0
0
0
0
0
0
0
0
0
0
0
0
0
0
0
0
0
0
0
0
0
0
0
0
0
0
0
0
0
0
0
0
0
0
0
0
0
0
0
0
0
0
0
0
0
0
0
0
0
0
0
0
0
0
0
0
0
0
0
0
0
0
0
0
0
0
0
0
0
0
0
0
0
0
0
0
0
0
0
0
0
0
0
0
0
0
0
0
0
0
0
0
0
0
0
0
0
0
0
0
0
0
0
0
0
0
0
0
0
0
0
0
0
0
0
0
0
0
0
0
0
0
0
0
0
0
0
0
0
0
0
0
0
0
0
0
0
0
0
0
0
0
0
0
0
0
0
0
0
0
0
0
0
0
0
0
0
0
0
0
0
0
0
0
0
0
0
0
0
0
0
0
0
0
0
0
0
0
0
0
0
0
0
0
0
0
0
0
0
0
0
0
0
0
0
0
0
0
0
0
0
0
0
0
0
0
0
0
0
0
0
0
0
0
0
0
0
0
0
0
0
0
0
0
0
0
0
0
0
0
0
0
0
0
0
0
0
0
0
0
0
0
0
0
0
0
0
0
0
0
0
0
0
0
0
0
0
0
0
0
0
0
0
0
0
0
0
0
0
0
0
0
0
0
0
0
0
0
0
0
0
0
0
0
0
0
0
0
0
0
0
0
0
0
0
0
0
0
0
0
0
0
0
0
0
0
0
0
0
0
0
0
0
0
0
0
0
0
0
0
0
0
0
0
0
0
0
0
0
0
0
0
0
0
0
0
0
0
0
0
0
0
0
0
0
0
0
0
0
0
0
0
0
0
0
0
0
0
0
0
0
0
0
0
0
0
0
0
0
0
0
0
0
0
0
0
0
0
0
0
0
0
0
0
0
0
0
0
0
0
0
0
0
0
0
0
0
0
0
0
0
0
0
0
0
0
0
0
0
0
0
0
0
0
0
0
0
0
0
0
0
0
0
0
0
0
0
0
0
0
0
0
0
0
0
0
0
0
0
0
0
0
0
0
0
0
0
0
0
0
0
0
0
0
0
0
0
0
0
0
0
0
0
0
0
0
0
0
0
0
0
0
0
0
0
0
0
0
0
0
0
0
0
0
0
0
0
0
0
0
0
0
0
0
0
0
0
0
0
0
0
0
0
0
0
0
0
0
0
0
0
0
0
0
0
0
0
0
0
0
0
0
0
0
0
0
0
0
0
0
0
0
0
0
0
0
0
0
0
0
0
0
0
0
0
0
0
0
0
0
0
0
0
0
0
0
0
0
0
0
0
0
0
0
0
0
0
0
0
0
0
0
0
0
0
0
0
0
0
0
0
0
0
0
0
0
0
