0.00630758
0.00565023
0.00408811
-0.000240878
0.00859627
0.00645733
0.0302906
0.0129458
0.00711104
0.0246461
0.0213123
0.0157665
0.00414495
-0.0108407
0.00160876
0.00919207
0.00445402
0.00484762
0.0282907
0.0240001
0.0251018
0.00896026
0.016311
0.00531708
0.0182763
0.00918573
0.0209174
0.0102007
0.0331813
0.0207755
0.00137057
0.0027653
0.0163966
0.00288614
0.0114237
0.0114269
-0.00399586
0.00700287
0.00225709
0.0254868
0.00912296
0.0117754
-0.0163236
0.00904816
0.0193718
0.0185166
-0.00483526
-0.00325093
0.0221808
0.00523186
0.00922643
0.0172603
0.00283853
0.0214949
0.00200321
0.00422924
0.00992472
-0.0173115
0.0110455
0.00913036
0.00658572
0.0141449
0.0109166
0.00925281
-0.000569093
0.0116336
0.0027251
0.017977
0.00201749
0.00866884
-0.00592422
0.0112754
0.00778557
0.00352566
-0.00300102
0.0149932
0.0136117
-0.00919932
0.00432841
0.00298773
-0.00463271
0.00112128
-0.00965725
0.0338791
0.00470012
0.00698414
-0.00794678
-0.0057798
0.0199913
-0.00146344
0.0118449
0.000720977
0.00599532
0.00957125
0.0244583
-0.00902598
-0.0136425
0.0151137
0.0132037
0.00536575
0.0150457
0.00273733
-0.00423712
0.0158061
0.013041
0.000125884
0.0121993
-0.000677806
0.00275388
0.0457505
0.0280976
0.0200641
0.0302934
0.0171759
-0.00659321
0.0170178
0.00765433
0.0246262
0.0115912
0.0118105
0.0066769
-0.0109986
0.0228471
-0.00164957
-0.00700878
0.0163963
-0.0104982
0.00597238
0.0304849
0.00107075
0.00766631
0.0156801
0.00629217
0.0201522
0.0238161
-0.00270227
-0.004956
0.0137085
0.0360107
0.0220174
0.0156094
-0.00265542
-0.000880012
0.0386383
0.0107567
0.00704605
0.01439
0.0110295
0.00470855
0.0117359
0.0199092
0.0135546
0.00432427
0.0200334
0.0114312
0.0165623
0.00643872
0.0172112
0.0133644
0.0148697
0.0122854
0.0220962
0.0270579
0.0168201
-0.0156155
0.00470879
0.032671
0.00401871
-0.00806234
0.0153619
0.0163809
0.0301961
0.0185752
0.00578154
0.00659905
-0.000567965
-0.00302762
0.0246825
-0.0044198
0.0179118
0.0103803
-0.00532966
0.0173975
0.0144967
0.00136859
0.0179841
-0.000530943
0.00525691
0.00582092
0.00566262
0.000962106
-0.00339285
-0.00196616
0.00638567
0.0226669
0.00911054
0.00848348
0.0165803
0.00872219
-0.000418778
-0.00251287
-0.0202712
-0.0112477
0.000205198
0.00145866
-0.0152698
0.00372394
-0.0200024
-0.00351322
-0.00610712
0.00860917
0.0123184
-0.00820031
-0.00414042
-0.0165501
0.0314448
-0.00137856
-0.0154531
0.00594053
-0.0219836
0.00176407
0.00983259
0.00889954
-0.00121886
-0.0162895
0.00603679
0.0334631
-0.00465096
0.0189194
0.00503041
-0.0206034
-0.00546165
0.00116113
0.0286863
-0.00312401
-0.00654493
-0.00415895
0.0252301
0.0210912
0.0204139
0.0193681
0.0228248
0.0035821
-0.00420794
0.0167666
-0.00450189
0.00837634
-0.00863437
-0.00353409
0.0257941
0.0161441
0.0042944
0.00708762
0.0087637
0.0267732
0.0152933
0.023822
0.0106112
0.00612144
0.00143765
-0.00758042
0.0259732
0.00379302
-0.00375339
0.010475
0.00565855
0.00989144
0.0291063
-0.00852263
0.00622462
0.0024559
0.00890418
0.0113051
-0.00636545
0.0220519
0.010863
0.0217966
-0.0119452
-0.00580523
0.00581779
0.0168875
0.00594027
0.0019075
-0.00285252
0.0142732
0.0200153
0.00417932
-0.00988968
0.0122096
0.00973038
0.00407004
-0.0073222
-0.0031023
-0.00914612
0.0314071
0.0104179
-0.00813686
-0.0145336
0.00612532
0.017514
0.0181212
0.00638556
-0.0155242
-0.00348302
-0.00221116
-0.0185327
-0.00868509
0.00156132
-0.0296426
-0.012115
0.000579137
0.00478315
-0.00560928
-0.00624159
-0.00219987
-0.0039566
0.0140136
0.0202942
-0.00227604
-0.0135948
0.00279505
0.0141779
0.0127362
-0.01768
0.0646791
-0.00559489
-0.0149114
0.0568306
0.0157777
-0.0466755
0.0239855
0.0617954
0.00593705
-0.0305926
-0.0309897
-0.00858093
-0.0131974
-0.0126256
-0.00855614
-0.00139371
0.0101757
0.00140487
-0.00978713
-0.00721073
0.00340278
0.00944437
-0.0178891
-0.0148071
-0.0174611
-0.00204461
-0.00311477
0.00653532
-8.07698e-005
-0.0243499
-0.00216147
0.0185934
0.00742459
-0.0109767
-0.00753291
0.0364249
0.0236218
0.00415136
0.00275073
0.00890769
0.00365719
-0.000469693
-0.00163325
-0.00414738
-0.0246456
-0.0137755
-0.0242492
0.00445676
-0.000387702
0.0164416
0.00862465
-0.0327826
-0.0103216
0.00638906
0.00594932
0.00778889
-0.0177421
-0.00194909
0.0110365
0.0337281
0.00906396
-0.0154316
-0.0104082
0.010273
0.0170003
-0.0116518
-0.0028388
-0.0250214
0.0240916
0.00459474
0.0196584
-0.00650476
0.0143196
-0.0120546
-0.0346421
0.00207719
0.0196036
-0.00783229
-0.0182243
0.00234776
0.0133915
0.0111791
0.0206052
0.0155884
0.0269499
-0.0113274
-0.00794706
0.01371
0.00589538
0.00405651
-0.00594926
-0.0178801
0.025355
-0.00995825
-0.0153715
-0.028437
-0.0171889
-0.0246825
0.00505805
-0.00261697
0.00337407
-0.00762858
-0.015453
-0.0156364
0.0354539
0.0109187
-0.00114275
-0.00748443
-0.015786
0.0188455
-0.00464121
0.024318
-0.00526729
-0.00421086
-0.0183221
-0.0104651
-0.00149501
0.00815017
-0.0364667
-0.0170486
0.00657044
-0.00138925
-0.0321814
-0.0309772
0.00261832
0.0116205
-0.0222222
0.0269448
-0.00296773
-0.0198344
0.0155638
0.0174438
0.00991481
-0.0128446
-0.00697454
0.00315834
-0.00732234
0.00775823
-0.0195778
-0.0204344
-0.0116653
-0.011598
-0.00152912
0.00265064
0.00512844
-0.00957206
-0.003812
0.0155512
0.00612203
-0.00167987
0.00308486
-0.0226431
0.0152054
0.00751666
0.0149038
0.0103508
-0.010887
-0.00432249
0.00889311
-0.000282618
-0.0248547
-0.0151592
-0.000332927
0.0170035
-0.0226424
-0.0173828
0.00276528
-0.0200486
-0.0254289
-0.00388789
0.0102943
-0.0228844
0.000624616
-0.00155087
-0.00591549
0.010339
0.00285919
0.00640762
0.0115448
-0.00712728
-0.0132293
0.0279074
0.00894281
-0.0124246
-0.0157545
0.0161121
0.00669006
-0.0122933
-0.00655529
-0.0236422
0.00428086
0.0196011
-0.000661674
0.0137935
0.0234562
-0.00422816
-0.000199034
-0.00440798
0.0250669
0.0197849
0.00208991
0.0143203
-0.000869615
-0.016418
-0.0272084
-0.0109491
-0.00980141
-0.0101867
-0.0279642
0.00672523
-0.00625118
-0.000286345
0.0031882
-0.00298295
0.0111846
-0.00889371
-0.0120145
-0.0107815
-0.00586598
0.0139953
0.0178041
0.00808954
-0.000465426
-0.0105817
0.0218886
0.00634782
-0.0131962
0.000562347
0.0147004
-0.0249863
-0.000760624
0.0191446
0.0224679
-0.00569839
-0.01631
0.0213712
0.0105011
0.0107603
0.0150801
0.00106008
0.0304108
-0.0137365
-0.0144688
0.0292897
0.0153117
-0.00935165
-0.0183612
-0.0108148
0.00141206
0.00846558
-0.00719092
-0.0459081
-0.0238878
0.0148483
0.00299998
-0.0134869
-0.0410541
-0.00389385
-0.00134346
0.0234083
0.0158809
0.0121377
-0.00986952
0.000203138
-0.0281332
-0.00304263
0.00436811
0.0274885
-0.00204555
-0.0328153
0.0205785
0.00789659
-0.0319089
-0.0485775
-0.0117497
-0.0189751
0.0135077
-0.0114903
-0.00367635
-0.0142761
-0.0127166
0.0217724
0.00717026
-0.00955093
0.0123233
0.0231709
-0.00574404
-0.00982811
-0.00855404
-0.0270238
-0.00539409
0.00907845
0.0129975
-0.0243325
-0.0246159
0.000642619
-0.0124267
-0.00696235
-0.00262644
0.00186639
-0.0435729
-0.0427283
-0.00978546
-0.0247044
-0.0141533
-0.00373737
-0.0211969
-0.00561073
0.0189648
3.08878e-005
-0.0183356
0.000371349
0.0021324
0.00223437
0.0161041
-0.00937964
-0.0189366
0.0138366
0.00219704
0.0144551
-0.000771103
0.00201275
-0.00479873
0.00791765
0.0237262
0.00520016
-0.000839302
-0.00386744
-0.0113398
-0.0156255
-0.000865505
0.0118387
-0.0029414
0.0176761
-0.0162377
-0.00737575
-0.00580125
0.00628123
0.00793075
-0.0244615
0.00516347
0.0114822
-0.0029367
-0.00986512
-0.001737
-0.00434405
0.00812215
0.00494178
0.0170428
-0.00956661
0.0129217
0.00018186
0.00284716
0.0200677
-0.00218517
0.00264164
-0.0246646
-0.0111766
0.00623031
0.00247894
-0.00129277
-0.0138162
-0.0090807
-0.0211741
0.00465466
-0.00982622
-0.0150249
-0.00392408
0.0113933
-0.00792183
-0.0132191
0.00719777
0.00149335
-0.0301035
-0.0154152
0.00148204
0.0182327
6.2112e-005
0.00221282
0.0138358
0.00917721
0.0133896
0.013042
0.00300082
-0.00218389
0.00566404
0.00760883
0.00471186
-0.0166657
-0.0133187
0.0145657
-0.00129483
0.00184252
0.0187222
0.0105627
-0.00505906
0.0176286
0.0193383
0.00201793
0.00265769
-0.00185098
-0.018846
-0.0150325
-0.00319374
-0.0101786
-0.0318712
-0.015392
-0.0152335
-0.00935301
0.0259261
0.00195271
-0.000260597
-0.0190498
-0.0118403
-0.00660983
0.0153166
-0.0134126
-0.0258977
-0.0161721
0.00698354
0.00707428
0.016232
-0.0149345
0.0181743
-0.0030328
0.00475767
0.00392783
-0.00951472
0.000632903
0.00942296
-0.0108825
0.0387747
0.0149793
-0.0177748
-0.00658897
0.00732924
0.0237302
0.0304442
0.00608369
-0.0207467
-0.0210722
0.00801087
-0.00539059
-0.012999
-3.61819e-005
0.00722215
-0.00191464
0.00684018
0.00484195
0.00306788
0.014112
-0.0214315
-0.0291294
0.000863155
0.0206477
0.00765232
-0.00212276
-0.00266461
0.00595877
-0.00449009
-0.000881827
-0.00978289
-0.0102823
0.00966205
0.0195397
0.0018793
-0.00050321
-0.024161
-0.0137919
-0.0116433
-0.00336841
0.0160172
-0.0114065
0.0110852
-0.00356514
0.00971153
-0.00740929
0.00726837
-0.0157055
0.00831075
0.00721246
0.00443214
0.0148599
0.0220756
-0.00892573
0.000648454
0.0321701
0.0299982
0.00780549
0.0233048
0.00722935
0.0145688
0.0213736
0.0298017
-0.000871957
0.00580154
0.0251374
0.00936008
0.0328397
0.0194912
0.00400861
0.00774449
0.00707069
0.0164096
0.018422
0.0183603
0.0230509
0.00167743
0.0109463
0.0264584
0.0133109
0.0227952
0.000206216
0.0363564
0.00611158
0.0250639
0.0106163
0.0148985
0.016164
0.00994383
0.0374809
0.00154592
0.0151563
0.0129007
0.00168245
0.0201824
0.0324152
0.0116214
0.00445128
0.00607513
0.020288
0.0125647
0.0183177
-0.00439951
-0.0115877
-0.00112607
0.0190478
0.0234681
0.0247915
-0.00503642
-0.00214325
0.00813434
0.0275484
0.0124183
0.00265641
-0.00352613
0.0113795
0.00795751
0.00702575
-0.0129687
0.00447656
0.0201871
0.00202836
0.0185309
0.0168329
0.00392281
0.00593215
0.0132345
0.020605
0.0197232
-0.00184594
0.00374932
0.00262979
0.000586868
0.0174758
0.0161024
-0.0158904
0.00802777
0.0198623
0.0138401
0.0118366
0.0211413
0.0115393
0.00795136
0.0139435
0.0114887
0.0174497
0.00163491
0.0185968
-0.0182236
0.00437282
0.00986384
0.0121552
0.00565227
0.000502603
-0.00374678
0.0210483
0.0362711
0.000530922
0.0272851
0.0177111
0.00954446
0.0179372
0.0037566
0.0112554
-0.00194106
0.0120915
0.00882756
0.0346846
0.0127047
0.0103548
-0.00240961
0.0100638
0.0157997
0.0241821
0.0151106
0.017572
-0.00569385
0.00395076
0.00969116
0.00259566
0.0108994
-0.0110374
0.00326182
0.0363048
0.0236635
0.0097851
0.0113188
0.0107544
0.00282306
0.000264297
0.000129233
-0.00136026
0.0143829
-0.00337175
-0.00777334
0.00438869
0.00763252
-0.010073
0.0263917
0.025444
0.00554749
0.0224182
0.00278121
-0.00337894
-0.00807315
0.0155534
0.031124
0.0282909
0.00259075
0.0186456
0.029023
0.0152355
0.00646283
-0.00519592
0.00448683
-0.00336762
0.0101966
0.012026
0.00761752
-0.000623952
0.0178998
0.0121952
0.00697378
0.015406
0.0179203
0.0227877
-0.000760094
-0.0113252
0.0164656
0.0295002
-0.00809331
-0.00816057
0.0171226
0.0160669
0.0281925
0.000410191
0.0149678
0.00609213
0.0124108
0.00970594
0.0200731
-0.00370782
0.0307104
0.00252434
0.00763601
0.00781267
0.0118104
0.0159439
-0.00171056
0.0161011
0.00266182
0.0159231
0.00564026
-0.00162991
0.0070844
0.0118539
0.00410791
0.00234477
-0.0109079
0.00355363
0.021707
0.0310694
0.00183756
0.00403112
0.0131808
-0.00160449
0.0154714
0.0117548
0.00584114
0.00332328
0.00155612
0.00823863
0.0102821
0.00449636
0.0184517
0.00924991
0.00157934
0.017118
0.0138856
0.0167514
0.00228481
0.00438782
0.0140918
0.00538464
0.00928397
-0.00321245
0.0134651
0.00784538
0.00516163
0.0160237
0.00163048
0.0288557
0.0070253
0.0128368
-0.00407935
0.0194852
0.0108741
0.0215959
0.00236451
0.0200272
0.00128177
0.0264461
0.00356514
0.00418382
-0.00259362
0.013791
0.00960982
0.0299855
0.00766949
0.0145587
0.01223
0.0350379
0.0179628
0.00826466
0.0075871
0.00202674
0.0103674
-0.00455157
0.00600891
-0.00398645
0.00147554
0.0165515
-0.00368102
0.0141343
0.0139273
0.00406809
-0.0094602
0.0177233
0.0192207
0.0331097
0.00392292
0.00491689
-0.00201569
-0.0075303
0.0104484
0.0064399
0.000487545
0.000611149
0.0243096
0.022413
0.0159408
0.000831163
0.0192466
0.0176474
0.017067
0.0205904
0.0132318
0.0194629
-0.0102434
-0.00446323
-0.00480191
0.00436132
-0.00257176
0.00748495
-0.000123514
-0.000636421
0.0344773
0.00891476
0.000454635
-0.00822061
0.00981715
0.0277172
0.0159987
0.00374684
0.0163624
0.0221532
0.00129475
0.0315057
0.013741
-0.00812256
-0.0125927
0.0186249
0.00523685
0.00823648
-0.00346845
-0.00924219
-0.00627414
0.0239527
0.0292498
-0.00282419
0.00751692
-0.0028814
0.010588
0.0152763
0.0134795
0.0068308
-0.0210226
0.00426061
0.0176616
0.0208001
0.00149239
-0.0107337
-0.00980421
-0.00444361
0.034202
0.0179031
0.018878
-0.00577099
0.00614234
0.0120556
0.0056589
0.0215541
0.00529093
-0.00422204
0.0166645
0.0114435
-0.0253362
0.00609531
0.0190847
-0.00929964
0.0209355
0.0263454
0.012122
0.00190225
-0.0187995
-0.00324467
0.018498
0.0189993
0.0102794
-0.00440833
0.00443672
0.0156201
0.00879893
0.00355019
-0.0053307
-0.0165302
0.00021955
-0.00261194
0.0185152
0.0218437
0.0023936
-0.00216972
-0.00580793
0.00367006
0.0195007
0.00653211
-0.00301914
-0.00445215
0.00533884
-0.00880299
0.0145754
0.00150109
-0.00488767
0.00248549
0.0255594
-0.0121784
-0.000882552
0.00835852
0.0173898
0.0172469
-0.0123541
-0.0136642
0.0131535
0.017663
0.000253594
0.00294562
0.0155921
0.0196516
0.0229718
0.0067538
0.0217036
-0.0204331
0.00943711
0.0252215
0.0125267
-0.00171495
0.0235119
0.0169204
0.0148399
-0.0213253
0.0180668
-0.0126405
0.00271047
0.00426402
0.00410147
0.00237995
0.0257584
0.0219664
0.0220785
0.0314982
-0.00618063
0.000750959
0.00185007
0.0219399
0.00690584
0.0128467
0.0147548
0.00998985
-0.0138322
0.00461101
0.01013
-0.00183896
0.0220849
0.0109008
0.0175903
-0.0083036
0.0038003
0.017854
0.00309245
0.00971559
0.0188361
0.00733148
-0.0116072
-0.00904514
0.0158357
0.017919
0.008998
0.0218972
-0.00594013
-0.0258487
0.0018286
0.0112595
0.014738
0.011957
0.0203443
-0.00725688
-0.00566415
0.0265798
0.0218216
0.00991928
0.0104087
-0.00284879
0.00523902
-0.013135
0.00251191
9.29925e-005
0.0334539
0.00219695
0.0102179
0.0115975
0.0079884
-0.00379057
0.0219882
-0.0233949
-0.00360229
0.0153897
0.00767472
-0.0061187
-0.00510847
-0.00714397
0.0117519
0.00768708
0.00422919
0.00973296
0.0198131
0.00296231
-0.00576737
0.00056282
0.00986203
0.0112924
0.0137222
0.006713
0.00393988
-0.00352477
-0.00322504
0.00229955
0.0312864
0.019357
-0.011833
-0.00559884
0.000233748
0.03173
0.0248531
-0.00464378
-0.0147114
0.0139215
0.0204782
-0.00637198
-0.00711884
0.00672048
-0.00921248
-0.00389653
-0.00912378
0.0297365
0.0200957
6.40881e-005
0.015919
0.0323656
0.018587
-0.0146089
-0.00768804
0.0129176
0.0143097
0.00897866
0.00150652
0.027479
0.0116585
-0.00162236
-0.00795505
0.023164
0.0142692
-0.00201594
-0.0159221
-0.00390316
0.0239829
0.00180263
0.000764648
-0.000407424
0.0120734
-0.00867875
0.00585951
0.009718
0.0196908
-0.0290206
-0.00401931
0.0129827
0.0280748
-0.00846265
-0.0178907
0.00873876
0.0226087
-0.00596075
-0.0095831
0.0219054
0.0187128
-0.0258776
-0.00401361
0.020795
0.0159586
-0.022515
-0.0291125
0.0272276
0.00911298
-0.0101818
-0.000503641
0.00212679
0.0107539
-0.00111245
0.0122038
-0.0126236
0.0182261
0.0143208
-0.00716665
0.00360359
0.0104162
-0.00644783
0.00472852
-0.00631126
-0.0216036
0.0202852
0.0252359
-0.0195124
0.00801372
0.0130863
0.00374462
0.0324905
-0.00172399
0.00547685
-0.0028092
0.0143947
0.00808769
0.00248774
0.00866552
-0.00836354
0.0264357
0.0220325
-0.018935
0.0105887
-0.00436842
-0.00993833
0.00659077
-0.00601654
-0.00654603
0.0129792
0.00840243
-0.00678904
0.0122155
0.0196501
0.00909354
0.012339
-0.000598902
0.00104867
0.0203876
0.0109129
-0.0080334
0.0182813
0.00737669
-0.0134652
0.0364055
0.00260623
-0.00215609
0.0244649
-0.0116468
-0.00159709
0.0294088
-0.0132073
-0.0115571
0.00787107
0.00915852
-0.00679027
0.0137858
0.000516646
-0.00970931
0.0167699
0.0158783
0.00318875
0.00436001
0.0031374
-0.018297
0.0298349
0.00712282
-0.00592178
0.00210092
0.00211162
-0.0292649
0.0205758
0.00381085
0.000821835
0.0271543
-0.0035992
-0.00940756
0.0334556
-0.0115154
0.00135847
0.00239314
0.020742
-0.00932998
0.0134269
0.00352878
-0.00343714
-0.00551033
0.00133811
0.0122406
0.0209637
0.00553526
-0.0155286
0.0226601
0.0107987
0.00102007
0.0397831
0.0130606
-0.00845994
0.00742338
0.0117482
-0.0156622
0.00478562
0.0222405
-0.00666906
0.0371717
-0.00417999
-0.00578721
0.0301119
-0.0236191
-0.0162922
0.0293979
0.00984367
-0.0123011
-0.00561372
0.00656771
-0.0306449
0.0337545
0.0141917
-0.0177122
0.00289388
-0.00735373
0.0149478
0.00480026
0.00388524
-0.00686432
-0.0255809
0.00518017
0.00776113
0.007856
0.00272356
-0.0342723
0.00825793
0.00201021
0.00299703
0.0188792
-0.00393905
-0.00846339
0.00835243
0.0188037
0.00513117
0.0113598
0.0101498
0.0015132
-0.009322
-0.00541502
-0.00627399
-0.0196172
0.000676338
0.00946338
-0.00965803
0.0232823
0.0236945
0.00354343
-0.0288415
0.0059049
0.0134551
0.00450099
0.0112074
0.00335187
0.01651
0.0186079
-0.00188862
0.0101441
-0.0126748
0.0109102
-0.00160119
0.0176916
-0.0085745
0.00338694
0.000316465
0.00253734
-0.00184005
0.0168152
0.00472007
-0.0057498
-0.0123181
0.0125603
0.0121392
-0.00309667
0.0195362
-0.00105068
0.000837853
0.00502595
0.0139641
0.0332112
0.0172815
-0.000789041
0.00927124
0.0344132
0.021074
0.0128898
-0.00609947
0.001502
0.00967891
0.00382263
0.0196558
0.00741658
0.0203727
-0.00574576
0.00748318
0.00551198
0.00935056
0.016545
0.0192218
0.0396667
0.00270644
0.020469
0.00979485
0.0105383
0.00427897
-0.00113368
0.0231688
-0.00580623
-0.00601894
-0.00441906
0.00691916
0.0230877
0.0108263
-0.00323998
-0.00216084
0.0176073
-0.0076376
0.0174781
0.00963889
-0.0109938
0.00875119
-0.00768745
0.0199992
0.0187924
0.0147749
0.0291974
-0.00572293
-0.00128597
0.0349336
0.0136482
0.00115824
-0.00314125
0.00448146
0.0114273
0.00985123
0.00809665
-0.00862961
-0.00386698
0.00348702
0.0170907
-0.00664006
-0.0155841
-0.0206219
0.00120351
0.00218797
0.0137219
0.00608485
-0.0114542
0.00680912
0.019804
0.0184381
-0.00712048
-0.00348082
0.0105059
-0.0200834
0.0018694
0.00262931
5.2483e-005
0.00605148
-0.0143812
-0.0167481
0.0233994
0.0193686
-0.00214859
0.00400966
-0.00853464
-0.00516378
-0.013267
-0.0193253
0.00115072
0.0109295
0.00507562
0.00512355
0.00669469
-2.72403e-005
0.0180277
0.000238953
0.00842283
0.00463409
-0.000512408
-0.0183898
0.00346229
-0.0191067
0.0185342
0.00933874
0.0143572
-0.0221787
-0.00430156
0.0208867
0.00541618
-0.00442215
-0.0237367
-0.0158915
0.0151655
0.000855749
-0.00328717
-0.00263952
0.0119232
-0.00625233
0.0165439
0.0143652
0.00212365
0.00971431
-0.0103615
-0.00975866
0.0140619
-0.00306374
0.00342469
0.0174773
-0.023389
0.0273813
0.024741
0.0146197
0.000644863
-0.00469589
0.0275151
0.0388552
0.0110418
-0.0058282
0.00535605
-0.0172985
0.000239098
0.0302288
0.000861746
0.00134417
0.00504263
0.0149201
0.00826515
0.01735
0.0204613
-0.00662762
-0.0211868
-0.00375452
0.0135372
0.0166312
-0.000500177
0.00426399
0.0105103
-0.00769904
0.00248213
0.0176242
-0.016145
-0.00573545
0.00965926
0.00347945
-0.000799461
0.00239857
0.00720121
-0.0168527
0.0180156
0.00680227
0.00353428
0.0164217
-0.0151142
-0.00159715
0.00976295
0.00241086
-0.00180439
0.0272919
0.00225359
-0.00040936
0.0134524
0.0166101
-0.00234198
0.00249764
0.00427502
0.00401756
0.0195431
0.00647434
-0.0103046
0.0192768
0.0232057
0.00764473
0.0323236
0.014527
-0.0144304
0.00541852
6.1644e-005
-0.023945
0.0177844
0.00603734
-0.0117161
0.00523698
0.0207389
0.0273929
0.0188466
-0.0133868
-0.0105584
0.0266538
0.0236627
0.00477348
0.00238802
0.0171815
0.00695232
0.0142654
0.0241321
-0.0181621
0.0187455
0.0269951
0.00341849
0.0424787
0.010289
0.000943078
0.035794
-0.000886588
-0.0146915
0.0281798
0.0188348
-0.00249545
0.0066817
0.00544419
-0.00192579
0.0121812
-0.0158883
-0.00934283
-0.000371451
0.00859433
0.0165796
0.0059965
-0.00357482
-0.0264706
0.0103528
0.018891
-0.0136274
0.0160757
0.0122372
0.0043694
0.0332514
0.0344354
-0.00217726
0.00289007
0.00616719
-0.0290577
0.0228589
0.00851432
-0.00249736
-0.00511222
0.0151639
0.00294521
0.0310059
0.0248006
-0.0277623
0.0355465
-0.00279644
-0.00403114
0.0292116
0.00453622
-0.0233936
0.00166439
0.00796735
-0.00295891
0.0248074
0.0165755
-0.00883693
0.00719967
-0.00168286
-0.00750008
0.0112679
0.00689604
-0.0135204
0.0199003
0.0151971
-0.0066161
0.00458896
-0.00553764
0.0107503
0.0134535
0.0131772
0.0050012
0.0245881
0.0180362
-0.00705602
0.0319757
0.0119577
-0.02058
0.00574343
0.00439599
-0.00041061
0.0314177
0.0124865
-0.0162548
-0.0165971
0.00844767
-0.0170524
0.0159674
0.017301
-0.0258373
-0.0180071
0.0162944
-0.0111141
0.0174896
0.0113348
-0.019985
0.0257503
0.0155907
0.0103887
0.00545545
0.0116283
-0.00708344
0.00453149
0.00729046
-0.011269
0.000875989
0.011481
-0.0204688
-0.0025479
0.030636
-0.00166783
0.0175646
-6.46036e-005
-0.0216856
0.0146127
0.0182667
-0.011488
-0.00797342
0.00617442
0.0160163
0.0181524
0.043287
0.0124045
-4.58441e-005
0.0251129
0.0254735
0.0184163
0.0231898
0.0124556
0.017065
0.0136503
0.00125554
0.00200174
-0.0104595
-0.000700376
0.00771397
0.00364662
0.0294295
0.0161033
-0.0104035
0.0120153
0.011516
0.0202501
0.0415319
0.013498
0.0122354
0.0170726
0.0234342
0.010747
0.00278856
0.00464374
0.0055586
0.00972881
0.00945611
0.00628816
0.00747186
-0.0162978
0.00780795
0.0173218
0.0186234
0.0190742
0.0118992
0.0150786
0.0114201
0.0287906
0.0321966
-0.00804086
-0.00289624
0.00701544
0.00350217
0.014325
0.0197853
0.0200501
0.00447497
-0.000747163
0.0211021
0.0223887
-0.000938407
-0.0171726
0.00940378
0.0264869
0.0121077
0.00861819
-0.0155584
0.02823
0.0127854
-0.00187451
0.0260772
0.0177401
0.0147265
-0.00583973
0.0156502
0.0214932
0.0162603
-0.00375116
-0.008539
0.0147135
0.0078782
0.0309477
-0.00788486
0.0103739
-0.00660775
0.0274978
0.0190646
-0.00410236
0.00270984
-0.00969802
0.0107369
0.0124855
0.0272984
0.0174815
0.00731741
0.00855835
0.000704262
0.00896481
0.0192676
0.0165233
-0.0099027
0.00313647
0.0204291
0.0147719
0.00471372
0.01361
0.0179841
0.00229686
0.0107701
0.00850985
0.0216103
0.013068
0.00802344
0.0122067
0.00481287
0.00533272
0.0234765
-0.000600727
-0.00026193
0.0060528
-0.00140696
0.0140796
0.0218167
0.00777443
0.0130507
0.0158468
0.0220941
-0.00876688
-0.0114437
0.016768
0.0431482
0.00306973
0.0180765
0.0198138
0.013606
0.00299851
0.0115685
-0.0128324
0.00291197
0.00325714
0.0106821
0.0122292
0.0207693
0.0157194
9.26227e-005
0.00220844
0.0120434
0.0100028
0.00467242
0.00816451
0.0034782
0.00589617
0.0101247
0.0183797
0.0157127
-0.00578728
-0.0187566
-0.0133486
0.00590255
0.02036
0.014579
0.0103522
0.0116168
0.00940084
0.000282671
0.0114094
-0.0134045
0.00150775
-0.000864127
-0.0311778
-0.011571
-0.0290588
0.00953309
-0.0170156
-0.00585233
-0.0168144
0.00785118
-0.0203899
-0.00865551
0.00663048
0.00802285
0.0268385
0.0466453
0.0300641
0.0254773
0.0326991
0.0271671
0.00774948
-0.0130867
-0.0158967
0.00184424
0.000983351
0.0258637
-0.00118044
-0.00137603
-0.00159786
-0.000132857
0.0229065
0.0148361
0.0246813
0.0348939
0.029181
0.0133247
0.0378085
0.0259179
0.0355264
0.00920185
0.014508
0.030173
0.00682958
-0.0189548
-0.0222508
-0.0371396
-0.0158414
-0.0097443
-0.0217949
-0.0291415
-0.0180936
-0.0108856
-0.0080906
-0.0188327
0.00662005
0.000429046
0.000976615
0.0176623
0.0363603
0.0389032
0.051906
0.0224665
0.0203047
0.0531793
0.0407534
0.0505173
0.0197962
0.0192721
0.0113385
0.0253905
0.0230343
0.0132284
0.0245469
0.0370095
0.0418374
0.0171107
0.0256417
-0.00754094
-0.00208471
-0.00317411
0.0120701
0.0217739
0.0157116
0.0108127
-0.00759307
0.0220502
-0.0101501
0.00340224
-0.0039391
0.0198704
-0.0182217
0.0172118
0.0236091
-0.00820058
-0.0087569
-0.029562
-0.00144856
-0.0127938
-0.000908437
0.0018799
0.00725273
0.0112082
0.0128685
0.0227293
0.0152357
-0.0172921
-0.0122607
0.000348209
-0.00127184
0.0280419
0.0242201
0.00758405
0.0138602
0.0125673
0.0513176
0.0324149
0.00207938
-0.0185653
-0.0042925
0.0232293
0.0130409
-0.0203767
-0.0269131
-0.00290534
0.0841584
-0.0426388
-0.0871781
-0.0265915
0.00036227
-0.0293536
-0.0511814
-0.0270148
-0.0330606
-0.018645
-0.021107
-0.029596
-0.0129798
0.00984203
0.0173197
0.0166834
0.0151445
0.0264483
0.0310958
0.0236176
0.00558446
-0.00519516
0.0412832
0.00990422
-0.0251537
-0.0266085
0.000996156
-0.0362285
-0.0318145
-0.0525367
-0.0222851
-0.030187
-0.0457809
-0.0169458
0.00231092
0.0200064
0.000636261
0.00809035
0.0286844
0.00507471
0.0218374
0.0318027
0.0105319
0.0146333
0.0205277
0.0300374
0.034621
-0.0100898
-0.0218446
-0.0188531
-0.00572695
-0.0176665
-0.00829505
-0.00142885
-0.0195579
-0.0210366
0.0259639
0.0322855
0.0314879
-0.000435599
-0.00348498
0.0134315
0.0184506
0.012329
0.0240079
0.0364383
-0.0195408
0.0215228
0.01565
0.00125331
-0.0124036
-0.033554
-0.0370088
-0.0312345
-0.0297228
-0.0225743
-0.0104859
0.0262413
0.00314608
0.0215811
0.0145265
0.000423838
0.0332932
0.025686
0.0366932
-0.00371865
-0.00203453
0.00178354
0.00639579
-0.022074
-0.0147537
-0.0249444
-0.0310215
-0.0203902
-0.00584454
0.00885181
0.00579011
0.000869205
0.0320634
0.00375053
0.00569751
0.0192384
0.0224572
0.022114
-0.0119326
-0.00331576
-0.031058
-0.0273
-0.0234576
-0.0121099
-0.0283657
-0.0398074
-0.0664876
-0.0399556
-0.0710622
-0.0724743
-0.0421783
-0.0214979
-0.033003
-0.0259183
-0.0484627
-0.0250327
-0.0173032
-0.00980148
0.000227869
-0.0191161
-0.0210455
-0.0193746
-0.0293168
0.012996
-0.0209995
-0.0444729
-0.00580759
0.00860515
-0.0199365
-0.0367632
-0.0386842
-0.048376
-0.0703468
-0.053468
-0.0491546
-0.048121
-0.0553445
-0.0510183
-0.0419784
-0.0285562
-0.0321403
0.00825073
-0.0240998
-0.0325345
-0.00401076
-0.0122129
-0.0469079
-0.037231
-0.0513129
-0.0238301
-0.0396332
-0.046095
-0.0480226
-0.0643022
-0.072967
-0.072502
-0.0443002
-0.0636328
-0.0700724
-0.0606435
-0.0873291
-0.0663563
-0.0558876
-0.0702891
-0.0712701
-0.0950069
-0.0681829
-0.0623117
-0.0665646
-0.0737169
-0.0549607
-0.0616453
-0.0467917
-0.0433733
-0.0647439
-0.0733036
-0.0659638
-0.0449677
-0.0519891
-0.0422115
-0.0470275
-0.0641449
-0.0603679
-0.0522598
-0.0553525
-0.0419377
-0.0375906
-0.0725415
-0.072104
-0.0539204
-0.0680793
-0.0585635
-0.0540277
-0.0819908
-0.0355441
-0.0414341
-0.0699468
-0.0684839
-0.0594762
-0.053049
-0.0556444
-0.0644389
-0.0246848
0.00576751
-0.0327149
-0.051875
-0.0375858
-0.028882
-0.0525223
-0.0526094
-0.0470501
-0.0238188
-0.0332128
-0.00876047
-0.0333506
-0.0325343
-0.0362964
-0.0519563
-0.063088
-0.0371233
-0.0529001
-0.0346476
-0.0451831
-0.0308735
-0.00596571
0.00643566
-0.0298939
0.0034041
-0.0257417
-0.0129845
-0.0231603
-0.0286088
-0.0788486
-0.0428211
0.0248991
0.00193476
0.0107918
-0.00338582
-0.00639079
0.0252274
0.00702605
0.000320124
-0.00426561
0.00958185
0.0180154
-0.0229656
-0.0305604
-0.00601159
-0.0297131
0.00311373
-0.0159187
0.0120736
0.0546845
0.0279681
0.0214774
0.00585851
0.00467111
0.0268949
0.00172805
-0.000533724
0.00998533
0.0465984
0.047566
0.0302612
0.0443494
0.0217223
0.0438349
0.0392461
0.0417791
0.0425451
0.0257241
0.033511
0.042039
0.0453723
0.0479365
0.0800776
0.0227811
0.0691573
0.0326504
0.000886762
-0.0175483
0.0143332
0.00986873
0.0511979
0.0287409
0.0578184
0.0396579
0.0559058
0.0280931
0.0394541
0.0289085
0.0330431
0.00781041
0.00881397
-0.00649403
0.0393921
0.0380037
0.0351881
0.00744287
0.0133963
0.0155077
0.00109735
0.0104942
0.0117076
0.0501124
0.0424455
0.00863953
0.0034924
0.0214248
-0.00353638
-0.0168727
-0.0136645
0.00244588
0.0341079
-0.00518522
0.0310556
0.0464794
0.0545793
0.00533826
-0.00117445
0.00201629
-0.00195827
0.0129628
0.0241209
0.034021
0.0519474
0.0359147
0.0488948
0.0677605
0.0251094
0.0191558
0.0290313
0.0149716
0.0299849
0.0593465
0.0446529
0.0278185
0.0395744
0.03371
0.0399316
0.0412673
0.0109023
0.000805593
0.00589709
0.00565323
-0.0150709
0.00438523
-0.0169161
0.00996496
-0.0212284
-0.00437779
0.000906518
-0.0103344
-0.0244133
-0.0293265
0.00991983
-0.0143752
-0.00305161
-0.011957
-0.0276786
-0.00347876
-0.00332522
-0.00238177
-0.0440653
-0.0332071
0.0106188
-0.0310694
-0.0211655
-0.0238864
-0.0352869
0.000181449
-0.0329205
-0.025031
-0.0196064
-0.0232928
-0.0295947
-0.0693177
-0.0433923
-0.0301569
-0.0392349
-0.0512101
-0.0720788
-0.0654255
-0.055054
-0.0626236
-0.0574159
-0.0470308
-0.0801816
-0.0602594
-0.0288456
-0.0230303
-0.0435777
-0.0370241
-0.0314097
-0.0257065
-0.00632867
-0.0259642
-0.0313448
-0.0436258
-0.00366191
0.00372148
0.0151938
-0.034813
-0.0336874
-0.0178916
-0.0341511
-0.0410566
-0.0694571
-0.037692
-0.074433
-0.0510051
-0.0745581
-0.0408553
-0.0629517
-0.0576133
-0.0523496
-0.0341211
0.0129966
-0.0101227
-0.0653102
-0.0113629
-0.0206027
-0.00905499
-0.0166746
0.0274156
-0.0250954
0.00731203
-0.00970705
-0.0201086
-0.0111547
0.0180582
0.018983
0.00958388
-0.0115179
-0.0395632
-0.0376194
-0.0426641
-0.0275074
-0.0327067
-0.0390246
-0.0215031
-0.0450477
-0.0496273
-0.0649222
-0.0724124
-0.0415352
-0.0431979
-0.0492337
-0.0350626
-0.0276462
-0.0229726
-0.032448
-0.03947
-0.0257608
-0.0112215
0.00248975
-0.0345564
0.0183831
0.00345308
0.00436569
-0.00794806
0.01929
0.049811
-0.00371199
0.0166342
0.0266071
0.0231395
0.0293838
0.0470199
0.0456482
0.0414694
0.023206
0.0365987
0.0359201
0.0189752
0.00509311
0.0266519
-0.00593113
0.0235696
0.0143993
-0.00223768
0.00321701
-0.002389
-0.0353354
-0.00896286
-0.0122455
-0.00889142
0.00196368
0.0194552
0.0437398
0.0374215
0.0182209
0.0112988
0.0324357
0.0468187
0.0679236
0.0473456
0.013013
0.0414608
0.0437255
0.0528308
0.0875892
0.0664531
0.056067
0.0442905
0.0569558
0.0608286
0.0618102
0.0613399
0.0566246
0.0586727
0.0453072
0.0626808
0.050434
0.0349389
0.0313604
0.0397078
0.0525327
0.0447514
0.0295459
0.024941
0.0726277
0.0584424
0.0439931
0.0212062
0.00609481
0.0123519
0.0372732
0.0289979
0.00041316
-0.00199787
-0.00399683
0.0068129
0.0165632
0.024412
0.0167873
0.0144213
0.0345849
0.0410153
0.00066216
0.0369995
0.0392354
0.0279142
0.0212396
0.0573708
0.0573564
0.0615815
0.042555
0.0539153
0.0481189
0.053017
0.0773398
0.0184184
0.0419086
0.0590955
0.0692625
0.0674475
0.0361829
0.0481614
0.032385
0.0729868
0.0810939
0.0486936
0.0373105
0.0732518
0.0555181
0.0699538
0.0497916
0.0543537
0.0384379
0.049035
0.0454769
0.0470386
0.0686442
0.0506551
0.039759
0.0367952
0.0545915
0.0489829
0.0207103
0.0464535
0.0481484
0.0473743
0.0636169
0.0434609
0.043649
0.0268945
0.033691
0.0151104
0.0228451
0.0549007
0.044669
0.0298462
0.0553146
0.00487708
0.0402259
0.0399183
0.04458
0.0315105
0.0146449
0.00705777
0.0462278
0.0225205
-0.0107317
0.0158864
0.0636139
0.0369476
0.0011033
0.0134587
0.0299754
0.0102241
0.0307078
0.0202273
0.0160031
0.0357363
0.0302357
0.0170253
-0.00728256
0.0300247
0.0544274
-0.00599322
-0.00331253
0.0205685
0.039121
0.0176871
-0.0102476
0.0166887
0.0435523
0.0298896
0.0218126
0.0179786
0.012669
0.00718342
0.032879
0.0286662
0.0156329
-0.00190525
0.000592164
0.00187139
0.0168972
0.0255886
-0.00640015
0.0115572
0.0275453
0.00528487
-0.00799268
0.038163
-0.00717305
-0.00774163
0.000448732
0.00509535
0.0240225
0.015947
0.0187831
0.0151312
0.0346522
0.0220471
0.0032505
0.0123983
0.0144087
0.00994857
-0.00501768
0.007086
0.00995157
-0.0138556
-0.0118082
-0.0042097
0.0141423
-0.0137819
-0.0281182
-0.0463581
-0.0342891
-0.0420321
-0.0262162
-0.00775751
-0.0122984
-0.0404424
-0.0227017
-0.0121676
-0.00950588
-0.020719
-0.0160839
-0.0428921
-0.00450982
0.00743484
-0.0116821
-0.0242815
-0.0087094
0.00107742
-0.0430318
-0.0323593
0.00428219
-0.0398404
-0.021014
-0.00190127
0.00852233
-0.000181864
0.0145077
0.0264547
-0.00739588
-0.00438535
0.0192273
-0.00914061
-0.00796611
-0.0130633
-0.0209623
0.0222596
0.0166883
-0.000874504
-0.00954147
0.0132824
0.0151095
-0.00990499
-0.0153385
0.00300991
0.0136019
0.015398
0.0238269
0.0320731
0.0226258
0.0202927
-0.00131977
-0.0182539
-0.0203722
0.0143604
0.0317543
0.00197311
0.0211065
0.0730742
0.0646749
0.00442598
0.0177295
-0.00574867
0.0542472
0.0558057
0.0437244
0.0377395
0.00422061
-0.00955991
0.0121499
0.0244865
0.0262845
0.0143748
0.00896772
0.0125406
0.0393218
0.0324531
0.0436846
0.00136171
0.00911306
0.0388512
0.0270844
-0.0158454
0.0247835
0.0224408
0.0365865
0.00163547
-0.00856388
0.00568344
-0.0142103
0.0131365
0.0093544
0.0549162
0.0314981
0.0322146
0.0239432
0.037158
0.0488083
0.0290442
0.0139647
0.0178024
0.0246115
0.0501688
0.0693232
0.0506792
0.021397
0.0218245
0.0706563
0.0617624
0.0610498
0.00950218
0.0294304
0.0566693
0.0616334
0.061487
0.0186086
0.0346758
0.0466222
0.0536395
0.0505721
0.0506718
0.0542167
0.0696133
0.0505283
0.0755233
0.0469459
0.0451468
0.0594742
0.0991147
0.0918513
0.0064602
0.0309529
0.102939
0.0426763
0.0148625
0.0294998
0.0678421
0.0479077
0.0579406
0.0565721
0.0615798
0.0649209
0.0479259
0.0828527
0.0181605
0.0152674
0.00687274
0.0526059
0.0197145
0.033282
0.0286608
0.0422046
0.0370769
0.0292519
0.0341402
0.0309914
0.0301548
0.0357646
0.0270855
0.0551515
0.0296532
0.0149238
0.012392
0.0542605
0.0899393
0.0614595
-0.00322878
0.0122103
0.0400047
0.0302671
0.0425836
0.0214026
0.00277294
0.00995427
0.0303764
0.0349706
0.0183638
0.000985307
-0.00516894
0.0205756
0.0465884
0.0179197
-0.0138716
0.0296726
0.0179032
0.0127325
0.0202239
0.0180922
0.0163048
0.00516682
0.00555059
0.00681612
0.0284758
-0.00125002
-0.0230417
-0.00929133
-0.0408244
-0.0361954
-0.036365
-0.0511903
-0.0411349
-0.0495047
-0.0415313
-0.0152631
-0.0376472
-0.0397301
-0.0435858
-0.053816
-0.0322969
-0.0531353
-0.054146
-0.048202
-0.0544727
-0.0357827
-0.0329799
-0.0456829
-0.0687402
-0.0465802
-0.0496584
-0.0418539
-0.0248229
-0.0350647
-0.0485009
-0.0628073
-0.0432425
-0.0323644
-0.0500602
-0.0275748
-0.0366273
-0.00773316
-0.0294964
-0.0295979
-0.0125363
-0.0378128
-0.0264804
-0.00319155
-0.0040522
0.00735608
-0.0173278
0.00563757
0.00699487
-0.00939905
0.0268587
0.0321487
0.0128319
0.0176001
0.0181952
8.39328e-006
0.0210788
0.000690406
0.00125645
0.00420711
0.0174904
0.00777116
0.012416
0.0557757
0.00364039
0.0267321
0.0378174
0.0308842
0.0117603
0.0210274
0.00977685
0.0116627
0.00520961
0.0160409
0.00493146
-0.00861264
0.00691581
0.0193204
-0.00229044
0.00337081
0.00342844
0.00815024
-0.0121663
-0.0187677
0.0297929
0.00887809
-0.00749783
0.0174671
0.00579114
-0.0132323
0.0344178
0.0136265
0.016627
-0.0118761
0.0399795
-0.0189526
0.00101856
-0.0234561
-0.0274238
-0.0112909
-0.0114026
-0.00467256
-0.000887841
-0.0424098
0.0307796
-0.0616808
0.0216428
-0.0901679
0.00203519
0.0194046
-0.0588984
0.0358692
-0.0517453
-0.00414382
-0.007087
-0.0350561
-0.0226607
-0.0346664
0.0071424
-0.0458315
-0.0486774
-0.0486656
-0.00186961
0.0417711
0.0101715
-0.0381258
-0.027638
-0.00175924
-0.0160936
-0.0518225
-0.0439245
0.0305211
-0.0284169
0.00284506
-0.0367382
-0.073787
0.00611596
0.00506765
0.00203238
0.00188714
0.00192386
-0.0219251
0.0177379
0.0439825
-0.0133926
0.0123861
0.033404
-0.00652167
-0.006931
0.0582833
-0.00844107
0.027247
-0.00166089
-0.019144
0.0163596
0.00920819
0.00869889
-0.00696703
-0.0124202
-0.017882
-0.0246107
-0.00816608
0.040248
-0.00711465
0.00333682
-0.00462514
-0.00346715
-0.0219224
-0.0170635
0.00505917
-0.0309744
-0.0381206
0.0702101
-0.0312487
-0.00437242
-0.0250703
-0.00167149
-0.00402684
-0.0539155
-0.0224548
-0.0734898
0.00966369
-0.0627517
-0.0684286
-0.0501117
-0.067924
-0.100422
-0.0829547
-0.0347397
-0.0478051
-0.024709
-0.0554625
-0.0191645
-0.027698
-0.0285316
-0.0670855
-0.00991181
-0.026343
-0.0565958
-0.047308
-0.0412612
-0.0260595
-0.0291614
-0.0273333
-0.015435
0.00534244
-0.0123383
-0.0338764
-0.0097691
-0.0239458
-0.0417315
-0.0875772
-0.07443
-0.0137417
0.0119442
-0.00242202
-0.0104364
0.0152395
-0.0770249
0.0627747
-0.024493
-0.00904547
-0.0086274
0.00896251
0.00777696
-0.0239502
0.00887007
-0.0234914
0.0228115
0.021507
-0.0313292
0.0336149
-0.00245177
-0.0123376
-0.0084795
-0.0473239
-0.0509676
-0.0234835
0.102475
-0.0599915
0.0398087
-0.0175309
-0.00968161
-0.0700082
-0.00301334
0.0300931
-0.0260008
-0.0520767
-0.0776203
-0.00343957
-0.00345747
-0.0480087
-0.067859
0.00196431
0.00436465
0.0292171
0.0800557
-0.043107
-0.0626277
-0.0697413
-0.0249051
-0.0761533
-0.111362
-0.0703093
-0.0480192
0.0153847
-0.0265275
-0.0635718
-0.0427633
-0.0255965
-0.0703759
-0.0540619
-0.0527118
-0.0662723
-0.0913593
-0.140591
-0.0835106
-0.101005
-0.0458265
-0.0584489
-0.0177263
-0.15067
-0.124752
-0.0344396
-0.032037
-0.00977963
-0.0324304
-0.0336514
-0.0823245
-0.0406226
-0.0705409
-0.0646212
-0.0794858
-0.0980869
-0.138067
-0.0505168
-0.0717659
-0.0766625
-0.0994252
-0.137854
-0.0498144
-0.0284707
-0.0659949
0.0112581
-0.0332791
0.0402317
-0.0369004
-0.00351125
-0.0184474
-0.0112726
-0.000998545
-0.0595918
-0.0666699
-0.0479649
-0.0598206
-0.089279
-0.0798808
-0.0760575
-0.0587014
-0.0573794
-0.0173522
-0.015259
0.00457554
-0.0603187
-0.0250229
-0.0736371
-0.0552661
-0.0247549
-0.0118291
-0.0158911
-0.0123448
-0.0116237
0.0560155
0.0310544
-0.0153794
-0.0570191
-0.0151935
0.0332684
-0.0229044
-0.00923106
-0.027983
-0.0146302
-0.0198242
-0.0284984
-0.0223892
-0.0185385
-0.0172645
-0.0214889
0.0235106
-0.00687824
0.0201861
0.0234392
0.00502617
-0.0137884
0.00251473
0.0491786
0.0560863
0.048243
0.0196074
0.0499091
0.0376686
0.0997039
0.0758179
0.0548758
0.0981924
0.0511967
0.0340037
0.0429356
0.0360228
0.0295086
0.0252612
-0.0120927
0.0352014
-0.0144479
0.0099504
0.064784
0.0692101
0.0613823
0.0735411
0.107158
0.104432
0.108443
0.0683197
0.111962
0.0352778
0.00342592
-0.00883157
0.014435
0.00868505
0.0183062
0.0262837
0.0594733
0.0565666
0.0555448
0.0302701
0.0117326
0.00934918
-0.0299366
0.00840079
-0.0166496
0.00982381
-0.00643497
0.00577027
-0.0163485
0.0177482
0.0449464
0.00137815
0.0136543
0.0148055
-0.00376369
0.0135848
-0.0150724
-0.0308526
-0.0258139
-0.0141064
-0.0309901
0.0405886
0.0480583
0.00402208
-0.0481263
-0.0187399
-0.00386426
-0.040625
-0.0349569
-0.00968033
0.00814014
0.034294
0.0190131
0.0545968
0.0210615
0.00205982
-0.000667045
0.00661168
-0.0142095
-0.0059835
-0.0148811
-0.0163009
-0.0139496
0.0354781
0.0231193
0.00706385
0.024505
0.0139286
0.00578279
-0.015319
-0.0386315
-0.00349737
-0.0182282
-0.0299236
0.0118992
0.0233561
0.0374632
0.0669195
0.0223596
-0.00362418
0.0270624
0.0454839
0.000759849
-0.00398247
-0.0336549
-0.0110894
-0.0113766
-0.0330494
-0.0385217
-0.013885
-0.0181843
-0.0374126
-0.0639295
-0.0623279
-0.0453614
-0.0732306
-0.0262441
-0.00371541
0.00593666
-0.0161339
-0.0225108
-0.0110752
-0.00552847
0.0168256
0.02815
0.00853935
0.00550406
0.0389571
0.047563
0.0330753
-0.00363771
0.000507863
0.0365706
0.0117446
-0.0120469
0.0116228
0.0202259
0.00700316
-0.00756097
0.00226563
0.021129
-0.00595861
-0.0242075
0.0130712
-0.00312715
0.0159007
0.0192422
0.0309839
-0.0170203
0.00178953
-0.0228699
0.0018072
-0.0367599
-0.0320245
-0.0221754
0.0038525
-0.00411983
-0.00462699
-0.0274046
-0.0336247
-0.0173153
-0.0160277
-0.0105836
-0.0320835
-0.0318285
-0.0217258
-0.0262231
-0.0129157
0.0143832
-0.0118526
-0.0135148
-0.00196162
0.00924253
0.0229259
0.00235458
0.00881374
0.0157153
0.001634
-0.0135896
-0.044223
-0.0324394
-0.029871
-0.0127913
-0.00123943
9.33062e-005
-0.00621064
-0.0273578
-0.0090251
0.017723
-0.0348038
0.0210065
0.0120117
-0.0261421
-0.0303965
-0.0146397
-0.00667676
0.000530587
-0.0517034
-0.0117878
-0.0112536
-0.0410565
-0.0162198
-0.00984875
-0.0182462
-0.00990206
0.00553031
-0.0153549
-0.00564741
-0.0345773
-0.0323802
-0.0060639
-0.0140766
-0.0113796
-0.00418618
-0.0126604
0.0096152
0.0204602
-0.0202499
0.0118417
0.013774
0.00407497
-0.0330581
-0.018765
-0.00947086
0.00126143
-0.00382445
-0.0186694
0.00351419
0.0234302
-0.026581
-0.0221062
-0.00218689
0.0357147
0.0200031
0.0111475
0.00913623
0.00875
0.00478996
-0.0180775
-0.00743267
0.0172416
0.00677622
-0.0110008
0.039365
0.0359153
0.0204572
0.0433697
0.0209233
0.00284523
-0.0320739
0.0157483
0.0349611
0.0238193
-0.00651491
0.0535605
0.0562769
0.0307327
0.0264282
-0.00112306
-0.00151485
0.00768421
0.0591105
0.0442981
0.0599358
0.0178954
0.0504312
0.0363313
0.0381136
0.00236929
0.0168679
0.0549688
0.0510268
0.0329949
0.0780663
0.051053
0.0302164
0.0411219
-0.00209939
0.0127069
0.051251
0.0486949
0.0401014
0.0436397
0.0565123
0.0707611
0.0495011
-0.00621542
0.0254473
0.0596162
0.0622388
0.0790902
0.0554386
0.0224864
0.00897657
0.0212595
0.0169399
0.0385136
0.0373063
0.0237736
0.0198414
0.0539227
0.00776469
0.035371
-0.00617137
0.0132816
0.0323383
0.0395459
0.0767846
0.0310101
-0.017088
0.0289792
0.0402936
0.0151258
0.0382482
0.0336603
0.0380457
0.0376039
0.0517475
0.00551354
0.0245283
-0.0152229
-0.00235706
0.0213456
0.054572
0.062633
0.0626969
-0.000660368
0.00773749
0.00720401
0.021994
0.0257612
0.00773484
0.0158836
0.0251035
0.0158015
0.0246331
-0.00111742
-0.00961895
-0.00644114
0.0282078
0.00598195
0.063942
0.0283226
0.0113639
0.00939789
0.0185108
0.0269326
0.00108588
0.0184541
0.038354
0.0530071
0.0356024
0.00190655
0.0386287
-0.0195595
-0.0212769
0.024897
0.0372158
-0.00261619
0.00555902
0.0111292
-0.0128405
-0.00480578
-0.027616
-0.0365277
-0.0232364
-0.0482904
0.00352493
-0.00526713
0.00419752
-0.0366011
-0.00461237
0.0161836
-0.0278683
-0.0459111
-0.042452
-0.0301688
-0.0500532
-0.0368572
-0.0363573
-0.0355763
-0.0403462
-0.0401099
-0.027185
-0.0288852
-0.00814229
-0.0408824
-0.0132672
-0.018128
-0.0036535
0.00742982
-0.0361329
-0.0336418
-0.0315608
0.00105012
-0.0161591
-0.0179844
-0.0133801
-0.0269178
-0.0284952
-0.0390814
-0.0267011
-0.0371031
-0.0287455
-0.0171405
0.010118
0.00307212
-0.0269114
-0.0355744
-0.0588645
0.00362647
0.0175079
-0.0190686
-0.0264454
-0.0465174
-0.0545129
-0.0414236
0.0302171
-0.0174733
0.0111569
0.0174648
0.00991126
0.0115875
-0.0147384
0.0385822
0.0126585
0.0277346
0.0228741
0.0500399
0.0506278
0.059946
0.0266307
0.00378465
0.0969253
0.0663238
0.0568065
0.0511736
0.0786913
0.0721587
0.110711
0.107775
0.0769587
0.0707388
0.0792203
0.07009
0.102656
0.0760298
0.129317
0.0872233
0.124352
0.135884
0.154868
0.163632
0.15161
0.151532
0.20757
0.182588
0.213281
0.172792
0.194986
0.209838
0.190583
0.222051
0.201578
0.193462
0.226778
0.20402
0.222155
0.199283
0.196901
0.16464
0.183264
0.171374
0.181506
0.153774
0.150757
0.139983
0.129402
0.134866
0.138275
0.139855
0.0860212
0.09668
0.099586
0.0996643
0.140639
0.0958403
0.0917412
0.0751324
0.0754717
0.0635069
0.047256
0.056615
0.0662195
0.0485126
0.0502941
0.0222872
0.0197885
0.0186845
0.0117703
-0.00360603
-0.00178404
-0.00414129
-0.0181819
-0.0118954
-0.0232801
-0.0539383
-0.0134389
-0.0463924
-0.0446001
-0.0549245
-0.0466541
-0.0282312
-0.0556024
-0.0836918
-0.0746912
-0.0637699
-0.0701756
-0.0812998
-0.100023
-0.0976704
-0.10502
-0.10635
-0.10196
-0.112225
-0.108491
-0.115615
-0.111451
-0.124123
-0.119979
-0.145402
-0.135466
-0.160398
-0.142577
-0.141572
-0.168589
-0.156648
-0.202831
-0.150218
-0.161922
-0.179876
-0.216371
-0.22705
-0.23461
-0.21295
-0.195035
-0.239583
-0.232637
-0.262153
-0.267311
-0.249369
-0.272117
-0.287838
-0.280007
-0.301272
-0.270414
-0.274603
-0.266275
-0.275037
-0.291607
-0.273669
-0.273475
-0.275054
-0.239603
-0.233577
-0.264148
-0.224239
-0.199608
-0.209812
-0.196433
-0.187919
-0.156581
-0.164347
-0.136218
-0.137522
-0.117848
-0.133259
-0.10288
-0.0797164
-0.0740966
-0.052662
-0.0380503
-0.0291761
-0.0224098
-0.00507621
-0.0172719
0.0104637
1.8492e-005
-0.00398972
0.0405
0.0700662
0.03587
0.0437906
0.0504161
0.0601229
0.0689834
0.0586461
0.0747094
0.0664406
0.0666222
0.0946466
0.097713
0.0970692
0.105578
0.110138
0.13445
0.14614
0.173888
0.188835
0.16496
0.180239
0.204095
0.20559
0.212622
0.195259
0.224364
0.206636
0.255383
0.221135
0.215536
0.232729
0.228021
0.220968
0.207665
0.213385
0.227516
0.233932
0.239288
0.228352
0.203459
0.249446
0.205891
0.233518
0.245418
0.224413
0.250057
0.189755
0.256202
0.215106
0.267087
0.243137
0.233829
0.257525
0.244013
0.270699
0.20972
0.199647
0.228077
0.214736
0.195567
0.16518
0.204129
0.166928
0.142316
0.142081
0.150219
0.130681
0.125829
0.116543
0.0973346
0.117677
0.10238
0.0977607
0.0901638
0.0801201
0.0604746
0.056582
0.0683807
0.0886812
0.0720379
0.0423852
0.0549312
0.0666229
0.0567171
0.0542309
0.0263194
0.0412399
0.00267347
-0.000293303
0.0411761
0.0201889
-0.0391645
-0.00153427
-0.0342233
-0.0318003
0.0412238
0.0251812
-0.0617543
-0.0586391
-0.00636318
-0.0676489
-0.0937065
-0.068477
-0.0907138
-0.0244819
-0.0244873
-0.0336439
-0.108235
-0.0979745
-0.0698731
-0.0936963
-0.104093
-0.0818243
-0.0731867
-0.0879022
-0.103926
-0.0840958
-0.0881458
-0.117247
-0.083474
-0.0771825
-0.0955509
-0.0553827
-0.0874953
-0.103182
-0.111933
-0.101393
-0.108352
-0.128285
-0.111429
-0.111044
-0.114992
-0.107173
-0.114179
-0.14494
-0.175497
-0.146234
-0.127121
-0.148219
-0.131818
-0.148479
-0.152044
-0.121449
-0.172273
-0.132115
-0.127782
-0.134371
-0.16085
-0.154493
-0.125165
-0.136462
-0.164386
-0.136172
-0.125749
-0.0974216
-0.111591
-0.11465
-0.119387
-0.099808
-0.0913578
-0.1192
-0.0773453
-0.0983976
-0.0742074
-0.0562142
-0.0788244
-0.045577
-0.0481997
-0.0331511
-0.0420427
-0.0217693
-0.0372278
0.0227198
0.0272165
-0.0107414
0.0179305
0.0360795
0.0519887
-0.00724906
0.0221608
0.0941018
0.0439011
0.0884569
0.114371
0.0465745
0.0595677
0.101891
0.0763802
0.0809439
0.0775983
0.0993061
0.0948395
0.0947015
0.0634044
0.107944
0.0982411
0.0826386
0.137505
0.0965731
0.100077
0.147863
0.151796
0.10731
0.146442
0.152137
0.127154
0.143449
0.157011
0.18815
0.197852
0.225316
0.207938
0.171038
0.170982
0.185353
0.18335
0.188437
0.21964
0.20336
0.185433
0.194181
0.195434
0.206637
0.196884
0.179031
0.162683
0.168228
0.183959
0.175358
0.148507
0.15747
0.158878
0.163415
0.180269
0.142192
0.136476
0.120382
0.142266
0.106467
0.0826175
0.0825542
0.0680748
0.121702
0.0885782
0.0868756
0.130707
0.129211
0.0719382
0.0861169
0.115428
0.135217
0.116643
0.0898171
0.0913157
0.0970615
0.107118
0.0620044
0.0521952
0.0126544
0.0454723
0.104933
0.0542853
-0.0512392
-0.015787
-0.0185423
-0.0386727
-0.0595508
-0.0593401
-0.0625972
-0.0911982
-0.106052
-0.128098
-0.122908
-0.14049
-0.130628
-0.174193
-0.129435
-0.14996
-0.166087
-0.182668
-0.192179
-0.176628
-0.164596
-0.189436
-0.185767
-0.195022
-0.210707
-0.22094
-0.225624
-0.194363
-0.22335
-0.250589
-0.225207
-0.204106
-0.23376
-0.243722
-0.229691
-0.249922
-0.233722
-0.226036
-0.210021
-0.210246
-0.213449
-0.183292
-0.187789
-0.195418
-0.148589
-0.141753
-0.13882
-0.122601
-0.114887
-0.0967361
-0.098327
-0.0749317
-0.0553481
-0.0495685
-0.0336113
-0.0318538
-0.02224
-0.0267822
-0.0212304
-0.0169529
0.0183294
0.00675313
0.00910305
0.0127913
0.0149197
0.0278601
0.0345112
0.0219646
0.0388696
0.0610633
0.0819769
0.0771695
0.0823652
0.0580766
0.076858
0.0671244
0.0577635
0.0802977
0.0737596
0.0636342
0.0784187
0.102422
0.0853923
0.162873
0.0780614
0.0306606
0.0710098
0.104562
0.0976654
0.0941574
0.105723
0.102567
0.102077
0.100708
0.144738
0.104855
0.125249
0.12919
0.146746
0.129492
0.144211
0.187209
0.154452
0.11107
0.178735
0.124065
0.125856
0.136638
0.134405
0.10184
0.0983677
0.120726
0.0961321
0.0816518
0.0963571
0.0951592
0.09177
0.0399022
0.0503289
0.0573165
0.0352516
0.0181178
0.0402795
0.0193394
0.02293
0.0400614
0.0328751
0.0249465
0.0261244
0.0135457
0.0135612
0.0378539
0.0222676
0.0246492
0.00434215
-0.0220957
-0.0326709
-0.0178525
-0.0408109
-0.0266034
-0.0429693
-0.0485792
-0.0705611
-0.0415272
-0.0422671
-0.0575668
-0.0779928
-0.0810073
-0.0605596
-0.0416649
-0.0703706
-0.081286
-0.092709
-0.0347316
-0.0517884
-0.0859323
-0.0672806
-0.0683575
-0.07811
-0.0484272
-0.0768182
-0.0693794
-0.0682343
-0.0715088
-0.0878289
-0.100583
-0.0529517
-0.0641466
-0.104839
-0.0912989
-0.0535913
-0.0782325
-0.0730928
-0.113636
-0.117572
-0.103124
-0.0755534
-0.0922006
-0.110936
-0.118347
-0.0818652
-0.109329
-0.0962281
-0.0725249
-0.0753751
-0.0671572
-0.029444
-0.070093
-0.0510104
-0.0929345
-0.0444591
-0.103057
-0.0442609
-0.0614884
-0.048733
-0.0553893
-0.0845942
-0.0292438
-0.0518839
-0.0341707
-0.0345574
-0.0379588
-0.0409438
-0.0530585
-0.0583561
-0.0756587
-0.0192188
-0.0405512
-0.0211099
-0.0267391
0.0185617
-0.0109313
0.0388676
0.0160437
0.0248882
0.0536178
0.0520304
0.0509621
0.0323888
0.023596
0.070343
0.0120913
0.0466648
0.0106006
0.0297804
0.0308742
0.00292874
0.0406317
0.0172599
0.0066348
0.00562384
0.0274248
0.0121419
0.0184457
0.0293992
0.0123998
0.0566888
0.0472288
0.0598827
0.0276186
0.0410203
0.0364875
0.0315164
0.0352254
0.103496
0.0135813
0.016459
0.0216018
0.076291
0.0408244
0.04065
-0.0139118
-0.00351218
-0.0252805
0.0277927
0.00878493
-0.0242432
0.0297922
0.0706115
0.0368192
0.0443249
0.0329464
0.0593723
0.00223589
0.0648248
0.0306749
0.0727756
0.0579019
0.0660044
0.00921485
0.0263395
0.0279926
0.0486775
0.0230668
0.0708063
0.0111634
0.0856274
0.0529828
0.0812582
0.051086
0.0548
0.00658086
0.0920607
0.00879712
0.0405181
0.0279413
0.05692
0.0464334
0.0439021
0.0534721
0.0546901
0.025399
0.0364207
0.00924252
0.0324707
0.0441799
0.0175134
0.0537253
0.0754347
0.0383983
0.0385685
0.0118349
-0.000727428
0.0124318
0.0617179
0.0167668
-0.00852573
0.0423812
0.0256088
0.0026691
0.0206763
0.0426899
0.0238944
-0.0061076
-0.00054301
0.0385222
0.0261252
-0.0100348
-0.00620052
0.0466157
0.0234235
0.00343122
-0.0181962
-0.0325985
-0.0367349
0.0059196
-0.00373228
0.0330761
-0.0186188
0.00505931
-0.0173739
0.00881868
-0.0481804
0.00628949
-0.0547732
-0.0116939
-0.0411227
-0.0163519
-0.0333093
-0.00121303
-0.0202159
-0.0143927
-0.066156
-0.0297888
-0.0633212
-0.0336099
-0.0921891
-0.105791
-0.0692142
-0.0474317
-0.0509188
-0.0322973
-0.0136284
0.00590914
0.00960076
0.0328699
-0.0135681
-0.028266
-0.00808908
0.0422105
0.000452115
-0.00337029
-0.0186851
0.0191269
0.012191
0.0174537
0.0298703
0.0463798
0.0390609
0.029424
0.0416342
0.0839224
0.0863768
0.0703775
0.0474774
0.0605622
0.062078
0.0805742
0.0282677
0.0484193
0.0545729
0.050161
0.0204092
0.0336509
0.0678149
0.0349899
0.0384895
0.0203692
0.0920026
0.0802652
0.0166539
-0.0258195
-0.00581434
0.00649097
0.0169392
0.000637287
0.044569
-0.00436257
0.0163859
0.0195633
0.058149
0.00584085
0.0466783
0.0505422
0.0757457
0.0486158
0.0437107
0.0264025
0.0138567
-0.0116247
0.0196924
0.0115125
0.0673185
0.00334017
0.0581573
0.0546733
0.0587186
0.0466391
0.0503361
0.0278598
0.0349222
0.0124449
0.00746348
-0.0735676
0.0250386
-0.0274494
0.0226498
0.0164694
0.03116
-0.00470344
-0.0315776
-0.0734807
-0.129351
-0.0808994
-0.0441011
-0.0553827
-0.0540309
-0.0781911
-0.0527085
-0.0992542
-0.10485
-0.093649
-0.0302876
-0.059935
-0.0363422
-0.0268989
-0.0845354
-0.0470727
-0.0456271
-0.0766345
-0.0723224
-0.087872
-0.0546153
-0.0935141
-0.0889262
-0.0854257
-0.0923043
-0.076331
-0.0734798
-0.0599193
-0.034927
-0.0698808
-0.0668907
-0.0398512
-0.0439732
-0.0502888
-0.056536
-0.0448905
-0.0741508
-0.0875504
-0.0921206
-0.108368
-0.0833404
-0.109445
-0.0915113
-0.093334
-0.0795859
-0.106759
-0.0747142
-0.108355
-0.131917
-0.107223
-0.125168
-0.148478
-0.14738
-0.107454
-0.11872
-0.132343
-0.114084
-0.0902878
-0.107133
-0.123251
-0.118458
-0.0715538
-0.0619142
-0.104834
-0.105268
-0.0781852
-0.0645463
-0.0477216
-0.0496204
-0.0747127
-0.0591015
-0.0495901
-0.0332068
-0.0657278
-0.0668519
-0.056721
-0.05675
-0.0572868
-0.0149343
-0.0328104
-0.0474772
-0.0339063
-0.0305172
-0.0171224
-0.0280564
-0.0298949
-0.0390194
-0.0170545
-0.0218803
0.00783397
-0.0245957
-0.0173225
-0.0253108
-0.00743439
-0.00114349
-0.0098363
-0.00528845
0.0115809
0.0205479
0.0369636
0.0418423
0.0327479
0.0154818
0.0303943
0.043765
0.00381548
-0.0102741
0.0149282
-0.00110271
0.0231139
-0.0105907
0.0127582
0.0244268
0.0333764
0.0164506
0.0310906
0.0356065
0.0463501
0.0584506
0.0476845
0.0511186
0.0311009
0.0585136
0.0726084
0.0551885
0.00744471
0.0269993
0.0605843
0.102059
0.0728236
0.0531107
0.0599665
0.100572
0.114386
0.123378
0.107706
0.0667457
0.0563982
0.0539805
0.0861093
0.0721532
0.0466232
0.0410735
0.087086
0.0824605
0.0678141
0.0821121
0.060947
0.0710179
0.0560447
0.0194643
0.0326778
-0.0247441
0.00162929
0.0450937
0.0579657
0.0542548
0.0423848
0.035687
0.0470031
0.0406645
0.0233825
0.0258145
0.0444605
-0.0220907
-0.0151051
0.0550991
0.0974599
0.0106674
0.0138325
0.0184916
0.0109889
0.0413376
0.0227311
0.0106403
0.0672954
0.0210801
0.0389311
0.0228903
0.0248704
-0.0201798
-0.0104366
0.0313435
0.0448271
0.00549683
-0.0163399
0.0122779
0.0286281
-0.00833417
0.0512619
0.00885602
-0.014596
-0.0695997
-0.00201518
0.0123032
0.0251038
-0.0186133
0.0111481
-0.0262378
-0.00446114
0.00485769
-0.0437608
-0.0436577
0.0267709
-0.00214051
-0.0487931
-0.0552818
-0.00657723
-0.0137307
-0.0276467
-0.0553357
-0.0202083
0.0261165
-0.0208111
-0.0496033
-0.051989
-0.007349
0.0129756
-0.0323638
-0.0225493
-0.0487405
-0.041063
-0.0333955
-0.0104453
-0.0237407
-0.046152
-0.0677355
-0.0498504
-0.00995989
0.01862
-0.0425993
-0.0445905
-0.0466379
-0.0383889
-0.0517623
-0.0954744
-0.102406
0.024207
0.0039276
0.0170204
-0.027801
-0.0362484
-0.00384542
0.013237
-0.00503787
-0.0345432
-0.0197473
0.0234044
-0.0205847
0.0016397
0.0296528
-0.00339721
-0.00675546
0.0216686
-0.0416005
0.0149373
0.0042931
-0.0200502
0.00438874
-0.00331581
-0.0686426
-9.05441e-005
0.0375316
-0.00470217
0.0150207
0.00539806
-0.0173324
0.00172596
-0.0156759
-0.0113118
-0.0581256
-0.0316179
0.0647374
0.0389074
0.011787
0.00471133
0.038508
0.0241755
0.0233902
0.0702159
0.0443524
0.0322239
0.0217686
0.0284676
0.0753989
0.032181
0.0354981
0.064251
0.071889
0.0578042
0.0838712
0.0318546
0.0423029
0.0441507
0.0635373
0.088471
0.0706385
0.0660247
0.0595306
0.0594327
0.107514
0.102254
0.0933281
0.0836529
0.0493525
0.0696811
0.100659
0.0782154
0.0629129
0.0541865
0.085379
0.0698401
0.0971923
0.0618118
0.0907368
0.0784988
0.0842038
0.0844341
0.0857823
0.0973302
0.0845813
0.0661288
0.103146
0.0857823
0.103161
0.0995389
0.0814855
0.0633551
0.0710251
0.0860831
0.0899299
0.0568955
0.102031
0.0608261
0.089549
0.0370226
0.0449244
0.0429304
0.0278302
0.0195115
0.00904633
0.0453714
0.0345134
0.0321956
0.05341
0.0201937
0.0559857
0.0237132
0.0247976
0.0272734
0.0243485
0.0332568
-0.0179848
0.0108222
-0.00428018
0.0473538
0.0274874
0.00981197
0.0365394
0.0240417
0.0355605
0.0813635
0.0207275
0.0476694
0.0490735
0.0697961
0.0478295
0.0323097
0.0517327
0.0430389
0.0324742
0.0442038
0.033905
0.0331005
0.0372069
0.00603498
0.00331868
-0.0115952
0.0108477
0.010897
-0.0157825
0.0207909
-0.00175811
0.0121818
0.0191258
0.0182009
-0.0111837
0.0058128
0.0188537
0.0156074
0.00155667
0.0174611
0.0133827
0.0199643
0.0322231
0.052386
0.0268248
0.0263577
0.00823251
-0.003633
0.0182336
0.0161002
-0.0318069
0.00461849
0.00447447
0.0106191
-0.00748262
-0.00983255
-0.000687097
0.00238288
0.0128091
0.0224286
0.010184
-0.00108043
0.0147108
0.0205693
0.000980126
0.00404797
-0.00822957
-0.0149836
0.00642674
0.0242839
0.0105498
0.0411768
0.0281172
-0.00928045
0.00235308
-0.0168959
0.0140749
0.011328
0.00948759
-0.0133885
0.0211501
0.0235166
0.00805622
-0.00778127
0.0354202
0.0275272
0.0157368
0.013544
0.0228051
0.0313675
0.00347586
0.0210102
0.00794733
0.00218188
-0.0134203
0.00251039
0.0116777
0.00968328
0.03682
0.0379176
0.0250289
0.0219606
0.0404579
0.0470698
0.0363999
0.0404181
0.0430192
0.0225795
0.0533037
0.0446571
0.0124639
0.031013
0.0189167
0.0408487
0.0375075
0.047674
0.0309254
0.0296338
0.035803
0.0468799
0.0435006
0.0433352
0.0542496
0.0214522
0.0172032
0.052899
0.054026
0.0350545
0.0298502
0.0337203
0.0327805
0.0405691
0.0454161
0.0150313
0.0309129
0.0385331
0.0463922
0.0445012
0.0474626
0.0389649
0.0505271
0.0677186
0.0514634
0.0382722
0.0357499
0.039307
0.0621548
0.0422645
0.0616174
0.0559884
0.0298168
0.031293
0.0316563
0.0364379
0.0496583
0.0358197
0.0240494
0.0322871
0.0517926
0.0334522
0.0318466
0.0355793
0.0327334
0.0372225
0.0360149
0.0447291
0.0432156
0.012388
0.0254313
0.0408068
0.0367016
0.0441738
0.0500236
0.0180212
0.0124976
0.0274519
0.0324483
0.0498684
0.00803709
-0.0166562
0.0320074
0.00657193
0.0408294
0.0417545
0.00527344
0.0172559
0.051722
0.0447362
0.0547414
-0.00635493
0.0427605
0.040067
0.0288274
0.0341088
0.040313
0.0334362
0.00118122
-0.00166181
0.0483859
0.0421311
0.0107485
0.0220914
-0.00938795
0.0205407
0.0344956
0.0341383
0.0197066
0.017938
0.034865
0.0121895
0.0426951
0.0247117
0.00975463
0.00551159
0.0252702
0.0359449
0.0534362
0.0132594
0.000940873
0.027077
0.0296102
0.0566599
0.0370744
0.0134133
0.00962495
0.015077
-0.0125052
0.0252527
0.0122227
0.0229345
0.0182059
0.0319539
0.0114293
0.0061133
-0.00980952
0.00742895
-0.0048108
-0.0154446
-0.000573785
0.00234947
0.00265542
0.00474037
0.0161876
0.0251819
0.00569857
-0.00302791
0.0118638
0.0273715
0.0351051
0.0156041
-0.00519697
0.03598
-0.00599661
0.0211356
0.00516091
0.0305541
-0.0141734
0.0182931
-0.0176298
-0.0105093
0.0118137
0.0208978
-0.00905505
0.00953761
0.0298267
0.0211455
0.0121139
0.0313271
0.0167175
0.0115923
0.000971693
0.0169644
0.0250769
0.0430146
0.00996317
0.00856158
0.013967
0.0203109
-0.00231177
0.0120809
0.0347781
0.0196299
-0.000448002
0.0297306
0.0314157
-0.00785657
0.00882197
0.00951378
0.0383005
0.022717
0.0210871
0.0296289
0.0361684
-0.0162762
-0.0262232
0.015895
0.0236252
-0.0121257
0.0082889
0.0513538
0.0465587
-0.00291862
0.00526864
0.0124405
0.0277723
0.0306372
0.0189362
0.00603348
0.0145851
0.0218123
-0.000319569
0.000414532
-0.013506
0.00714014
-0.00589283
0.0459867
0.072675
0.0324418
0.0398005
-0.012396
-0.00654469
0.00488043
0.0137451
0.00801238
0.0151493
0.00511117
-0.0545268
0.000232072
0.0268948
0.0170724
-0.0221454
-0.0198594
0.0229156
-0.00031136
-0.0245865
-0.00602884
-0.0262884
0.0044044
0.0392071
-0.0271461
-0.0263457
-0.0282038
0.00973377
0.0264334
0.0027073
-0.0506986
0.0120246
0.0468744
0.016994
0.0131254
0.035254
0.041134
-0.0101819
-0.00701435
0.00576587
0.0356
-0.0244526
-0.0177504
-0.0221779
-0.00957383
-0.00689645
-0.0153025
0.00119696
-0.0099495
-0.0114941
0.0135561
0.0245509
-0.0168673
-0.0167859
-0.0390665
-0.0337252
-0.030631
-0.0198414
-0.0377594
-0.0359078
-0.0233622
-0.0126882
-0.0124691
-0.0367007
-0.028409
-0.0315995
-0.0186312
-0.00915943
-0.0211353
-0.0365089
-0.0357724
0.0210809
0.00358738
0.024154
0.0481278
0.0444169
0.0408874
0.01379
-0.0121639
0.0155378
0.00718004
0.0117885
0.00588024
-0.0293682
0.0271798
0.00955198
-0.0082693
-0.0222038
0.0198238
0.0110471
0.0116147
-0.0105339
-0.0310674
0.0275715
0.0437371
0.0199459
0.0340387
0.00899528
0.0233447
0.0398472
0.0357113
0.0299178
0.0196451
0.0168049
0.021431
0.0175216
-0.015755
-0.0407327
0.00210457
-0.0223895
-0.0193589
-0.0202591
-0.0156629
-0.0131341
-0.032066
-9.69341e-005
-0.0218049
-0.0103008
-0.00828103
-0.0191529
-0.0460695
-0.0195586
-0.0129964
-0.00460833
-0.0188364
-0.0254453
0.016145
0.0275318
-0.00313161
-0.0143978
-0.00441947
0.00442009
-0.01437
-0.00811606
0.0143971
0.000613123
0.00633672
0.0132455
0.0155077
0.0153193
0.0265539
0.0305248
-0.00322502
0.0055053
0.0342485
0.0110892
0.0239427
0.0237253
0.00899499
0.0251507
0.054748
0.0568906
0.0392282
0.0359384
0.0351979
0.0357096
0.0511065
0.0353803
0.0362197
0.0388857
0.0226041
0.0309283
0.0422258
0.0512732
0.0434163
0.06074
0.0268402
0.0696203
0.0578731
0.0504056
0.0463076
0.0534087
0.0441103
0.0715603
0.0508589
0.0319647
0.047926
0.0494179
0.0084734
0.0137875
0.0414235
0.0236316
0.0143983
0.021201
0.0127431
0.0382135
0.0146959
0.0100647
0.0372186
0.0303487
0.0220861
0.0265708
0.0441396
0.0133668
0.0212009
0.0236369
0.0415977
-0.00326931
0.0176269
0.0302816
0.025516
0.00500943
0.00190519
-0.0082425
0.00666943
-0.000136727
-0.00723091
-0.0334488
-0.0237913
-0.00815563
0.0224283
0.00785702
-0.00258064
0.0245415
0.00613408
0.0147697
0.0195074
0.039033
0.0329545
0.00198839
0.00433399
0.0020198
0.0112755
0.00808809
-0.00548268
-0.0257729
-0.0157932
-0.00982963
-0.00710084
-0.0173256
-0.0164727
-0.00390879
-0.00446199
0.024293
-0.0382424
-0.0757618
0.00599521
-0.0541524
-8.95226e-005
0.00811404
-0.0139245
-0.01082
-0.0373594
-0.0253143
0.0191332
0.0253762
-0.00763103
-0.00821938
0.0121614
0.0238353
0.019788
0.0074958
0.0213824
0.0144979
0.00819391
0.00901532
0.019527
0.0136638
0.0167077
-0.00076915
0.0024856
-0.014486
-0.0111742
-0.0154038
-0.00115631
-0.012118
0.00289199
0.0143667
0.0179018
0.0128668
-0.015931
-0.0169706
-0.0138764
0.0190994
-0.0175398
0.0010659
-0.00435794
0.0231243
0.0197573
0.00988958
0.0228829
0.0262984
0.0431204
0.0437632
0.0259717
0.000608033
0.0023749
0.0299963
-0.000666161
0.00297774
0.000268771
-0.00903467
-0.00602769
-0.0494248
-0.0520455
0.00674518
-0.034894
-0.0221372
-0.0345006
0.00910819
0.0249307
0.0603038
0.0150702
0.0134422
0.0224571
0.0310597
0.0561224
0.0208405
0.0204869
-0.0174372
0.00760116
-0.0247916
0.00707434
-0.0220538
-0.00211477
-0.00734835
0.0518078
0.0346763
0.0513672
0.0665341
0.0371832
-0.0326365
0.0163053
0.0703096
0.0909165
-0.000709458
0.0419089
-0.00609469
0.0116454
-0.00760519
0.00263649
-0.0147224
-0.0112338
-0.0188225
-0.0188486
0.00370592
-0.00647951
-0.0296758
0.0399797
0.00500465
0.00324327
0.00108312
0.0441343
0.0126267
-0.0299919
-0.0171501
0.0497613
0.0815333
0.056859
0.0601639
0.0496018
0.0703523
-0.00272192
-0.0275732
-0.0159319
-0.00527173
-0.0129109
-0.0227552
-0.0324593
-0.0608657
-0.0106057
0.0200528
-0.0245138
-0.0223188
-0.0161565
0.00929144
0.036065
0.0198374
0.0462776
0.0467255
0.0392493
-0.00714548
0.025685
0.0331705
0.023032
0.0307059
0.0221645
0.0386045
0.0725463
0.0482483
0.0409233
0.0339059
0.0323423
-0.00832445
0.0129264
-0.0224714
-0.0396449
-0.00135911
0.0261942
-0.0482813
0.00641957
-0.00172298
0.00328693
0.01185
0.00573464
0.0334491
-0.00634755
0.0373893
0.0195591
0.0399063
0.0372759
0.00583073
0.0351102
0.0445675
0.0252912
0.0346808
0.0367696
0.00632484
0.0070838
0.0199726
0.00438356
0.0117761
0.00617961
0.0225717
-0.0260509
-0.00990126
-0.02129
0.007873
-0.0381969
-0.00214507
0.00374595
0.0364168
0.0260605
0.0244528
0.00942864
-0.014551
0.00803746
0.00845142
0.0274428
0.0283239
0.0402824
-0.010859
-0.0211875
0.0224271
0.0319316
-0.00377308
-0.0025414
0.025774
0.0280742
0.0145504
0.00438898
0.0225419
0.0434787
0.0548523
0.0386691
0.0236196
0.074846
0.0523458
0.0471915
0.00405082
0.0393773
0.0321623
0.0317085
0.0279956
-0.00713083
0.0081085
-0.0427195
-0.00107452
-0.00485899
-0.0334886
0.00463486
-0.00652155
0.0319944
0.0133293
0.0497029
-0.0255853
0.0374644
0.0360304
0.0621801
0.0435327
0.0364099
0.0268239
0.0345095
0.0586438
0.0257316
0.0338762
0.042481
0.0281815
0.0579357
0.0874669
0.0523927
0.0541314
0.0413623
0.0590193
0.0172088
-0.0325508
-0.0456091
0.0356184
0.0332451
0.0691499
0.0357278
0.051579
0.0386097
0.0580893
0.0610747
0.0714628
0.0969642
0.0575382
0.0713673
0.049974
0.108162
0.0808434
0.0475981
0.0143816
0.0541023
0.0117587
0.0249157
0.0104962
0.0156712
-0.00224778
0.0131606
0.0163363
0.0205461
0.0150743
-0.0216227
-0.0328792
-0.000296954
0.0225578
-0.0119738
-0.0179385
0.0452776
0.0546639
0.00242646
0.0733909
0.0507298
-0.0353591
0.0187717
0.0329441
-0.0140724
0.0406905
-0.00971394
0.0237362
0.00156789
0.00185468
0.00401908
0.0265831
0.020056
0.00846366
0.0109554
0.0514044
-0.0022831
0.0297765
0.021284
0.0199742
0.033527
0.0601595
0.0303498
0.00277061
-0.0211184
-0.0101495
-0.0791641
-0.0350604
-0.0651118
-0.0458105
-0.106795
-0.0381053
-0.0432299
-0.0283913
-0.013772
-0.0150293
0.00374143
-0.0137759
0.00771615
-0.0141144
-0.0550365
-0.0298186
-0.0339124
-0.0169491
-0.065217
-0.0433513
-0.00392873
-0.0312955
-0.0279585
-0.012225
-0.0408296
-0.0387312
-0.0276666
-0.0195346
-0.0715015
-0.0370315
-0.0213836
-0.0330325
-0.07949
-0.0366685
-0.0174484
-0.035274
-0.0743838
-0.0575895
-0.0202882
-0.0338283
-0.0732484
-0.0539599
-0.0435547
-0.0553347
-0.0670059
-0.0378364
-0.0474529
-0.061705
-0.0560448
-0.00562642
-0.0469086
-0.0322306
-0.00662721
0.00609864
-0.00687231
-0.00144815
-0.0108488
0.0297449
-0.00032721
0.0119939
0.0124113
0.0267491
-0.00491083
-0.00356559
-0.0145048
-0.0108964
0.00257355
0.0119963
-0.014161
-0.0277349
-0.0192992
-0.0149963
-0.0485504
-0.0195447
0.0262384
-0.0180391
0.0162723
0.0299443
-0.00898666
-0.00557035
-0.0017095
-0.0167356
-0.00828374
-0.012866
0.011371
-0.00883812
-0.027988
-0.0231914
-0.0040345
-0.00541641
-0.0176279
-0.016681
-0.0106793
-0.0198761
-0.0188888
0.000745909
0.00771974
-0.0125386
0.00273497
0.00510616
0.00194827
0.0095366
0.00913406
0.0109639
-0.00843611
0.0241293
-0.00835651
0.0191754
-0.0165773
-0.035508
-0.0165715
-0.0249224
-0.0251564
-0.0193384
-0.0350189
-0.0330029
-0.00257411
0.00929127
-0.0393237
-0.00721447
-0.0115498
0.0421041
0.0196162
0.00741858
-0.0059339
-0.00716034
-0.0204012
-0.02825
-0.0034886
-0.0548761
-0.027058
-0.00994031
-0.0336269
-0.0104801
-0.0222157
0.00389673
-0.0202981
-0.00127579
0.0158086
-0.00530285
-0.0201254
0.0510959
-0.0240631
-0.0789505
-0.0339413
-0.0293183
-0.0722451
-0.0209731
-0.0437264
0.0185217
0.00864185
-0.0150076
-0.00341753
-0.0429042
-0.0296252
-0.0344811
-0.0136705
0.0212934
0.0130863
-0.0451084
-0.0126696
0.0148783
-0.0211614
-0.0261719
-0.0558792
-0.0447053
-0.0484539
-0.0219693
-0.030211
-0.0305376
-0.0604525
-0.00849015
-0.00432081
-0.0309251
-0.0324529
-0.0324074
-0.0482513
-0.0400848
-0.0393444
-0.0219711
-0.00296572
-0.0429206
-0.0271693
0.0101393
-0.0203044
-0.0118309
-0.0358218
-0.0440248
-0.0398439
-0.0131207
-0.0124292
-0.0169486
0.00645698
0.0189224
-0.0265388
-0.0133085
-0.0381748
-0.0338736
-0.0379545
-0.0104146
0.00560218
-0.00342415
0.00138369
-0.0218812
-0.0277735
-0.0271221
-0.00774133
-0.0160459
-0.0493588
-0.0150283
0.00412756
0.0227897
0.0317457
0.0416582
-0.00376057
-0.0234459
-0.0327036
0.0194395
0.0197133
-0.0384081
0.0164756
0.0165808
-0.00140149
-0.0185046
0.0186336
-0.0246863
-0.0203226
0.00758008
-0.0164872
-0.039298
0.00809469
0.0441989
0.0184249
0.0210539
0.00989519
0.00560922
-0.0196897
-0.0091955
0.036353
0.0279681
0.0263473
0.016033
0.00830181
-0.0143848
0.0544028
0.00871584
-0.0133275
-0.00643838
0.0131931
0.0168119
0.0445833
0.0644259
0.0509365
0.0253311
0.0525011
0.0130394
0.0145594
0.0389672
0.0154916
0.0236607
0.0261326
0.0618909
0.0488069
0.0359613
0.0248507
0.0179691
0.0278043
0.0096932
0.000339913
-0.00871446
0.0198574
0.0194117
0.0335897
0.0243147
0.0314729
0.00680843
0.00447408
0.00955655
0.0413158
0.0287033
0.017747
0.0245124
0.0268617
0.0558514
0.0214935
0.0346458
-0.00710039
-0.00906997
-0.0113782
-0.00557696
-0.0180269
-0.0233351
-0.0108042
0.0180261
0.0158529
0.0268916
0.0128772
0.00648449
-0.0349225
0.0325477
0.00977711
-0.00743541
-0.0301515
-0.0216255
-0.0173119
-0.0163544
0.0240577
0.0139967
-0.00633901
0.0038574
-0.0270281
0.00614828
-0.00514776
-0.0394274
-0.0247447
-0.0740843
0.0157094
-0.0171144
-0.0425188
-0.043703
-0.017194
-0.00708446
0.010549
-0.00113374
-0.0293371
-0.0309649
-0.0497516
-0.0341565
-0.0371505
-0.0164023
-0.0210017
-0.0252152
0.0336328
-0.0279352
-0.026972
-0.0190156
-0.00900193
-0.0148052
-0.0165065
-0.00988948
0.00372534
-0.0455274
-0.0377749
-0.0338935
0.0139389
0.00584393
-0.0194334
-0.0155791
-0.0173064
0.0111502
0.0118913
0.0192327
0.00227333
0.0103981
0.00808475
0.0125686
-0.0194397
-0.00189944
-0.00355999
0.00761545
-0.00767982
-4.58318e-005
0.0162679
-0.0193582
-0.0265652
-0.0316425
0.00271064
0.0264029
0.00037649
-0.010555
0.0180793
0.0173879
0.0109466
0.0194486
0.0451089
0.00396291
-0.000434001
0.0376602
0.0211888
-0.0125374
0.0143095
0.0131752
-0.0157389
-0.00901242
0.0280153
0.0102986
0.00650695
0.0186442
-0.00722517
0.00848848
0.0445253
0.0118988
0.00560608
0.016796
0.0389477
0.0345392
0.0100203
0.0083583
0.0168194
0.0129727
0.0382683
0.0294295
-0.00472223
0.0134227
0.0386625
0.0166895
0.0518248
0.014383
-0.0199671
0.0296243
0.023056
0.0259502
0.0292587
0.0165211
0.00444161
0.0377424
0.0472704
0.0256853
0.0201041
0.0376642
0.023644
0.014396
0.0485296
0.0357006
0.0183769
-0.00245689
0.0336262
0.0311146
0.0312126
0.0195753
0.0202954
0.00764696
0.035266
0.0201452
0.00708214
0.0086614
0.0157462
0.00150605
-0.00262705
0.00479455
0.0155475
0.0181762
0.0126524
0.0111834
0.00966918
0.00139993
0.0229711
-0.00365001
0.0113339
0.023257
0.0214626
0.0106683
0.0116568
0.000631495
0.0101554
0.0210231
-0.00117241
0.00915685
0.00134827
-0.00832374
-0.0189262
0.00919739
-0.00192665
0.0168759
-0.0252154
-0.00200688
0.0123041
-0.019347
0.00684607
-0.0130274
-0.0146631
-0.0234382
0.0126077
-0.00619716
-0.0427472
-0.0298481
-0.000653385
0.00455516
-0.0119975
-0.00320184
-0.0507672
-0.0320602
0.00577295
-0.0193339
0.000125367
0.00690352
-0.0089505
-0.0250056
-0.00976307
-0.00755964
0.0104697
-0.0401401
-0.0264286
-0.0115351
0.0255218
0.0133216
0.0123814
0.0016877
-0.0109598
-0.0124021
-0.00757061
-0.0102361
-0.0188244
-0.00855454
0.0125247
0.00895632
-0.0108002
-0.000948244
0.00301531
0.0036312
0.00043767
-0.000682814
0.0209297
-0.00502849
0.027014
0.0281121
0.0124151
0.0379967
0.0552467
0.00551074
-0.0364631
0.0135612
0.0153737
0.00187495
0.0035233
-0.00416364
0.00763908
-0.00156137
0.0237992
-0.00310244
0.00667127
0.0177779
-0.000539291
-0.0131616
-0.0111984
-0.000475837
0.0117995
0.00905335
-0.00258165
0.000508249
-0.0274919
-0.0280075
-0.014073
0.0214589
0.00798452
0.0297242
0.0144647
0.0343205
0.0211207
0.0465943
0.0296297
0.0414338
0.068193
0.0184833
0.04234
0.0154386
0.0393217
0.033556
0.0505606
0.0586203
0.0290673
0.0519704
0.0380612
0.0437057
0.0183793
-0.000258245
0.0122778
0.0230427
0.00760035
0.0368031
-0.0261453
-0.0547109
0.00771505
0.0477596
-0.00594173
0.0059629
0.0320236
0.06567
0.0379162
0.0455911
-0.00436241
0.0492598
-6.21006e-006
0.0221746
0.0762724
0.0314942
0.0362414
-0.0016057
0.0242624
0.00968842
0.0151008
0.0222713
0.0127516
-0.0122576
-0.00209452
0.000169221
0.0148444
-0.0502065
0.00293518
0.00832436
-0.0310946
-0.00213526
-0.0286153
-0.0404259
-0.0196731
-0.0173101
-0.0116922
-0.0211903
-0.0479527
-0.0188113
-0.0284388
0.00543466
0.00335809
-0.00747759
0.00326012
0.0211018
0.0458655
0.0284481
0.00663961
0.0160455
-0.0231418
0.0385467
-0.00411665
0.043011
0.0363127
-0.0202801
0.0211348
0.0292532
-0.00724419
-0.0251276
-0.0136071
-0.0373662
-0.0136192
0.0547112
-0.0162053
0.0342219
0.0472386
0.0124829
-0.0151572
0.0416857
-0.0159907
0.00206646
0.0295507
0.0472527
0.02059
0.0296686
0.0318663
0.0520147
0.0177383
0.0389241
0.0190787
0.0587203
0.0203116
0.0137268
0.00434418
0.0090774
0.00837826
-0.0377714
-0.0237747
0.00166191
-0.0182122
-0.00916414
0.0226911
0.00469489
0.00249649
-0.0147933
-0.00488024
0.00228111
-0.0122242
-0.0118626
-0.0288872
-0.00658777
-0.00545164
0.00619843
0.0375276
0.0118749
-0.0409895
0.119303
0.0248229
-0.00528568
0.0351202
0.0346143
0.0199772
0.0200146
0.0158092
0.0252478
0.0369829
0.0272887
0.00334752
0.0355857
-0.00131679
0.0182821
-0.00729841
0.0168609
0.0229062
0.00781997
0.0334342
0.00708379
0.007202
0.0350203
0.0268019
0.0239108
0.024517
0.0244198
-0.0116269
0.0422122
0.0145364
0.0277064
-0.030114
-0.0128281
0.016725
0.0585387
0.0279461
0.0249652
0.0454947
0.00346952
0.0154748
0.00601887
0.00371542
0.0565916
0.0246793
0.00520855
0.0357976
0.0244971
0.00971997
0.00392071
-0.00812188
0.0237841
0.0235492
0.00869034
-0.012688
-0.0115851
0.028239
0.0199287
-0.00431267
0.0391991
-0.0136732
0.0234166
0.0349766
0.0176038
0.00695397
0.0168675
0.00035807
-0.00629963
0.00405023
0.0186644
0.00753924
-0.0196207
-0.0210858
0.0198244
-0.000255115
0.0173268
-0.0253584
-0.0151837
-0.010554
0.0150408
0.00252582
-0.00940091
0.00273325
-0.00773971
-0.00460734
-0.0186461
-0.00798166
0.00805422
-0.0282392
-0.0315566
0.00712804
-0.0066118
0.00420897
0.00544136
-0.0256949
-0.0149375
-0.0060811
0.010307
-0.0270813
-0.0072801
-0.00432698
-0.00294386
0.00998069
0.00124568
0.00206521
-0.0182548
0.0148872
0.00846016
-0.00205259
-0.0238422
0.00640454
0.00609645
-0.00871741
0.00218918
-0.00510089
-0.0220369
0.0175776
-0.0214362
0.00363427
0.0158124
-0.0128739
0.000575388
-0.0016312
-0.00223843
0.0244107
0.00868612
0.00471141
-0.00482947
0.00583605
0.0305977
0.0103104
-0.00504503
0.000363778
-0.00568818
0.008786
0.0057931
0.00773184
-0.0139711
-0.0102375
-0.00341022
-0.0108846
0.0222223
0.00798741
-0.0216562
-0.00756721
-0.0226396
0.0258715
0.0103868
0.00304899
-0.000735261
-0.0183812
-0.00884068
0.0108287
0.000515793
-0.0385432
-0.033932
-0.0237166
-0.0119191
-0.0248207
-0.0235786
-0.00974381
0.00255578
-0.013149
-0.00183261
-0.021418
-0.00846278
-0.0245518
-0.0158967
-0.0239033
-0.00605127
-0.0136058
-0.0213038
-0.0268657
-0.0338
-0.00523488
-0.00356153
-0.000366324
-0.0137714
-0.00499656
-0.0172162
0.000836931
0.00390783
-0.0152745
-0.0360422
-0.0243169
0.00135532
-0.0151665
-0.00193417
-0.00850799
-0.0212414
-0.00968246
-0.0319782
-0.0296217
0.000841924
0.0156825
-0.00898257
-0.0042801
0.00107926
0.00675292
-0.0135377
-0.00788796
0.000957533
0.0116549
0.0149665
-0.0139179
0.0051786
-0.00566509
-0.00484657
-0.00948849
-0.0128138
-0.0187471
-0.0152711
-0.00781464
-0.0150865
-0.00775467
-0.0477655
-0.0362383
-0.019553
-0.0254373
-0.0149864
-0.0206534
-0.0222797
-0.039615
-0.00936952
0.0122474
-0.0166858
-0.0153915
-0.0222715
-0.00956837
-0.00199704
-0.0251186
-0.00679642
-0.0273317
-0.024712
-0.00342078
0.0125416
0.0133517
-0.0176055
-0.00878209
-0.0209832
0.027017
-0.0205835
-0.0259174
-0.0208662
-0.0154917
-0.0220526
-0.0374698
-0.00577385
-0.00574869
-0.0337801
-0.031068
-0.0383837
-0.0119068
-0.0115811
-0.0346662
0.0145171
-0.000569971
0.0345779
0.0252805
0.00620395
-0.0103002
0.00109585
0.00814802
0.00463134
-0.00755474
-0.0181583
0.00485848
0.00499893
0.00463518
-0.00562164
-0.0143838
0.0145716
-0.0126009
-0.0426407
-0.0221994
0.0176522
0.0136831
0.00269994
0.0111203
0.0208975
0.0156942
0.0150362
-0.00857795
-0.0149138
-0.00478803
0.0103181
0.0348636
0.0274445
0.0329263
0.0191259
0.0577099
0.0270511
0.0202469
0.0615121
0.0244959
0.0134969
0.0207334
0.0171079
0.0243069
-0.00987131
0.00318169
0.0115522
0.0155417
0.0320993
0.0218014
-0.00337359
0.0328473
0.042427
-0.0150564
0.031322
-0.00291085
0.0128439
0.0258909
0.0178027
-0.0171779
-0.000280693
-0.00430458
-0.0296089
-0.0165298
-0.00990796
-0.00979636
0.00233705
-0.0143174
-0.0182179
-0.04188
-0.0163625
0.0246493
-0.0165773
-0.00839165
0.0187099
0.00153673
-0.0164417
0.0214569
-0.0229669
-0.00358762
-0.0177464
0.0296134
0.0038858
-0.00189376
-0.0364202
-0.0183425
-0.00927137
-0.0109173
-0.0269921
-0.0266814
-0.0461307
-0.0031316
0.00304077
-0.0211576
-0.0129037
-0.0234051
0.0294196
0.0123695
-0.0130762
-0.00582006
0.0053246
-0.0145479
-4.28524e-005
0.0190442
0.0165287
-0.00244914
0.00702691
0.0438136
0.00565056
0.0115786
0.0236949
0.00581784
-0.0134985
0.0113139
0.0234631
-0.0140509
-0.0244659
0.022409
0.0282377
0.00439745
-0.00452963
0.00695466
0.00886057
0.00502991
0.011746
0.0327497
0.0072162
0.00439001
0.0123127
0.0312903
0.0380829
0.0069041
0.00916091
0.00908669
0.00361147
0.0405333
0.012112
0.0479021
0.0273441
0.0292241
0.0215678
0.0434839
0.0361323
0.0116654
0.0131328
-0.00589694
-0.0332713
-0.0117718
0.017399
-0.0037001
-0.0384596
-0.0102236
-0.00158092
0.0145682
-0.00680861
-0.0323234
-0.0468621
0.0135003
0.0360398
0.0265324
0.0109469
0.0467878
0.0334945
0.023345
0.0288013
0.0326443
0.0176462
0.0160112
0.0235334
0.0116474
0.0226
0.00270162
0.0156316
0.00222374
0.012135
0.00972043
0.00985681
-0.0218592
-0.00575535
0.00821824
0.000478902
-0.0141152
-0.0125808
-0.00940782
0.000921321
-0.0148937
0.0193087
-0.00769977
0.00534571
0.0205026
0.0254639
0.0173483
0.0266866
0.0133736
0.00907175
-0.012966
0.00302107
0.00396064
-0.015152
0.0227414
0.00741613
0.0220555
0.0107201
0.0304743
0.0332169
0.0247847
0.0154789
-0.000404157
0.0154246
0.0093648
0.0103427
-0.0260525
-0.00143671
0.0155474
0.0143687
0.00924783
0.00412146
0.00890403
0.0290729
0.0301812
0.00490467
0.0197391
-0.012689
0.0133736
-0.0111856
-0.0140783
-0.015802
-0.0094133
-0.0215597
-0.0126258
-0.00407423
0.0069713
-0.00485319
0.00205724
-0.0101702
0.0181926
0.0126834
0.0143407
0.0299188
0.0329509
0.011546
0.0225018
-0.00371263
0.0125904
0.00156714
-0.00336889
-0.00966612
0.00873122
0.00337973
0.0225019
0.00978248
0.0151113
0.0491146
0.0685688
0.0403407
0.0111218
-0.00251682
0.0414665
0.0253063
0.0332032
0.00290742
0.0101444
0.0334404
0.02694
0.025543
0.0155773
0.0291621
0.0171665
0.0280955
0.0310778
0.0330187
0.00680187
0.0292758
0.0298715
0.0400563
0.0375639
0.0607717
0.0240263
0.0220097
0.0259076
0.0531268
0.0596329
0.023119
0.0224588
0.011763
0.0260764
0.0233932
0.03086
0.0219644
0.0233455
0.0323589
0.031437
0.0235987
0.0231427
0.0259574
0.0241343
0.044901
0.0364204
0.0462835
0.0308114
0.0322961
0.0140689
0.0243215
0.0331244
0.0204577
0.00869147
0.0205974
0.00786992
0.0172391
0.029579
0.0179741
0.00302053
0.0191954
0.0360219
0.0120508
0.0243509
0.0149314
0.0266402
0.015458
0.00886271
0.00984067
0.0126069
0.0117368
-0.011732
0.0173035
0.0125982
0.01478
0.013601
0.0145165
0.0128217
0.0291276
0.0313386
0.0166763
0.025369
0.0138907
0.0102726
0.0201116
0.0306736
0.0257428
0.0156274
0.0322437
0.0184662
0.0303208
0.00442294
0.0165734
-0.00599596
0.0222287
-0.0047329
0.0109251
0.0137648
0.00734941
0.0101406
0.015301
0.0344978
0.0119112
0.0130928
0.0166903
0.000131929
0.0148526
0.0267892
0.0187235
-0.00757817
-0.00996076
0.0309102
0.0129756
-0.00816421
0.0263749
0.00910677
0.000540112
0.00533746
0.0072643
0.00461195
0.0109397
-0.00216513
-0.0120963
0.0158747
-0.00442961
-0.00732753
0.00543337
0.0126458
0.0181113
0.0194417
0.0072545
0.00933446
0.000220272
0.0176572
0.0184581
0.0174928
0.0248186
0.0174077
0.0268503
0.0333506
0.0202695
0.0241166
0.0190552
-0.000503366
0.0248728
0.00944326
0.0170841
0.0274115
0.0239437
0.0117298
0.0122888
0.0241668
0.0150971
0.0265144
0.0176134
0.0136964
0.0116728
0.022679
0.00445128
0.00204141
0.00549082
0.0347362
0.000331528
0.000913862
0.00252972
0.0262997
0.0271203
0.026537
0.0230279
0.0271174
0.034785
0.0278772
0.0172672
0.0321453
0.0352591
0.0396445
-0.000193238
0.0246292
0.0241504
0.0253778
0.0168938
0.0016266
-0.00897981
0.0182604
0.0239578
0.0216174
0.00445137
0.0173207
0.0116326
0.0395315
0.0125714
0.00610709
0.0106441
0.0206907
0.012
0.0104652
0.01324
0.023018
-0.00226019
0.0308162
0.0339071
0.0232073
0.0254975
0.00895448
0.0274951
0.0139848
0.0449137
0.0290026
0.0112479
-0.00378215
0.02602
0.0309011
0.0152641
0.0239973
0.00963149
0.0108513
0.0155983
0.0154974
0.0193577
0.010552
0.0158786
0.0152855
0.0201955
0.00178579
0.00970845
0.0108503
0.00618701
0.0140987
0.0331934
0.0225046
0.0106329
-0.00374372
-6.39794e-005
0.0133386
0.00684749
0.00231553
0.00520017
0.0238199
0.00153857
0.0239271
0.0306555
0.027787
0.018647
0.0243533
0.00033509
0.0344264
0.0270407
0.019256
-0.00779045
0.0299835
0.0289993
-0.0150916
0.0176986
0.00331915
0.00266287
0.010342
0.0110457
0.0213533
0.0184009
0.0297345
0.00652964
0.0132958
0.0165875
0.00939478
0.00322928
-0.00101252
-0.0123873
0.0347964
0.00454371
0.0177643
0.0207404
0.0243117
0.0279116
0.0268273
0.00152053
0.0252202
0.0272635
0.00704552
0.023082
0.0261975
0.0416402
0.00741843
0.0334213
0.015536
0.0249021
0.0277537
0.0204064
0.00209326
0.0042783
0.0306699
0.0339597
0.025897
0.0164715
0.0285899
0.0313168
0.0254186
0.00560445
0.0116323
0.0249065
0.0252882
0.0378986
0.0115928
0.0289713
0.0218056
-0.000889809
0.00639404
0.0221745
0.0501243
0.0162769
0.023249
0.0205462
0.0352821
0.0319777
0.00647957
0.00994992
0.0145649
0.0416517
0.0293487
0.0369768
0.0156766
0.0139411
0.018034
0.0253144
0.021119
0.0220748
0.0328257
0.0130675
0.0255371
0.0336052
0.0240233
0.0201602
0.0293441
0.0103716
0.0223712
0.0369701
0.00197342
0.0134439
0.0214494
0.00499132
0.0408984
0.0238145
-1.85865e-005
0.0316938
0.0266243
0.0311788
0.0328283
0.0304415
0.0175891
0.015022
0.0132514
0.0109681
0.0345779
0.0271163
0.013868
0.0236534
0.0387423
0.0157812
0.018826
0.0189732
-0.00390728
0.0274002
0.0273976
0.013282
0.0196188
0.0232052
0.00507041
0.0117701
0.0274979
0.0114694
0.00808956
0.00507417
-0.00152452
0.0483527
0.0274311
0.0152272
0.0182203
0.0130094
0.00281524
0.0192503
0.0248592
0.0139982
0.0138181
0.0265151
0.00220945
0.0346811
0.0311749
0.0176839
-0.00391983
0.0243501
-0.0104889
0.0292807
0.00509164
-0.000784599
0.0169089
0.017095
0.00672981
0.0256682
0.00799
0.0116805
-0.00575589
0.0336563
0.0148011
-0.00546843
-0.00316352
-0.00750861
0.00712076
0.0319525
0.0163194
0.0271526
-0.00353806
0.0120457
0.00355766
0.0413925
0.00745934
-0.0116356
-0.0168578
0.0194438
0.0150269
0.0157802
0.0189119
0.00912645
0.0146866
0.0265903
0.00590891
0.0137023
0.0140724
0.00279165
0.00777928
0.00439911
0.0151438
0.0116281
-0.00113586
0.0181754
0.0180601
0.0300032
0.00767606
0.0175424
-0.0315579
0.00910209
0.0210078
0.0231209
0.00833264
0.0103397
-0.00237798
-0.00633275
0.0274318
0.0115625
-0.00459129
0.0166891
0.00520005
0.0226021
0.0416063
0.00684805
0.0241597
0.0164197
0.0114436
0.0061497
0.0138193
0.0100056
0.0243993
0.0346989
0.00914263
0.0382073
0.0263882
0.0227059
0.0210909
0.0114222
0.0338663
0.0131639
0.0239406
0.00558491
0.00983521
0.00632922
0.0188904
0.0190506
-0.00116452
0.0283931
0.0227783
0.0168173
0.0162788
0.0143992
0.00962009
0.0238404
0.00164909
0.028992
0.0180228
0.0179561
0.0113581
0.00619725
0.0367187
0.0393627
-0.000265631
-0.0142877
0.00131325
0.0398856
0.0026897
0.0133414
-0.00695371
0.0288692
0.011901
0.0179482
0.00882699
0.02849
-0.0090083
0.00708678
0.0284322
0.0128474
0.00682003
0.0190549
0.0166339
0.0299305
0.016598
0.0338235
0.0133377
-0.00122153
0.00604951
0.0103262
-0.00813161
0.0197669
0.0258764
0.016121
0.0182172
0.0215232
-0.0117599
0.0235894
-0.00689502
0.0055238
0.00205948
0.022084
0.0277943
0.0444876
0.00920677
0.0173981
0.00452219
0.0162815
-1.27367e-006
0.0137854
0.00438989
0.00389073
0.0153243
0.0233437
0.0195951
0.0108831
-0.0112437
0.0159453
0.00516535
0.00853095
-0.00936864
-0.0168301
-0.00984208
0.0208374
0.0313517
0.0147787
-0.0047972
0.022493
0.0291973
0.0157982
0.00258921
0.0119014
0.0138216
0.00467928
0.0222617
0.0226343
0.0151927
0.0174721
0.0193593
0.0130643
0.0352278
0.0110018
0.00595897
-0.00174591
0.00589799
0.00214714
0.00444189
0.0252696
0.0115908
0.0133551
0.012652
0.0214651
0.00921311
0.00451044
0.0399421
0.0113405
0.0165836
0.0235758
0.012858
0.0273085
0.0368178
0.00968971
0.0263375
0.023728
0.0248198
0.0117588
-0.00711546
0.0211471
0.0599466
0.0192934
0.000703137
0.0191473
0.0450042
0.0166656
0.017392
0.0320788
0.0133961
0.0143859
0.0179624
0.0335919
0.0428492
0.0379362
0.0510441
-0.0145423
0.0450764
0.0361713
-0.000340172
-0.00872156
0.0171312
0.0039496
0.0435165
0.0235198
0.00168712
0.0108921
0.0211061
0.0140746
0.0190593
0.0225265
-0.0149462
0.0153366
0.0247812
0.00111468
-0.0110519
0.0206255
0.00668696
0.014233
0.0233121
-0.0163318
0.021867
0.0193155
-0.0142483
-0.00161241
0.00826141
0.00432956
0.0042421
0.0259256
0.00596555
0.012576
0.0291956
-0.00755004
-0.00332768
0.023087
0.00935763
0.00876606
0.0305503
0.00360847
-0.00427219
0.0152253
-0.00329156
-0.00818546
0.0202548
0.0153306
-0.00110422
0.0315635
0.00339089
0.0295819
0.0311744
0.0155979
-0.0100288
0.0215814
0.00577863
0.000214499
0.0414868
-0.00114061
-0.00935351
0.0371827
0.0404044
0.0202201
0.043356
-0.00331688
0.0124927
0.039799
0.0231102
0.0215073
0.0041609
0.00589119
0.0104938
0.0383326
-0.00879287
0.0257041
0.0106665
0.0201949
0.0349846
0.0394273
0.00578114
-0.00796293
-0.00658849
0.0257688
0.0438392
0.0412825
-0.0306158
-0.00555495
0.0268716
0.0135213
0.00534321
0.0215642
0.00954763
0.0243241
0.0205223
-0.00928958
-0.00446702
0.0382108
0.00884811
0.000838828
0.0372665
0.0154024
0.0325239
0.0304151
0.0179771
0.0047846
0.0222037
0.019922
-0.00503336
0.017316
0.02139
0.0481704
0.0224649
0.00315856
0.0141917
0.0290148
0.0294003
0.0394691
0.0306145
0.0115776
0.0108852
0.019191
0.0173299
0.00342623
0.0349717
0.0126298
0.00808921
0.0273947
0.0146425
-0.00669247
0.0122993
0.0267398
0.0115314
-0.0170867
0.00887066
0.0286768
-0.00299186
-0.00902542
0.0117527
0.0272863
0.00598202
0.00615722
0.0101721
0.022233
0.0189221
0.00244088
0.0214955
0.0177533
0.00307808
-0.0163952
0.0331201
0.0384904
0.0198349
-0.00704581
0.0121294
0.0132555
-0.00137671
-0.00543041
0.0179063
0.00935444
-0.0157915
-0.0101678
0.0442161
0.0324835
-0.00334808
-0.0310049
-0.00205718
0.0408551
0.00760491
-0.00760732
0.0138379
0.00654156
0.00906885
0.00105785
-0.00154524
0.00974588
-0.00225056
-0.0216191
0.0164944
0.0242283
-0.00679298
0.007603
0.00812259
-0.00179199
0.0254774
0.0125576
0.0161103
0.00880388
-0.00662113
0.0358074
0.00471566
0.0137651
-0.0309067
0.00977607
0.0294582
0.00962581
0.0202495
-0.0142253
0.0129559
0.0357087
0.0131308
0.0210773
0.00661949
0.0246705
0.012681
-0.0154322
0.0107612
0.00541405
0.0105073
0.0173265
0.00854761
-0.00524366
0.0154189
0.0283749
0.0267715
0.00313021
-0.0065478
0.00821526
-0.00010334
0.0192881
0.0255073
-0.00181067
-0.00309817
0.00977771
0.0141005
0.0243752
0.0132955
0.0219459
0.00050772
0.0335363
0.0111256
0.0101705
0.0241489
0.00940472
-0.00388631
0.0255439
-0.00511711
0.0148547
0.00400867
0.0292554
0.00365399
0.013221
0.0405949
0.00467931
0.00876988
0.0398284
0.0108085
-0.00144417
-0.000949671
0.00986278
-0.00684857
0.0148405
0.0195636
0.00195206
0.00705452
0.0251313
0.00563725
0.0152594
0.00640884
0.00691245
0.0211988
-0.0129749
0.0186396
0.0260442
0.0181283
-0.00133084
0.00540495
0.0242283
0.0260071
0.0152342
0.0124307
0.00914732
-0.00735179
0.00897215
0.0174967
-0.0121902
-0.00526007
0.0216649
-0.00746171
-0.0070881
0.022074
0.0089787
0.0229335
-0.00441462
0.0223097
0.032545
0.000541802
0.00296191
0.00327659
0.015559
0.0133624
0.00985783
-0.0239829
-0.00392744
0.0199639
0.0165198
0.0137793
0.00566492
0.0262885
0.000685832
0.0127415
0.00701259
0.0036709
0.00134658
-0.00386021
0.0160815
0.0138963
0.0245165
0.00996359
-0.0182417
0.00490718
0.0246004
0.0244859
0.0365214
-0.000396231
-0.0062122
-0.0177119
0.0176153
0.0319051
0.00088543
-0.00280866
-0.0048282
-0.00925447
0.0155633
0.00494948
0.0163642
0.0251749
-0.00381152
0.00860155
0.0186626
0.0128831
0.0205667
-0.0136168
0.00804409
-0.000240217
-0.000449189
0.0131504
0.00367682
0.0115801
0.00968055
0.00286295
0.0171598
-0.00257621
0.0176041
0.00803078
0.0084746
0.0177654
0.0144469
0.0114935
0.00895261
0.0341051
0.00783246
0.00182992
0.0264161
0.0120359
0.000116894
0.0078832
0.0109499
0.00825146
-0.0123418
0.00329013
0.0162362
0.00858604
0.022316
0.0237351
0.00727414
0.0161483
0.0190555
0.00964866
0.0122225
0.0153772
-0.0111826
0.0229043
-0.00134824
0.0234035
-0.00721161
0.0204715
0.0126341
0.0226427
0.01679
0.0241325
0.00248632
0.0350173
0.0020729
0.0110116
0.0159517
0.0212146
0.0107261
0.00407951
0.00502411
0.0238217
0.0151846
-0.0115413
-0.01196
0.0198413
0.0196571
0.0147561
0.0279343
0.000510194
0.00036116
0.0125454
0.027724
-0.0171862
0.0041027
0.0227432
0.00135697
0.00204145
-0.00444068
-0.0157589
0.00939749
0.0103623
0.00122892
-0.000429302
0.043562
0.0115364
-0.00219597
0.00689804
0.012236
0.0263437
0.00927863
-0.00229805
0.0124015
0.0138628
0.0198109
0.0120169
0.0179646
0.0107723
0.0196802
0.0100165
0.0149338
0.0249879
-0.00192308
0.00588152
0.00767706
0.0131813
0.0220146
0.021103
0.00114019
0.0362896
-0.0101729
0.00984302
0.0242706
-0.00928278
-0.0121908
0.0194052
0.0150443
0.00597138
0.0288873
0.0100722
0.0082173
-0.0160618
0.0211762
0.014601
-0.00763971
0.0132768
-0.00720832
0.0188909
-0.00717952
-0.0127727
0.0195235
0.00977408
0.040394
0.0108847
0.00615817
0.0181004
0.00479686
-0.00457506
-0.00305422
0.0127322
0.0193318
0.0227857
-0.00375326
0.01594
0.0131405
0.0245933
0.00153076
-0.0180943
0.011821
0.019918
-0.00835574
0.0175733
-0.00501731
0.0195477
0.0270576
0.00897284
0.00790138
0.00863244
0.00846001
0.000538209
-0.00601154
0.0377895
0.0283627
0.0111533
-0.0120059
-0.00811348
0.0454361
0.0179595
0.000308732
0.00538189
0.00538189
0.0133749
0.0174812
0.00500606
0.016011
-0.0123642
0.0195545
0.013614
0.00745379
-0.00479026
0.0292533
0.0119816
0.00442099
0.00625027
0.0182278
0.0233794
0.00823027
-0.00326253
0.000145317
0.0337973
0.0115984
0.0154123
0.00185989
0.010575
-0.00589933
0.0283336
0.011037
-0.00418476
0.0127545
0.0124933
0.00222739
-0.00574611
0.023891
0.0136069
0.00743571
-0.00140568
0.000155673
0.0120887
0.0258693
0.0170691
-0.00362676
0.000790382
0.0134084
0.0318916
-0.0140779
-0.00342485
0.0127451
0.00986671
0.000806421
0.0114643
-0.00230007
0.0161126
0.0101202
0.0208557
0.0157317
0.0121784
0.0052047
0.0151365
0.00964201
0.0218831
0.0117316
0.00258396
0.0153042
0.0102088
0.014146
0.0149861
0.00682431
0.000830192
0.00680541
0.0122115
0.0229811
0.00203014
0.00120857
-0.0139013
0.0133444
0.00686772
0.0159187
-0.0038823
-0.00840331
0.011492
0.00547526
0.00805482
0.00363479
-0.00549604
0.00219911
0.0246631
0.000615096
0.0195289
-0.00446223
0.000671042
0.0117352
0.019317
0.00201792
0.00196944
-0.00435537
-0.00921089
0.01637
0.00451971
0.0229737
0.00280798
0.000841864
0.0089748
0.00571693
0.00710515
-0.00896274
0.0262211
0.00167686
0.00810113
0.0154078
0.0127331
0.0114281
0.00652466
0.00708812
0.0014472
0.016951
0.00958014
0.0159707
-0.0043317
-0.00456605
0.0105864
0.00362258
0.0110349
0.00853332
-0.00225806
0.0200956
0.0198019
-0.00611694
-0.000426239
0.00519715
0.00807602
0.01061
0.0154585
-0.00191356
0.00402714
0.00768953
0.00232859
0.0226529
-0.01294
2.34792e-005
0.00931419
0.0198369
0.00166813
0.00824685
0.0174861
-0.00357378
-0.00399433
0.024167
0.00851606
0.0212394
0.00136416
0.000275659
0.00415096
0.00258725
0.0191827
0.0196374
-0.00352802
0.000692396
0.0180063
0.0163066
0.00676584
0.00447559
0.0176132
0.00926618
-0.011584
-0.00146218
-0.00756268
-0.00744287
-0.00271276
0.0154289
0.0141516
0.01735
0.0100553
-0.0121656
0.00227301
0.0122804
0.0268299
0.0365099
0.0115425
0.000934448
0.0283182
0.0272962
0.00113767
0.0137879
0.00295399
-0.000869356
0.011154
0.0271458
0.017424
0.0318564
0.0114156
0.00163363
0.00536778
0.0149907
0.0192986
0.00968106
-0.000286525
0.00729742
0.0056589
0.0266971
0.00311566
0.004623
-0.00492688
0.0288866
0.00419985
0.0186873
0.0153734
0.000107953
0.0150532
0.0318577
0.0230669
0.00326066
-0.011381
0.0137266
0.0174314
-0.00174974
0.00577698
0.0278477
0.0206241
0.00657149
0.0271557
0.00580478
0.0240307
-0.0200622
-0.00272088
0.00935824
0.0184916
0.01394
-0.00395151
-0.0109688
0.0184592
0.013225
0.0435299
0.00856419
-0.00210544
0.0174753
0.00527869
0.00651976
0.00422321
0.00291952
0.000974485
0.0121381
0.0203548
0.0106453
0.0236731
-0.00537817
0.00377785
0.0175638
0.0118297
0.0153391
-0.0128221
0.00585205
0.0115557
0.0262688
0.00895896
0.0258297
-0.0104684
0.015479
0.0184532
0.0271501
0.0175301
0.00881579
0.00557289
-0.00232538
0.0136797
0.021573
0.00382138
0.0185736
0.00878813
0.0148101
0.00188071
0.0101073
0.00211037
0.00544378
0.0176802
0.00541611
-0.00220959
0.0411801
0.00753544
-0.0145034
0.0171683
0.01734
0.0214643
0.0118683
0.00134925
0.0183022
0.014836
0.0300634
-0.000918116
0.00711895
0.0152473
0.0021489
0.00871076
0.0101811
-0.00979665
-0.00189202
0.0183138
0.0123517
-0.00405234
0.0196895
0.0133413
0.00823605
-0.00674096
-0.00195575
0.0150518
-0.00189444
-0.00811168
-0.00177228
0.0201404
0.00458735
0.0123438
0.0125469
0.00514587
0.00834116
0.0158463
-0.00258087
0.00193811
0.0261733
0.00637325
0.0010987
0.014518
-0.00405593
0.00378551
0.010305
-0.000900489
-0.00220466
0.0278385
0.0181053
0.00347591
0.0120256
0.0257388
0.00464969
0.0207235
0.00861653
-0.0114052
0.00457496
0.00240144
0.0277794
0.0205819
-0.00616785
0.00352984
0.0176015
0.0176136
0.0160893
0.00904146
-0.000528393
-0.00173716
0.00249021
0.00458557
0.00919888
0.0223256
-0.0124139
0.0178052
0.0168001
0.0124657
0.00973543
0.00923557
-0.00834957
0.0241901
0.0255432
0.00642152
0.00226281
0.0100816
-0.00910962
0.0419919
0.0223366
0.00914206
0.0174426
0.0190985
0.0029826
0.0117155
0.0148955
0.01003
0.0190252
0.0197262
-0.0123187
0.0234949
0.0216176
-0.00159673
0.00443166
0.0150442
0.011994
0.00836745
0.0184714
0.00606314
0.00722271
0.015127
0.0198311
-0.00248497
0.0224689
-0.00412036
-0.00676353
0.0335409
0.0292853
-0.004086
-0.00288978
0.0188105
0.0283566
0.0222222
0.0214814
0.00741735
0.00505292
-0.00978114
0.0199786
0.0132751
0.0160089
0.0138816
0.00561641
0.00975309
0.00847765
0.00416317
-0.0116916
0.0016584
0.00480023
0.0229992
0.00446727
-0.000568624
-0.0191479
0.0257732
0.0199449
0.0163501
0.0274166
0.0394534
0.000314239
0.0160342
0.00353462
0.0073681
0.0332733
0.0133592
-0.00754672
0.000532077
-0.00252078
0.0155375
0.0264043
0.00354854
0.0120997
0.00830914
0.0122897
-0.0214775
0.0058766
-0.014162
0.0177052
0.00485634
0.0168491
0.0263404
0.0136378
0.0200379
0.0055302
-0.00398363
0.0133862
0.0126612
0.000884776
-0.00763861
0.0223341
0.0205015
0.0102441
-0.0156342
0.0123797
-0.00654115
0.0141138
0.02845
0.00395789
0.0107828
0.0154757
0.0139021
0.0191436
-0.00879273
0.00656965
0.0023485
0.0205513
0.00570652
0.0258644
0.0191239
-0.00499337
0.00902475
0.0188753
0.0224145
0.0275631
0.00907904
-0.0159847
0.00460027
0.0298816
0.019857
0.0207432
0.00235273
0.015145
0.00452992
0.0170954
0.00270804
0.00454554
0.00781461
0.0123136
0.0225111
0.0188594
0.00304371
-0.00799199
0.00948665
0.00749792
0.00747639
0.00929374
0.0203784
-0.00431247
0.00762677
0.00282776
0.00958535
0.0161259
0.00888931
-0.00932291
0.00378485
0.0204468
0.0060432
0.0166752
-0.00412033
-0.021489
0.0150833
-0.00727449
0.0187464
-0.0102856
0.0113068
0.0216865
-0.000670456
0.00470544
0.00799134
0.0353928
0.00561771
0.0139822
0.0113243
-0.00122287
0.0011573
0.0158612
-0.000611616
0.0130117
0.0139837
0.00993268
0.00844427
-3.92332e-005
0.0114105
0.016467
-0.00990108
-0.00625395
-0.00297839
0.0183535
0.0148696
-0.00202617
-0.00428108
0.00863296
0.00570359
-0.00846098
0.017725
0.0109054
0.00952352
0.00499604
-0.00137481
0.0282292
0.0148133
0.0302642
-0.00756191
-0.00297055
0.0283612
0.00871073
0.00727926
0.00439143
0.00735049
8.66935e-005
0.009661
0.0110191
0.019474
-0.00915436
0.0134133
0.00207903
0.0152505
0.00185661
0.0075498
0.0291461
0.0124829
0.00761723
0.0208731
-0.000686198
-0.00167615
0.00459635
0.00199858
0.00275649
0.0160288
0.015903
0.00176871
0.00107835
-0.00147618
0.00474378
0.00476571
0.0173848
-0.0100106
-0.00260265
0.0250908
0.0246474
0.00294388
0.00948182
0.0163455
0.0239486
0.0109125
0.00328013
0.00882036
0
0
0
0
0
0
0
0
0
0
0
0
0
0
0
0
0
0
0
0
0
0
0
0
0
0
0
0
0
0
0
0
0
0
0
0
0
0
0
0
0
0
0
0
0
0
0
0
0
0
0
0
0
0
0
0
0
0
0
0
0
0
0
0
0
0
0
0
0
0
0
0
0
0
0
0
0
0
0
0
0
0
0
0
0
0
0
0
0
0
0
0
0
0
0
0
0
0
0
0
0
0
0
0
0
0
0
0
0
0
0
0
0
0
0
0
0
0
0
0
0
0
0
0
0
0
0
0
0
0
0
0
0
0
0
0
0
0
0
0
0
0
0
0
0
0
0
0
0
0
0
0
0
0
0
0
0
0
0
0
0
0
0
0
0
0
0
0
0
0
0
0
0
0
0
0
0
0
0
0
0
0
0
0
0
0
0
0
0
0
0
0
0
0
0
0
0
0
0
0
0
0
0
0
0
0
0
0
0
0
0
0
0
0
0
0
0
0
0
0
0
0
0
0
0
0
0
0
0
0
0
0
0
0
0
0
0
0
0
0
0
0
0
0
0
0
0
0
0
0
0
0
0
0
0
0
0
0
0
0
0
0
0
0
0
0
0
0
0
0
0
0
0
0
0
0
0
0
0
0
0
0
0
0
0
0
0
0
0
0
0
0
0
0
0
0
0
0
0
0
0
0
0
0
0
0
0
0
0
0
0
0
0
0
0
0
0
0
0
0
0
0
0
0
0
0
0
0
0
0
0
0
0
0
0
0
0
0
0
0
0
0
0
0
0
0
0
0
0
0
0
0
0
0
0
0
0
0
0
0
0
0
0
0
0
0
0
0
0
0
0
0
0
0
0
0
0
0
0
0
0
0
0
0
0
0
0
0
0
0
0
0
0
0
0
0
0
0
0
0
0
0
0
0
0
0
0
0
0
0
0
0
0
0
0
0
0
0
0
0
0
0
0
0
0
0
0
0
0
0
0
0
0
0
0
0
0
0
0
0
0
0
0
0
0
0
0
0
0
0
0
0
0
0
0
0
0
0
0
0
0
0
0
0
0
0
0
0
0
0
0
0
0
0
0
0
0
0
0
0
0
0
0
0
0
0
0
0
0
0
0
0
0
0
0
0
0
0
0
0
0
0
0
0
0
0
0
0
0
0
0
0
0
0
0
0
0
0
0
0
0
0
0
0
0
0
0
0
0
0
0
0
0
0
0
0
0
0
0
0
0
0
0
0
0
0
0
0
0
0
0
0
0
0
0
0
0
0
0
0
0
0
0
0
0
0
0
0
0
0
0
0
0
0
0
0
0
0
0
0
0
0
0
0
0
0
0
0
0
0
0
0
0
0
0
0
0
0
0
0
0
0
0
0
0
0
0
0
0
0
0
0
0
0
0
0
0
0
0
0
0
0
0
0
0
0
0
0
0
0
0
0
0
0
0
0
0
0
0
0
0
0
0
0
0
0
0
0
0
0
0
0
0
0
0
0
0
0
0
0
0
0
0
0
0
0
0
0
0
0
0
0
0
0
0
0
0
0
0
0
0
0
0
0
0
0
0
0
0
0
0
0
0
0
0
0
0
0
0
0
0
0
0
0
0
0
0
0
0
0
0
0
0
0
0
0
0
0
0
0
0
0
0
0
0
0
0
0
0
0
0
0
0
0
0
0
0
0
0
0
0
0
0
0
0
0
0
0
0
0
0
0
0
0
0
0
0
0
0
0
0
0
0
0
0
0
0
0
0
0
0
0
0
0
0
0
0
0
0
0
0
0
0
0
0
0
0
0
0
0
0
0
0
0
0
0
0
0
0
0
0
0
0
0
0
0
0
0
0
0
0
0
0
0
0
0
0
0
0
0
0
0
0
0
0
0
0
0
0
0
0
0
0
0
0
0
0
0
0
0
0
0
0
0
0
0
0
0
0
0
0
0
0
0
0
0
0
0
0
0
0
0
0
0
0
0
0
0
0
0
0
0
0
0
0
0
0
0
0
0
0
0
0
0
0
0
0
0
0
0
0
0
0
0
0
0
0
0
0
0
0
0
0
0
0
0
0
0
0
0
0
0
0
0
0
0
0
0
0
0
0
0
0
0
0
0
0
0
0
0
0
0
0
0
0
0
0
0
0
0
0
0
0
0
0
0
0
0
0
0
0
0
0
0
0
0
0
0
0
0
0
0
0
0
0
0
0
0
0
0
0
0
0
0
0
0
0
0
0
0
0
0
0
0
0
0
0
0
0
0
0
0
0
0
0
0
0
0
0
0
0
0
0
0
0
0
0
0
0
0
0
0
0
0
0
0
0
0
0
0
0
0
0
0
0
0
0
0
0
0
0
0
0
0
0
0
0
0
0
0
0
0
0
0
0
0
0
0
0
0
0
0
0
0
0
0
0
0
0
0
0
0
0
0
0
0
0
0
0
0
0
0
0
0
0
0
0
0
0
0
0
0
0
0
0
0
0
0
0
0
0
0
0
0
0
0
0
0
0
0
0
0
0
0
0
0
0
0
0
0
0
0
0
0
0
0
0
0
0
0
0
0
0
0
0
0
0
0
0
0
0
0
0
0
0
0
0
0
0
0
0
0
0
0
0
0
0
0
0
0
0
0
0
0
0
0
0
0
0
0
0
0
0
0
0
0
0
0
0
0
0
0
0
0
0
0
0
0
0
0
0
0
0
0
