0
0
0
0
0
0
0
0
0
0
5.74539e-006
3.84078e-005
0.000129059
0.000303132
0.000577282
0.00096322
0.0014679
0.00209204
0.00283038
0.00367452
0.00461451
0.00563893
0.00673405
0.00788251
0.00906658
0.010271
0.0114823
0.0126896
0.0138823
0.0150487
0.0161794
0.0172685
0.0183117
0.019305
0.0202448
0.0211281
0.0219527
0.0227168
0.0234195
0.0240605
0.0246399
0.0251587
0.0256182
0.0260204
0.0263675
0.0266622
0.0269075
0.0271066
0.0272629
0.0273793
0.0274564
0.0274937
0.0274908
0.0274487
0.0273691
0.0272547
0.0271085
0.0269342
0.0267355
0.0265165
0.0262805
0.0260305
0.0257709
0.0255059
0.0252384
0.0249711
0.0247062
0.0244468
0.0241968
0.0239596
0.0237371
0.0235298
0.0233367
0.0231571
0.0229926
0.0228451
0.0227153
0.0226019
0.0225029
0.0224176
0.0223465
0.0222901
0.0222477
0.0222174
0.0221987
0.0221899
0.0221891
0.0221963
0.0222116
0.0222348
0.0222644
0.0222979
0.0223323
0.0223643
0.0223922
0.0224164
0.0224371
0.0224545
0.0224687
0.0224797
0.0224862
0.0224872
0.0224844
0.0224806
0.0224776
0.0224746
0.0224694
0.0224618
0.0224539
0.0224467
0.0224398
0.0224334
0.0224286
0.0224267
0.0224278
0.0224328
0.0224425
0.0224581
0.0224814
0.0225149
0.0225586
0.0226108
0.0226698
0.0227348
0.022803
0.0228718
0.02294
0.0230069
0.023073
0.0231394
0.0232067
0.0232764
0.0233496
0.0234256
0.0235011
0.0235732
0.0236402
0.0236991
0.0237465
0.0237812
0.0238044
0.0238182
0.0238232
0.0238179
0.0238018
0.0237762
0.0237439
0.0237086
0.0236728
0.0236349
0.0235912
0.023539
0.0234785
0.0234119
0.0233421
0.0232721
0.0232022
0.0231335
0.0230685
0.0230085
0.0229541
0.0229061
0.0228652
0.0228302
0.0227989
0.0227703
0.0227447
0.0227219
0.0227007
0.0226794
0.0226585
0.0226389
0.0226199
0.022601
0.022583
0.0225681
0.0225579
0.0225526
0.0225508
0.0225515
0.0225554
0.0225627
0.0225729
0.0225869
0.0226063
0.0226306
0.0226591
0.0226906
0.022725
0.0227627
0.0228024
0.0228415
0.0228772
0.0229075
0.0229312
0.0229479
0.0229589
0.0229679
0.0229769
0.0229869
0.0229963
0.0230019
0.0230008
0.0229925
0.0229783
0.0229612
0.0229453
0.0229338
0.0229277
0.0229258
0.0229261
0.022927
0.0229275
0.0229258
0.0229185
0.0229043
0.0228842
0.0228587
0.022829
0.0227977
0.0227676
0.0227406
0.0227173
0.0226983
0.0226841
0.0226749
0.0226701
0.0226678
0.0226655
0.0226619
0.022658
0.0226561
0.0226575
0.0226633
0.0226743
0.0226893
0.0227069
0.0227254
0.0227444
0.022765
0.022789
0.0228179
0.0228514
0.0228865
0.0229211
0.022954
0.0229835
0.0230087
0.0230284
0.0230407
0.0230442
0.0230401
0.0230311
0.0230189
0.0230044
0.022987
0.0229663
0.022942
0.0229138
0.0228821
0.0228475
0.0228116
0.0227769
0.022745
0.0227156
0.0226882
0.0226645
0.0226473
0.0226366
0.0226305
0.0226278
0.0226289
0.0226352
0.0226472
0.0226644
0.022687
0.0227153
0.0227479
0.0227813
0.0228126
0.022842
0.0228705
0.0228984
0.0229256
0.0229521
0.0229764
0.0229964
0.0230103
0.0230169
0.0230165
0.0230093
0.0229954
0.0229761
0.0229541
0.0229311
0.022907
0.0228821
0.0228575
0.022833
0.0228095
0.0227885
0.0227704
0.022755
0.0227424
0.0227342
0.0227324
0.0227355
0.0227395
0.0227423
0.0227443
0.0227452
0.0227438
0.0227403
0.0227364
0.0227341
0.0227337
0.0227341
0.022735
0.0227377
0.0227425
0.0227493
0.0227576
0.0227669
0.0227768
0.0227876
0.0228014
0.0228199
0.0228433
0.0228694
0.022895
0.0229167
0.0229331
0.0229442
0.0229517
0.0229568
0.0229601
0.0229626
0.0229653
0.022968
0.0229692
0.0229679
0.0229656
0.0229639
0.0229626
0.0229606
0.0229576
0.0229548
0.0229528
0.0229505
0.0229473
0.0229436
0.0229388
0.0229314
0.0229217
0.0229106
0.0228971
0.0228804
0.022862
0.0228457
0.0228347
0.022829
0.0228261
0.0228253
0.0228265
0.0228291
0.0228318
0.0228343
0.0228383
0.0228459
0.0228576
0.0228719
0.0228873
0.0229025
0.0229177
0.0229343
0.0229542
0.0229792
0.0230093
0.0230417
0.0230736
0.0231041
0.0231324
0.0231557
0.0231727
0.023184
0.0231896
0.0231884
0.0231798
0.0231663
0.0231511
0.0231357
0.0231188
0.0230985
0.0230752
0.023051
0.0230274
0.0230065
0.0229893
0.0229748
0.022961
0.0229468
0.0229323
0.0229177
0.0229033
0.0228904
0.0228816
0.0228791
0.0228839
0.0228947
0.0229091
0.0229258
0.0229442
0.0229648
0.0229876
0.0230108
0.0230311
0.0230469
0.0230594
0.0230702
0.0230796
0.0230874
0.0230942
0.0231003
0.0231061
0.0231111
0.0231144
0.0231146
0.0231102
0.0231006
0.023086
0.023067
0.0230434
0.0230146
0.0229809
0.022943
0.0229015
0.0228573
0.0228118
0.0227669
0.0227247
0.022686
0.0226508
0.0226187
0.0225885
0.0225597
0.0225331
0.0225103
0.022493
0.0224816
0.0224762
0.0224781
0.022488
0.0225065
0.0225333
0.0225672
0.0226055
0.0226454
0.0226847
0.0227213
0.0227537
0.0227807
0.0228025
0.0228218
0.0228412
0.0228618
0.0228835
0.0229055
0.0229267
0.0229463
0.0229639
0.0229805
0.0229959
0.0230082
0.0230165
0.0230219
0.0230275
0.0230361
0.0230473
0.0230592
0.0230706
0.0230822
0.0230938
0.0231035
0.0231094
0.0231112
0.0231085
0.0231007
0.0230859
0.0230631
0.0230328
0.0229959
0.0229545
0.0229107
0.0228667
0.0228238
0.0227825
0.0227433
0.022707
0.0226733
0.0226414
0.0226118
0.0225871
0.0225701
0.0225617
0.0225626
0.022572
0.0225888
0.0226115
0.0226387
0.0226707
0.0227085
0.022751
0.0227969
0.0228452
0.022894
0.022941
0.0229836
0.0230194
0.0230478
0.0230691
0.0230842
0.0230935
0.0230973
0.0230972
0.0230942
0.0230889
0.0230807
0.0230684
0.023052
0.0230319
0.0230066
0.0229744
0.0229345
0.0228885
0.0228387
0.0227878
0.0227386
0.0226919
0.0226483
0.0226092
0.0225776
0.022556
0.0225446
0.0225426
0.0225484
0.0225602
0.0225769
0.022599
0.0226263
0.022658
0.0226936
0.0227333
0.0227767
0.0228219
0.0228669
0.0229102
0.0229494
0.0229828
0.0230095
0.0230294
0.0230429
0.0230501
0.0230516
0.0230482
0.0230394
0.0230234
0.0229981
0.0229624
0.022917
0.0228636
0.0228063
0.0227493
0.0226947
0.0226412
0.0225874
0.0225336
0.0224821
0.0224344
0.0223919
0.0223547
0.0223229
0.0222962
0.0222749
0.0222601
0.0222526
0.022252
0.0222561
0.0222606
0.0222624
0.0222615
0.0222606
0.0222639
0.0222746
0.0222925
0.0223145
0.0223367
0.0223577
0.0223783
0.0223996
0.0224223
0.0224456
0.0224692
0.0224952
0.0225254
0.0225588
0.0225925
0.0226241
0.0226519
0.0226758
0.0226971
0.0227174
0.0227368
0.0227543
0.0227701
0.0227868
0.0228065
0.0228287
0.0228511
0.0228717
0.0228898
0.0229053
0.0229188
0.022931
0.022941
0.0229474
0.0229503
0.0229519
0.0229552
0.0229607
0.0229669
0.0229715
0.0229732
0.0229724
0.022973
0.0229782
0.0229887
0.0230038
0.0230209
0.0230372
0.0230517
0.0230631
0.0230694
0.0230691
0.0230628
0.0230524
0.0230392
0.0230231
0.0230035
0.0229809
0.0229575
0.022935
0.0229142
0.0228953
0.0228795
0.022869
0.0228653
0.0228691
0.0228813
0.0229005
0.0229225
0.0229439
0.0229639
0.0229824
0.0230003
0.0230198
0.023041
0.0230615
0.0230781
0.0230894
0.0230961
0.0230983
0.0230958
0.0230902
0.0230849
0.0230816
0.0230804
0.0230802
0.0230791
0.0230767
0.0230742
0.0230723
0.0230692
0.0230626
0.0230526
0.0230406
0.0230277
0.0230151
0.0230034
0.022992
0.0229802
0.0229674
0.0229532
0.0229379
0.0229224
0.0229069
0.0228909
0.0228738
0.0228552
0.0228361
0.0228191
0.0228055
0.0227956
0.0227888
0.0227837
0.0227796
0.0227762
0.0227741
0.0227755
0.0227825
0.0227945
0.0228104
0.0228295
0.0228534
0.0228845
0.022923
0.0229671
0.0230139
0.0230613
0.0231077
0.0231515
0.0231924
0.0232294
0.023261
0.023288
0.0233123
0.0233345
0.0233538
0.0233677
0.0233748
0.0233755
0.0233694
0.0233546
0.0233291
0.0232943
0.0232535
0.0232093
0.0231627
0.0231147
0.0230655
0.0230151
0.0229647
0.0229163
0.0228712
0.0228285
0.0227884
0.0227515
0.022718
0.0226875
0.0226602
0.022637
0.0226191
0.0226064
0.0225985
0.0225948
0.0225952
0.022598
0.0226019
0.0226065
0.0226111
0.0226145
0.0226156
0.0226138
0.0226097
0.0226052
0.0226007
0.0225949
0.0225874
0.0225796
0.0225745
0.0225739
0.0225793
0.0225917
0.0226112
0.0226361
0.0226637
0.0226915
0.0227183
0.0227439
0.022769
0.0227933
0.0228139
0.0228278
0.022835
0.0228386
0.0228435
0.0228541
0.022872
0.022896
0.0229249
0.0229567
0.0229898
0.0230249
0.0230622
0.0230992
0.0231331
0.0231619
0.0231833
0.0231954
0.0231957
0.0231826
0.0231563
0.0231192
0.0230758
0.0230295
0.0229838
0.0229417
0.022904
0.0228695
0.0228363
0.022802
0.0227647
0.0227235
0.0226807
0.0226395
0.0226011
0.0225667
0.0225388
0.0225188
0.0225074
0.0225055
0.0225134
0.0225289
0.0225481
0.0225691
0.0225913
0.0226143
0.0226388
0.0226669
0.0227004
0.0227396
0.0227829
0.0228279
0.0228719
0.0229133
0.0229525
0.0229903
0.0230256
0.0230564
0.0230793
0.0230921
0.0230953
0.0230915
0.0230833
0.0230733
0.0230631
0.023051
0.0230349
0.0230144
0.0229906
0.0229643
0.0229353
0.022905
0.0228749
0.0228453
0.0228162
0.0227879
0.0227609
0.0227361
0.0227141
0.0226939
0.0226747
0.0226561
0.022638
0.0226211
0.0226075
0.0225996
0.0225987
0.0226057
0.0226209
0.022643
0.0226713
0.0227064
0.0227486
0.0227968
0.0228481
0.0228996
0.0229494
0.0229948
0.0230349
0.0230715
0.0231062
0.0231398
0.0231712
0.0231993
0.0232256
0.0232505
0.0232716
0.0232853
0.0232865
0.0232699
0.0232326
0.023177
0.0231087
0.0230333
0.022954
0.0228711
0.0227856
0.0227002
0.0226176
0.0225425
0.0224803
0.0224341
0.0224034
0.0223866
0.0223819
0.0223861
0.0223962
0.0224124
0.0224377
0.0224745
0.0225242
0.0225864
0.0226596
0.0227442
0.0228406
0.022947
0.0230611
0.0231802
0.0233015
0.0234209
0.0235352
0.0236409
0.0237328
0.0238076
0.0238644
0.0239049
0.0239319
0.0239481
0.0239544
0.0239506
0.0239377
0.023918
0.023893
0.0238635
0.0238304
0.0237939
0.0237554
0.023716
0.0236753
0.0236325
0.0235885
0.0235442
0.0234998
0.0234555
0.0234124
0.0233695
0.0233247
0.0232774
0.0232294
0.0231835
0.0231416
0.0231039
0.0230694
0.0230358
0.0230012
0.0229647
0.022926
0.022886
0.022847
0.0228123
0.0227827
0.0227554
0.0227272
0.0226956
0.0226587
0.0226175
0.0225739
0.0225289
0.0224842
0.0224424
0.0224075
0.0223825
0.0223683
0.0223637
0.0223664
0.0223738
0.022384
0.022396
0.0224095
0.0224254
0.0224458
0.0224728
0.022507
0.0225463
0.0225891
0.0226369
0.0226934
0.0227583
0.0228275
0.0228974
0.0229673
0.0230384
0.0231104
0.023181
0.0232501
0.0233192
0.0233893
0.0234605
0.0235319
0.0236032
0.0236754
0.0237486
0.0238222
0.0238949
0.0239648
0.0240295
0.0240869
0.0241373
0.0241819
0.0242213
0.0242549
0.0242819
0.0243001
0.0243056
0.0242954
0.0242692
0.0242278
0.0241733
0.0241084
0.0240338
0.0239493
0.0238552
0.023754
0.0236484
0.0235402
0.0234311
0.0233224
0.0232153
0.0231116
0.0230143
0.0229249
0.0228442
0.0227725
0.0227091
0.0226526
0.0226018
0.0225574
0.0225203
0.0224898
0.0224647
0.0224445
0.0224299
0.0224227
0.0224246
0.0224365
0.0224566
0.0224829
0.0225142
0.0225515
0.0225963
0.022648
0.0227044
0.0227638
0.0228246
0.0228861
0.0229486
0.0230108
0.0230704
0.0231269
0.0231811
0.0232334
0.023282
0.0233253
0.0233648
0.0234037
0.0234457
0.0234913
0.0235378
0.0235809
0.0236177
0.0236471
0.0236687
0.0236822
0.023689
0.0236902
0.0236848
0.0236719
0.0236521
0.0236279
0.0236012
0.0235739
0.0235472
0.0235212
0.0234957
0.0234697
0.023442
0.0234128
0.0233814
0.0233456
0.0233038
0.023255
0.0231995
0.0231387
0.0230726
0.0230015
0.022926
0.0228471
0.0227672
0.0226889
0.0226144
0.022544
0.0224763
0.0224096
0.0223419
0.0222715
0.0221983
0.0221236
0.0220511
0.0219857
0.0219317
0.0218894
0.0218556
0.0218273
0.0218056
0.0217928
0.0217907
0.0218005
0.0218219
0.0218531
0.0218905
0.0219321
0.0219795
0.0220357
0.022102
0.0221771
0.0222593
0.0223481
0.022443
0.0225426
0.0226428
0.0227406
0.0228357
0.0229281
0.0230176
0.0231032
0.0231841
0.0232624
0.0233408
0.0234206
0.0235011
0.0235812
0.0236616
0.0237432
0.0238232
0.0238967
0.0239591
0.0240077
0.0240427
0.0240656
0.0240784
0.0240837
0.0240834
0.0240791
0.0240715
0.0240599
0.0240408
0.0240105
0.023969
0.023919
0.023862
0.0237989
0.0237291
0.0236524
0.0235707
0.0234876
0.0234066
0.0233294
0.0232566
0.0231866
0.0231163
0.0230443
0.0229717
0.0229011
0.0228358
0.0227786
0.0227318
0.0226962
0.0226708
0.0226531
0.0226412
0.0226343
0.0226315
0.0226308
0.0226311
0.0226319
0.0226325
0.0226314
0.0226276
0.0226213
0.0226119
0.0225993
0.0225861
0.0225741
0.0225627
0.0225507
0.0225372
0.0225221
0.0225061
0.0224916
0.0224827
0.0224834
0.0224952
0.022517
0.0225464
0.0225817
0.0226215
0.0226641
0.0227085
0.022754
0.0227994
0.0228418
0.0228765
0.0229021
0.0229198
0.0229311
0.0229367
0.0229372
0.0229336
0.0229274
0.0229189
0.0229075
0.0228945
0.022884
0.0228802
0.0228835
0.0228902
0.0228953
0.0228962
0.0228925
0.0228853
0.0228753
0.0228609
0.0228395
0.0228112
0.0227779
0.0227405
0.0226991
0.0226544
0.0226078
0.0225609
0.0225154
0.0224755
0.0224451
0.0224259
0.0224188
0.0224238
0.0224394
0.0224632
0.022491
0.0225187
0.0225441
0.0225685
0.0225943
0.0226229
0.0226564
0.0226961
0.0227407
0.0227876
0.0228358
0.0228861
0.0229388
0.0229933
0.02305
0.0231096
0.0231705
0.0232302
0.0232876
0.0233437
0.0233991
0.0234516
0.0234979
0.0235354
0.0235651
0.0235896
0.0236104
0.0236271
0.0236373
0.023639
0.0236347
0.0236291
0.0236264
0.0236276
0.0236303
0.0236301
0.0236235
0.0236094
0.0235885
0.0235617
0.0235305
0.0234965
0.0234604
0.0234235
0.0233887
0.0233584
0.0233327
0.0233107
0.023293
0.0232812
0.0232757
0.0232744
0.0232751
0.0232776
0.0232811
0.023282
0.0232763
0.0232618
0.0232381
0.0232066
0.02317
0.0231312
0.0230922
0.0230537
0.0230155
0.022978
0.0229424
0.0229098
0.0228804
0.0228538
0.02283
0.0228089
0.0227898
0.0227708
0.0227511
0.0227323
0.0227159
0.0227029
0.0226928
0.0226836
0.0226743
0.022665
0.0226582
0.0226572
0.0226635
0.0226758
0.0226907
0.0227061
0.0227211
0.0227349
0.0227459
0.0227512
0.0227483
0.0227368
0.0227164
0.0226863
0.0226479
0.0226054
0.0225634
0.0225246
0.0224896
0.0224586
0.0224313
0.0224073
0.0223859
0.0223666
0.0223503
0.0223366
0.022323
0.0223074
0.0222893
0.0222706
0.0222533
0.0222388
0.0222283
0.0222231
0.0222232
0.0222271
0.0222341
0.0222435
0.0222543
0.0222654
0.0222757
0.0222843
0.0222916
0.0222985
0.0223063
0.022316
0.0223275
0.0223386
0.0223466
0.0223498
0.0223493
0.0223462
0.022341
0.0223335
0.022323
0.0223094
0.0222926
0.0222719
0.0222467
0.0222176
0.0221859
0.0221528
0.022119
0.0220851
0.0220526
0.0220231
0.0219981
0.02198
0.0219705
0.0219692
0.0219737
0.021984
0.0220026
0.022033
0.0220764
0.0221313
0.0221965
0.0222717
0.0223562
0.0224482
0.0225454
0.0226449
0.0227442
0.0228411
0.0229344
0.0230235
0.0231076
0.0231861
0.0232589
0.0233273
0.0233925
0.0234535
0.023508
0.0235542
0.0235901
0.0236138
0.0236235
0.0236183
0.0235992
0.0235687
0.0235298
0.0234849
0.0234352
0.0233802
0.023319
0.0232521
0.023182
0.0231117
0.0230451
0.0229838
0.0229273
0.0228749
0.0228263
0.0227834
0.0227494
0.0227248
0.0227086
0.0226995
0.022697
0.0226995
0.0227051
0.0227139
0.0227266
0.0227438
0.0227655
0.0227895
0.0228124
0.0228327
0.022851
0.0228684
0.0228864
0.022906
0.0229268
0.0229466
0.0229639
0.0229782
0.0229903
0.0230018
0.0230131
0.0230238
0.0230332
0.0230417
0.023051
0.0230621
0.0230745
0.0230868
0.0230957
0.023098
0.0230928
0.0230816
0.0230683
0.0230561
0.0230453
0.0230343
0.0230219
0.0230079
0.0229941
0.0229831
0.0229771
0.0229759
0.0229787
0.0229844
0.0229919
0.0230009
0.0230118
0.0230249
0.0230407
0.0230579
0.0230744
0.0230879
0.0230965
0.023101
0.0231029
0.0231041
0.0231061
0.0231077
0.0231071
0.0231029
0.0230951
0.0230849
0.0230723
0.0230558
0.0230359
0.0230146
0.0229949
0.0229798
0.0229713
0.0229707
0.0229781
0.0229914
0.0230064
0.0230193
0.0230295
0.0230383
0.0230478
0.02306
0.0230758
0.0230954
0.0231182
0.0231431
0.0231692
0.0231968
0.023227
0.0232608
0.0232981
0.023339
0.0233837
0.0234317
0.023482
0.0235338
0.0235858
0.0236361
0.0236821
0.0237214
0.0237523
0.0237739
0.0237853
0.0237849
0.0237737
0.0237537
0.0237257
0.0236914
0.0236534
0.0236147
0.023577
0.0235385
0.023497
0.0234524
0.0234072
0.0233643
0.0233263
0.0232953
0.0232725
0.0232566
0.0232444
0.0232335
0.0232232
0.0232137
0.0232057
0.0232005
0.0231976
0.0231946
0.0231911
0.0231891
0.0231907
0.0231956
0.0232017
0.0232057
0.0232049
0.023198
0.0231844
0.0231632
0.0231353
0.0231033
0.0230697
0.0230361
0.0230037
0.0229724
0.022942
0.0229127
0.022886
0.0228616
0.0228388
0.0228176
0.0227992
0.0227846
0.0227746
0.0227696
0.0227708
0.0227778
0.0227887
0.0228023
0.0228171
0.022834
0.0228566
0.0228869
0.0229246
0.0229679
0.0230138
0.0230604
0.0231073
0.023155
0.0232035
0.0232516
0.023299
0.0233449
0.0233892
0.0234329
0.0234782
0.0235256
0.0235724
0.0236142
0.023648
0.0236728
0.023691
0.0237048
0.0237137
0.0237165
0.0237144
0.0237082
0.0236983
0.023685
0.0236712
0.0236591
0.0236487
0.0236389
0.0236301
0.0236234
0.0236194
0.0236186
0.0236208
0.0236248
0.0236285
0.0236297
0.0236261
0.0236169
0.0236026
0.0235845
0.0235654
0.0235475
0.0235304
0.0235133
0.0234966
0.0234815
0.0234689
0.0234579
0.0234463
0.0234328
0.0234178
0.0234036
0.0233924
0.0233847
0.0233794
0.0233747
0.0233696
0.0233621
0.0233501
0.0233331
0.0233129
0.0232924
0.0232728
0.023253
0.0232306
0.023203
0.0231692
0.0231312
0.0230924
0.0230567
0.0230273
0.0230059
0.0229924
0.0229869
0.0229908
0.0230059
0.023032
0.0230677
0.023111
0.0231601
0.0232141
0.0232726
0.0233347
0.0233993
0.0234654
0.0235315
0.0235963
0.0236573
0.0237117
0.0237579
0.0237972
0.0238312
0.0238597
0.023881
0.023895
0.0239032
0.0239055
0.0239012
0.0238914
0.0238778
0.0238602
0.0238365
0.0238042
0.0237632
0.0237163
0.0236664
0.0236157
0.0235661
0.0235198
0.0234795
0.0234468
0.0234219
0.0234038
0.0233915
0.0233839
0.0233805
0.0233818
0.023389
0.0234013
0.0234166
0.0234321
0.0234468
0.0234614
0.0234762
0.0234912
0.0235065
0.0235228
0.0235411
0.0235626
0.0235871
0.0236131
0.0236385
0.0236606
0.0236775
0.0236886
0.0236939
0.0236932
0.0236874
0.023679
0.02367
0.0236616
0.0236542
0.0236465
0.0236379
0.0236297
0.0236233
0.0236196
0.0236179
0.0236177
0.0236193
0.023623
0.0236286
0.0236356
0.0236441
0.0236546
0.0236662
0.0236777
0.0236876
0.0236941
0.0236953
0.0236896
0.0236764
0.0236564
0.0236313
0.0236028
0.0235711
0.0235366
0.0235
0.0234609
0.0234191
0.0233748
0.0233278
0.023278
0.0232261
0.0231733
0.023119
0.0230624
0.0230047
0.0229471
0.0228905
0.0228371
0.022788
0.022744
0.0227061
0.0226741
0.0226464
0.0226215
0.0225983
0.0225746
0.0225476
0.0225183
0.0224904
0.0224667
0.0224475
0.0224333
0.0224278
0.0224355
0.0224582
0.0224947
0.0225417
0.0225955
0.022654
0.0227155
0.0227792
0.0228436
0.0229062
0.0229651
0.0230191
0.0230684
0.0231148
0.0231581
0.0231975
0.0232328
0.0232636
0.0232889
0.0233077
0.0233199
0.0233261
0.023328
0.0233269
0.0233219
0.0233112
0.023293
0.023268
0.0232399
0.0232123
0.023185
0.0231555
0.0231228
0.0230904
0.023063
0.0230418
0.0230254
0.0230126
0.0230041
0.023001
0.0230036
0.0230115
0.0230235
0.0230389
0.0230585
0.0230829
0.0231122
0.0231456
0.0231821
0.0232216
0.0232648
0.0233107
0.0233565
0.0233988
0.0234346
0.0234632
0.0234845
0.0235
0.0235123
0.0235235
0.0235341
0.023543
0.0235483
0.0235481
0.0235401
0.0235235
0.0234981
0.0234632
0.023418
0.0233627
0.0232992
0.0232326
0.023169
0.0231125
0.0230642
0.0230232
0.0229895
0.0229648
0.0229511
0.0229489
0.0229562
0.0229718
0.0229949
0.0230241
0.0230571
0.0230919
0.0231286
0.0231688
0.0232146
0.0232678
0.023327
0.0233887
0.0234499
0.02351
0.0235704
0.0236329
0.0236973
0.0237622
0.0238259
0.0238865
0.0239409
0.0239867
0.0240228
0.0240471
0.0240569
0.0240509
0.0240311
0.0239994
0.0239552
0.0238981
0.0238309
0.0237577
0.0236808
0.0236014
0.0235204
0.02344
0.0233631
0.0232905
0.0232215
0.0231558
0.023093
0.0230317
0.0229702
0.0229098
0.0228535
0.0228026
0.0227558
0.0227125
0.0226743
0.0226429
0.022618
0.0225988
0.0225836
0.0225709
0.0225603
0.022553
0.0225505
0.0225534
0.0225613
0.0225741
0.0225916
0.022614
0.0226416
0.0226743
0.0227115
0.0227524
0.022796
0.0228402
0.0228821
0.0229195
0.0229516
0.0229787
0.0230014
0.0230206
0.0230366
0.0230506
0.0230643
0.0230788
0.0230943
0.0231112
0.0231299
0.0231486
0.0231641
0.0231758
0.0231859
0.0231972
0.023211
0.0232268
0.0232446
0.0232649
0.0232872
0.0233119
0.02334
0.023372
0.0234072
0.0234448
0.0234845
0.0235238
0.0235595
0.0235912
0.0236191
0.023642
0.0236586
0.0236679
0.0236708
0.0236702
0.0236684
0.023665
0.0236577
0.0236454
0.0236281
0.023606
0.0235803
0.023552
0.023522
0.0234898
0.023455
0.0234182
0.0233817
0.0233464
0.0233111
0.0232748
0.0232388
0.0232037
0.0231695
0.0231355
0.0231019
0.0230703
0.0230445
0.0230267
0.0230181
0.0230184
0.0230246
0.0230347
0.0230488
0.0230685
0.0230942
0.0231232
0.0231539
0.0231873
0.0232246
0.0232652
0.0233078
0.0233516
0.0233961
0.0234392
0.0234776
0.0235084
0.0235311
0.0235471
0.0235578
0.0235636
0.0235643
0.0235611
0.0235551
0.0235464
0.0235363
0.0235267
0.0235185
0.0235118
0.0235066
0.0235013
0.0234934
0.0234809
0.0234645
0.0234472
0.0234298
0.02341
0.0233854
0.0233547
0.0233189
0.0232801
0.0232402
0.0232004
0.0231611
0.0231224
0.0230848
0.0230502
0.0230204
0.0229961
0.0229757
0.0229584
0.0229449
0.0229369
0.022937
0.0229463
0.0229629
0.0229841
0.0230078
0.0230306
0.0230497
0.0230646
0.0230763
0.0230869
0.0230976
0.023108
0.0231191
0.0231324
0.0231475
0.0231641
0.0231817
0.0232
0.0232183
0.0232359
0.0232533
0.0232726
0.0232958
0.0233228
0.0233522
0.0233854
0.0234242
0.0234688
0.0235184
0.0235714
0.0236251
0.0236759
0.0237216
0.0237623
0.0237989
0.0238315
0.0238615
0.0238911
0.0239193
0.0239437
0.0239624
0.0239738
0.0239763
0.0239686
0.0239522
0.0239282
0.0238971
0.0238605
0.0238187
0.0237706
0.0237163
0.0236572
0.0235953
0.0235322
0.0234708
0.0234131
0.0233589
0.0233075
0.0232599
0.023218
0.023184
0.0231589
0.0231411
0.0231288
0.0231224
0.0231212
0.0231227
0.0231252
0.0231273
0.0231272
0.0231236
0.0231167
0.0231069
0.0230935
0.0230763
0.0230562
0.0230339
0.0230104
0.0229861
0.0229606
0.0229338
0.022908
0.0228857
0.0228667
0.0228494
0.0228331
0.0228189
0.0228082
0.0228027
0.0228028
0.0228075
0.0228164
0.0228301
0.0228498
0.0228771
0.0229126
0.0229563
0.0230081
0.0230675
0.0231339
0.0232064
0.0232837
0.0233654
0.0234508
0.0235371
0.0236213
0.0236999
0.023772
0.0238393
0.0239029
0.0239624
0.0240172
0.0240672
0.0241114
0.0241482
0.0241776
0.0241995
0.0242134
0.0242204
0.0242212
0.0242152
0.0242017
0.0241806
0.0241526
0.0241189
0.0240818
0.0240425
0.0240012
0.0239573
0.0239101
0.0238579
0.0238002
0.0237382
0.0236744
0.0236106
0.0235442
0.0234718
0.0233941
0.0233153
0.0232388
0.023166
0.0230975
0.0230328
0.0229715
0.0229162
0.0228689
0.0228288
0.0227912
0.0227526
0.0227132
0.0226757
0.0226424
0.0226151
0.0225942
0.0225805
0.0225736
0.022573
0.0225807
0.0226006
0.0226354
0.0226847
0.0227462
0.0228171
0.022894
0.022973
0.0230519
0.0231297
0.0232045
0.0232741
0.023336
0.0233897
0.0234366
0.0234788
0.0235169
0.0235503
0.0235771
0.0235954
0.0236031
0.0236006
0.0235904
0.0235758
0.0235612
0.0235498
0.0235419
0.0235361
0.0235312
0.0235269
0.0235238
0.0235225
0.023523
0.0235246
0.0235271
0.0235294
0.0235294
0.023526
0.023521
0.0235169
0.0235152
0.0235156
0.0235175
0.0235218
0.0235293
0.0235388
0.0235483
0.0235573
0.0235658
0.0235733
0.0235788
0.0235806
0.023579
0.0235769
0.0235769
0.0235794
0.0235836
0.0235869
0.0235871
0.0235839
0.0235787
0.0235713
0.0235611
0.0235481
0.0235329
0.0235153
0.0234965
0.0234785
0.0234607
0.0234421
0.0234227
0.023403
0.0233837
0.0233651
0.0233475
0.0233315
0.0233163
0.0232999
0.0232805
0.0232583
0.0232352
0.0232126
0.023192
0.0231752
0.0231625
0.0231536
0.0231492
0.0231516
0.0231635
0.0231862
0.0232198
0.0232605
0.023303
0.0233447
0.0233855
0.0234268
0.0234696
0.0235149
0.0235644
0.0236184
0.0236747
0.023729
0.0237782
0.0238216
0.0238588
0.0238881
0.0239076
0.023917
0.0239189
0.0239156
0.0239084
0.0238985
0.0238859
0.0238703
0.0238509
0.0238265
0.0237978
0.0237663
0.023734
0.0237019
0.0236693
0.0236354
0.0236007
0.0235654
0.0235303
0.0234962
0.0234636
0.0234327
0.0234032
0.0233754
0.0233497
0.0233269
0.0233085
0.0232953
0.0232862
0.0232787
0.0232709
0.0232627
0.0232556
0.0232507
0.0232477
0.023246
0.0232463
0.0232492
0.0232545
0.0232617
0.023269
0.0232742
0.0232759
0.0232733
0.0232677
0.0232606
0.0232526
0.0232451
0.0232402
0.02324
0.0232446
0.0232533
0.0232666
0.0232852
0.0233088
0.0233359
0.0233636
0.0233876
0.0234047
0.0234129
0.0234126
0.0234061
0.0233958
0.0233836
0.0233692
0.0233524
0.0233349
0.0233181
0.0233022
0.0232865
0.0232697
0.023251
0.0232321
0.0232149
0.0231992
0.0231843
0.0231705
0.0231592
0.0231507
0.0231428
0.0231329
0.0231208
0.0231063
0.023088
0.0230659
0.0230415
0.0230159
0.022989
0.0229608
0.0229319
0.0229017
0.0228686
0.0228313
0.0227909
0.0227499
0.0227103
0.022674
0.0226434
0.0226191
0.0226003
0.0225871
0.0225814
0.0225872
0.0226068
0.0226411
0.0226906
0.0227536
0.0228255
0.0228988
0.0229663
0.0230266
0.0230827
0.0231379
0.023198
0.0232674
0.0233429
0.0234168
0.0234841
0.0235438
0.0235965
0.0236434
0.0236846
0.0237185
0.0237447
0.0237653
0.0237815
0.0237931
0.0238009
0.0238066
0.0238111
0.0238137
0.0238134
0.0238109
0.0238087
0.0238088
0.0238111
0.0238133
0.0238124
0.023807
0.0237958
0.0237764
0.0237456
0.0237012
0.0236415
0.0235655
0.0234755
0.0233783
0.0232814
0.0231891
0.0231014
0.0230181
0.0229395
0.0228653
0.0227954
0.0227295
0.0226678
0.0226111
0.0225587
0.0225099
0.0224642
0.0224225
0.022388
0.0223645
0.0223545
0.0223599
0.0223803
0.0224126
0.0224521
0.0224961
0.0225447
0.0225996
0.0226612
0.022728
0.0227995
0.0228769
0.0229603
0.0230482
0.0231391
0.0232319
0.0233259
0.0234222
0.0235204
0.0236173
0.0237098
0.0237971
0.023879
0.0239543
0.0240215
0.0240785
0.024123
0.0241563
0.0241811
0.0242003
0.0242157
0.0242284
0.0242387
0.0242467
0.0242526
0.0242568
0.0242579
0.0242536
0.0242426
0.0242239
0.0241962
0.0241573
0.0241051
0.0240399
0.0239639
0.0238805
0.0237917
0.0236986
0.0236029
0.0235062
0.02341
0.0233144
0.023218
0.0231203
0.0230218
0.0229228
0.0228245
0.0227282
0.0226356
0.0225485
0.0224679
0.0223961
0.0223353
0.0222852
0.0222444
0.0222119
0.0221875
0.0221714
0.0221622
0.0221576
0.0221572
0.0221622
0.0221728
0.0221881
0.022208
0.022233
0.022263
0.0222988
0.0223411
0.0223902
0.022447
0.0225121
0.0225859
0.0226683
0.0227578
0.022852
0.0229476
0.023042
0.0231348
0.0232259
0.0233145
0.0233977
0.0234725
0.0235395
0.0235999
0.0236534
0.0236984
0.0237353
0.0237667
0.0237947
0.0238203
0.0238427
0.0238587
0.0238646
0.0238593
0.0238427
0.0238157
0.0237787
0.0237325
0.0236779
0.0236147
0.0235431
0.0234652
0.0233837
0.023301
0.0232186
0.0231385
0.0230613
0.0229866
0.0229155
0.0228512
0.0227951
0.022746
0.0227008
0.0226575
0.0226157
0.0225751
0.0225363
0.0224994
0.022464
0.0224301
0.0223999
0.0223761
0.0223593
0.0223483
0.0223416
0.0223399
0.0223445
0.0223567
0.0223763
0.0224021
0.0224338
0.0224733
0.0225218
0.0225789
0.022643
0.0227124
0.0227846
0.0228587
0.0229354
0.0230139
0.0230917
0.0231647
0.0232301
0.0232859
0.0233319
0.0233699
0.0234021
0.0234304
0.0234559
0.0234779
0.0234948
0.0235059
0.0235119
0.0235154
0.0235184
0.023521
0.023523
0.0235264
0.0235352
0.0235521
0.0235766
0.0236072
0.0236412
0.0236743
0.0237035
0.0237273
0.0237456
0.0237588
0.0237671
0.0237709
0.0237708
0.0237678
0.0237618
0.0237528
0.0237416
0.0237296
0.0237157
0.0236969
0.0236719
0.0236425
0.023611
0.0235781
0.0235452
0.0235133
0.0234825
0.0234532
0.0234267
0.0234039
0.0233842
0.0233661
0.023349
0.0233336
0.0233212
0.0233115
0.0233027
0.0232933
0.0232831
0.0232718
0.0232588
0.0232427
0.0232223
0.0231974
0.0231699
0.0231435
0.0231209
0.0231024
0.0230876
0.0230757
0.023066
0.0230569
0.0230471
0.0230375
0.02303
0.023025
0.0230226
0.0230235
0.023031
0.0230469
0.0230686
0.0230922
0.0231157
0.0231391
0.0231642
0.0231935
0.0232293
0.0232722
0.0233204
0.023372
0.0234259
0.0234816
0.0235392
0.0235988
0.0236616
0.0237271
0.0237919
0.0238522
0.0239052
0.0239497
0.0239861
0.0240152
0.0240374
0.0240524
0.0240591
0.0240564
0.0240436
0.0240193
0.0239827
0.0239348
0.0238789
0.0238193
0.0237577
0.0236938
0.0236272
0.0235578
0.0234859
0.0234101
0.0233286
0.0232405
0.0231469
0.0230503
0.0229536
0.0228608
0.0227768
0.0227037
0.0226408
0.0225878
0.0225465
0.0225182
0.0225024
0.0224962
0.0224957
0.0224984
0.0225047
0.0225153
0.0225303
0.0225508
0.0225776
0.0226095
0.0226445
0.0226816
0.0227209
0.022762
0.0228039
0.0228457
0.0228873
0.0229289
0.0229701
0.0230097
0.0230496
0.0230931
0.0231413
0.0231926
0.0232441
0.0232923
0.0233348
0.0233713
0.0234034
0.0234319
0.0234562
0.0234758
0.023491
0.0235035
0.0235155
0.0235282
0.023541
0.0235531
0.0235651
0.0235782
0.023593
0.0236096
0.0236267
0.0236422
0.0236547
0.0236633
0.0236678
0.0236684
0.0236645
0.0236556
0.0236417
0.0236229
0.0235991
0.0235705
0.023539
0.0235075
0.0234783
0.023453
0.0234323
0.0234148
0.0233982
0.0233811
0.0233641
0.023349
0.023337
0.0233289
0.0233242
0.0233214
0.0233201
0.0233221
0.0233303
0.0233459
0.0233675
0.023392
0.0234158
0.0234352
0.0234484
0.0234558
0.0234607
0.0234667
0.0234767
0.0234916
0.0235104
0.0235317
0.0235546
0.0235781
0.0236008
0.0236213
0.0236379
0.0236497
0.0236558
0.0236562
0.0236514
0.0236418
0.0236281
0.0236113
0.0235928
0.0235733
0.0235526
0.023532
0.0235133
0.0234985
0.0234885
0.0234834
0.023483
0.0234888
0.0235023
0.0235238
0.0235522
0.0235853
0.0236204
0.0236557
0.02369
0.0237226
0.0237516
0.0237756
0.0237935
0.0238027
0.0238023
0.0237931
0.0237757
0.0237501
0.023717
0.0236774
0.0236322
0.0235824
0.0235281
0.0234691
0.0234075
0.0233477
0.0232929
0.0232445
0.0232028
0.0231684
0.0231428
0.0231273
0.0231218
0.0231239
0.023131
0.0231418
0.0231556
0.0231727
0.0231942
0.0232203
0.0232498
0.0232809
0.0233109
0.0233368
0.0233559
0.0233661
0.0233675
0.023362
0.023352
0.0233385
0.0233219
0.023305
0.0232923
0.023287
0.023289
0.0232958
0.0233062
0.0233195
0.0233345
0.0233497
0.0233654
0.023384
0.0234066
0.0234315
0.0234566
0.0234809
0.0235055
0.0235317
0.023559
0.0235857
0.0236094
0.0236288
0.0236456
0.0236617
0.0236774
0.0236928
0.0237076
0.0237214
0.023733
0.0237399
0.0237403
0.0237347
0.0237243
0.02371
0.0236928
0.0236729
0.0236503
0.0236253
0.0235987
0.023572
0.0235464
0.0235217
0.0234947
0.0234631
0.0234279
0.0233914
0.0233547
0.0233184
0.0232831
0.023249
0.0232163
0.0231849
0.0231531
0.0231201
0.0230864
0.0230521
0.0230157
0.0229757
0.0229311
0.0228833
0.0228356
0.0227901
0.0227469
0.022707
0.0226722
0.0226437
0.0226219
0.0226081
0.0226043
0.0226099
0.022623
0.0226411
0.0226622
0.0226842
0.0227058
0.0227275
0.02275
0.0227723
0.022793
0.022812
0.0228309
0.0228516
0.0228744
0.0228982
0.0229224
0.0229474
0.022974
0.0230026
0.0230333
0.0230652
0.0230959
0.0231238
0.023148
0.0231689
0.0231875
0.023204
0.0232189
0.0232334
0.0232484
0.0232636
0.0232794
0.0232949
0.0233071
0.023314
0.0233163
0.0233147
0.0233099
0.0233029
0.023295
0.0232878
0.0232806
0.0232716
0.0232618
0.0232529
0.0232439
0.0232333
0.0232207
0.0232066
0.0231925
0.0231794
0.0231679
0.0231582
0.0231497
0.0231414
0.0231324
0.0231228
0.0231131
0.0231038
0.0230962
0.0230904
0.0230846
0.0230792
0.0230758
0.0230746
0.0230749
0.023076
0.0230776
0.0230813
0.0230901
0.0231058
0.0231273
0.0231528
0.0231809
0.0232086
0.0232343
0.0232587
0.0232812
0.0233002
0.0233146
0.0233239
0.0233298
0.0233365
0.0233483
0.0233666
0.0233915
0.023423
0.0234602
0.0235007
0.023542
0.0235822
0.0236202
0.0236546
0.0236834
0.0237054
0.0237213
0.0237336
0.0237451
0.0237583
0.0237761
0.0238013
0.0238346
0.0238743
0.0239162
0.0239557
0.0239884
0.0240115
0.0240256
0.0240329
0.0240346
0.0240306
0.0240208
0.0240062
0.0239871
0.0239635
0.0239358
0.0239048
0.0238706
0.023834
0.0237969
0.0237622
0.0237319
0.0237054
0.0236812
0.0236591
0.0236411
0.0236295
0.0236253
0.023628
0.0236346
0.0236419
0.0236499
0.0236605
0.0236752
0.0236946
0.0237171
0.0237411
0.0237655
0.0237896
0.023812
0.0238299
0.0238413
0.0238475
0.0238495
0.0238467
0.0238384
0.0238266
0.0238151
0.0238059
0.0237997
0.0237952
0.0237891
0.0237789
0.0237625
0.0237395
0.0237107
0.0236757
0.0236324
0.0235784
0.0235137
0.0234408
0.0233629
0.0232836
0.023205
0.0231289
0.0230561
0.0229856
0.0229165
0.022849
0.022784
0.0227223
0.0226651
0.0226123
0.0225638
0.0225202
0.0224822
0.022451
0.022429
0.0224172
0.0224159
0.0224243
0.0224422
0.0224677
0.0224977
0.0225287
0.0225589
0.0225899
0.0226247
0.0226649
0.0227091
0.0227543
0.0228002
0.0228492
0.0229035
0.0229644
0.0230312
0.0231013
0.0231721
0.0232421
0.0233107
0.023378
0.0234432
0.0235043
0.0235605
0.0236124
0.0236608
0.0237055
0.0237472
0.0237868
0.0238237
0.0238571
0.0238886
0.0239208
0.0239543
0.0239869
0.0240162
0.0240399
0.0240555
0.0240626
0.0240627
0.0240579
0.024049
0.0240369
0.0240228
0.024007
0.0239895
0.0239713
0.0239538
0.0239381
0.0239236
0.023908
0.0238895
0.023867
0.0238403
0.0238089
0.023772
0.0237297
0.0236832
0.0236327
0.0235792
0.0235262
0.0234776
0.023436
0.0234023
0.0233756
0.0233534
0.0233329
0.0233121
0.0232913
0.0232731
0.0232589
0.0232483
0.0232407
0.0232347
0.0232302
0.0232297
0.0232346
0.0232426
0.0232506
0.0232579
0.0232655
0.0232739
0.0232827
0.0232934
0.0233073
0.0233251
0.0233477
0.0233751
0.0234068
0.0234415
0.023476
0.0235087
0.0235398
0.0235694
0.0235963
0.0236184
0.0236356
0.0236485
0.0236571
0.0236606
0.0236587
0.0236524
0.0236432
0.0236313
0.0236175
0.0236024
0.0235865
0.0235709
0.0235555
0.0235398
0.0235221
0.0235008
0.0234766
0.0234508
0.023424
0.0233975
0.0233725
0.0233501
0.0233314
0.0233166
0.0233062
0.0233
0.0232973
0.0232969
0.0232985
0.0233032
0.023312
0.0233247
0.0233409
0.023359
0.0233766
0.0233921
0.0234049
0.0234137
0.0234174
0.023417
0.0234134
0.0234064
0.0233948
0.0233781
0.0233577
0.0233373
0.0233194
0.023304
0.0232899
0.0232759
0.0232619
0.0232488
0.0232374
0.023228
0.0232199
0.0232125
0.0232064
0.0232034
0.0232059
0.0232154
0.0232312
0.023252
0.0232762
0.0233026
0.0233312
0.023362
0.0233965
0.0234358
0.0234792
0.0235239
0.0235663
0.0236051
0.0236393
0.0236674
0.023688
0.0237
0.0237009
0.0236891
0.0236665
0.023637
0.0236038
0.023568
0.0235315
0.0234971
0.0234662
0.0234393
0.0234159
0.0233957
0.0233795
0.0233663
0.0233531
0.0233368
0.0233179
0.0232993
0.0232834
0.0232715
0.0232638
0.0232596
0.0232573
0.0232544
0.0232499
0.0232452
0.0232405
0.023235
0.0232282
0.0232195
0.0232089
0.0231966
0.0231833
0.023169
0.0231529
0.0231341
0.0231118
0.0230853
0.0230559
0.0230266
0.0230006
0.0229795
0.0229652
0.0229597
0.0229632
0.0229748
0.0229941
0.0230201
0.0230527
0.0230913
0.0231347
0.0231823
0.023233
0.023283
0.0233276
0.0233636
0.0233911
0.0234113
0.0234252
0.0234355
0.0234455
0.0234565
0.0234681
0.0234786
0.023486
0.0234886
0.0234858
0.0234781
0.0234671
0.023454
0.0234373
0.023414
0.0233831
0.0233453
0.0233023
0.0232568
0.0232102
0.0231631
0.023117
0.023073
0.0230325
0.0229967
0.0229656
0.022939
0.0229166
0.0228982
0.0228829
0.0228688
0.0228543
0.0228392
0.0228252
0.0228145
0.0228084
0.0228065
0.0228075
0.02281
0.0228148
0.0228233
0.0228347
0.0228469
0.0228591
0.0228717
0.022885
0.0228994
0.0229162
0.022935
0.0229549
0.0229754
0.0229965
0.0230196
0.023045
0.0230708
0.0230964
0.0231221
0.0231485
0.0231747
0.0231994
0.0232243
0.0232517
0.0232815
0.0233109
0.023338
0.0233625
0.0233842
0.0234021
0.0234163
0.0234267
0.0234323
0.0234324
0.0234278
0.0234196
0.0234076
0.0233918
0.0233741
0.0233555
0.0233367
0.0233181
0.0232996
0.0232814
0.0232658
0.0232545
0.0232477
0.0232435
0.0232401
0.023237
0.0232354
0.0232386
0.0232499
0.0232704
0.0232994
0.0233353
0.0233765
0.023421
0.0234674
0.0235155
0.0235661
0.0236179
0.023667
0.0237087
0.0237408
0.023763
0.0237758
0.0237814
0.0237813
0.0237763
0.0237661
0.0237503
0.0237292
0.0237046
0.0236785
0.0236536
0.0236321
0.0236144
0.0235998
0.0235866
0.0235738
0.0235618
0.0235519
0.0235442
0.0235374
0.0235304
0.0235235
0.0235164
0.0235095
0.0235044
0.0235019
0.0235003
0.0234977
0.0234944
0.0234927
0.0234938
0.0234988
0.0235093
0.0235257
0.0235462
0.0235682
0.02359
0.0236108
0.02363
0.0236471
0.0236607
0.0236703
0.0236758
0.0236763
0.0236715
0.0236625
0.0236482
0.0236259
0.0235928
0.0235479
0.0234927
0.0234295
0.0233595
0.0232828
0.0232003
0.0231152
0.0230307
0.0229491
0.0228724
0.0228017
0.0227372
0.0226791
0.0226297
0.0225922
0.0225681
0.022557
0.0225568
0.022565
0.0225797
0.0226001
0.0226253
0.0226548
0.0226884
0.0227272
0.0227726
0.0228239
0.022881
0.0229445
0.0230134
0.0230869
0.0231654
0.0232482
0.0233317
0.023412
0.0234862
0.0235511
0.0236034
0.0236417
0.0236666
0.0236789
0.0236792
0.0236687
0.0236492
0.0236226
0.0235905
0.023555
0.023518
0.0234811
0.0234444
0.0234076
0.0233698
0.0233303
0.0232891
0.0232465
0.023203
0.0231594
0.0231157
0.0230718
0.0230281
0.0229837
0.0229384
0.0228931
0.0228488
0.0228049
0.0227613
0.0227192
0.0226815
0.0226513
0.0226314
0.0226227
0.0226258
0.0226411
0.0226678
0.0227028
0.0227425
0.0227841
0.0228243
0.0228605
0.0228919
0.0229192
0.0229427
0.0229633
0.0229822
0.023001
0.0230206
0.0230408
0.0230607
0.0230808
0.0231022
0.0231256
0.0231512
0.0231798
0.0232131
0.0232526
0.0232983
0.0233487
0.0234007
0.0234511
0.0234972
0.0235364
0.023568
0.023593
0.0236125
0.0236272
0.0236363
0.0236389
0.0236357
0.023629
0.0236211
0.0236135
0.0236053
0.0235933
0.0235752
0.0235526
0.0235268
0.023498
0.023467
0.0234348
0.0234024
0.0233703
0.0233392
0.0233113
0.0232892
0.0232745
0.0232674
0.0232666
0.0232701
0.0232756
0.0232821
0.0232902
0.0233005
0.0233129
0.0233266
0.0233387
0.0233462
0.0233474
0.0233403
0.023325
0.0233025
0.0232746
0.0232432
0.0232093
0.0231727
0.0231327
0.0230908
0.0230497
0.0230099
0.0229702
0.0229305
0.0228919
0.0228567
0.0228267
0.0228019
0.0227811
0.022762
0.0227444
0.0227299
0.0227197
0.0227148
0.0227163
0.0227241
0.0227373
0.0227561
0.022781
0.0228112
0.0228442
0.0228781
0.0229125
0.0229465
0.0229774
0.0230025
0.0230224
0.0230392
0.0230549
0.023071
0.0230877
0.0231049
0.0231237
0.0231443
0.0231658
0.0231886
0.0232129
0.0232375
0.0232591
0.0232762
0.0232894
0.0232995
0.0233082
0.0233184
0.0233327
0.0233518
0.0233746
0.023399
0.0234234
0.0234473
0.0234715
0.0234963
0.0235201
0.0235399
0.023554
0.023563
0.023568
0.023568
0.023562
0.0235501
0.0235331
0.0235126
0.0234902
0.0234675
0.0234456
0.0234243
0.0234015
0.0233747
0.023343
0.0233076
0.0232699
0.0232306
0.0231887
0.023144
0.0230973
0.0230509
0.0230083
0.0229737
0.0229496
0.0229365
0.0229322
0.0229318
0.0229323
0.0229339
0.0229376
0.0229433
0.0229498
0.0229571
0.0229666
0.022979
0.0229942
0.0230114
0.0230315
0.0230556
0.0230832
0.0231129
0.0231436
0.0231738
0.0232024
0.0232294
0.0232554
0.0232798
0.0233009
0.0233176
0.0233299
0.0233381
0.0233436
0.0233478
0.0233519
0.0233569
0.0233638
0.0233728
0.023383
0.0233943
0.0234072
0.0234237
0.0234466
0.0234749
0.0235035
0.0235272
0.0235428
0.0235502
0.0235511
0.0235467
0.0235369
0.0235212
0.0234997
0.0234737
0.0234446
0.023414
0.0233851
0.023362
0.023349
0.0233487
0.02336
0.0233792
0.0234021
0.0234256
0.0234488
0.0234742
0.0235063
0.0235471
0.0235958
0.0236497
0.0237052
0.0237599
0.0238118
0.0238598
0.023906
0.0239543
0.024007
0.0240644
0.0241249
0.0241863
0.0242456
0.0243007
0.0243511
0.0243983
0.0244452
0.0244927
0.0245393
0.0245836
0.0246247
0.0246623
0.0246958
0.0247236
0.0247438
0.024755
0.0247561
0.0247477
0.0247311
0.0247063
0.0246716
0.024626
0.0245712
0.0245097
0.0244437
0.0243752
0.0243053
0.0242342
0.0241628
0.0240911
0.0240196
0.023949
0.0238783
0.0238064
0.0237332
0.0236588
0.0235826
0.0235042
0.0234251
0.0233485
0.023277
0.0232125
0.0231549
0.0231029
0.0230551
0.0230102
0.0229677
0.0229269
0.0228869
0.022848
0.0228118
0.0227786
0.0227475
0.0227182
0.0226923
0.0226724
0.0226617
0.0226627
0.0226766
0.0227031
0.0227409
0.0227882
0.022844
0.0229079
0.0229787
0.0230535
0.0231298
0.0232069
0.0232849
0.0233632
0.0234406
0.0235169
0.0235933
0.0236707
0.0237502
0.0238329
0.0239186
0.0240047
0.0240886
0.024168
0.024241
0.0243059
0.0243628
0.0244125
0.0244552
0.0244905
0.0245168
0.0245318
0.0245353
0.0245283
0.0245135
0.0244956
0.024477
0.0244563
0.0244305
0.024397
0.0243542
0.0242999
0.0242331
0.0241548
0.024067
0.0239722
0.0238732
0.0237726
0.0236714
0.023569
0.0234657
0.0233642
0.0232671
0.0231759
0.0230901
0.0230089
0.0229337
0.0228666
0.0228093
0.0227621
0.0227245
0.0226976
0.022683
0.0226807
0.0226892
0.0227058
0.0227275
0.0227531
0.0227828
0.0228174
0.0228575
0.0229033
0.022956
0.023017
0.0230865
0.0231656
0.0232557
0.0233566
0.0234653
0.0235776
0.0236909
0.0238024
0.0239087
0.024008
0.0241003
0.0241871
0.0242689
0.0243444
0.024411
0.024467
0.0245134
0.0245505
0.0245766
0.0245914
0.024596
0.0245907
0.0245761
0.0245526
0.0245209
0.0244814
0.0244353
0.0243858
0.0243352
0.0242844
0.0242349
0.0241888
0.0241488
0.0241168
0.0240925
0.0240746
0.0240607
0.0240476
0.0240327
0.0240145
0.0239927
0.0239677
0.0239398
0.023909
0.0238758
0.0238408
0.0238052
0.0237688
0.0237298
0.0236864
0.0236375
0.0235837
0.0235262
0.0234664
0.0234056
0.0233441
0.023282
0.0232189
0.0231543
0.0230892
0.0230267
0.0229695
0.0229178
0.0228718
0.0228328
0.0228008
0.0227755
0.022756
0.02274
0.0227261
0.0227149
0.0227079
0.022707
0.0227147
0.0227324
0.0227608
0.0227991
0.0228458
0.0228974
0.022949
0.0229992
0.0230499
0.0231019
0.023154
0.0232049
0.0232539
0.0232999
0.023341
0.0233753
0.0234014
0.0234196
0.0234341
0.023449
0.0234562
0.0234364
0.0233775
0.0232869
0.0231841
0.0230905
0.0230229
0.0229922
0.0230025
0.0230506
0.023129
0.0232282
0.0233411
0.0234649
0.0235995
0.0237434
0.0238905
0.0240278
0.0241384
0.0242074
0.0242274
0.0242002
0.0241362
0.0240515
0.0239645
0.023888
0.0238274
0.0237812
0.0237436
0.0237089
0.0236721
0.0236299
0.0235812
0.0235236
0.0234514
0.0233569
0.0232344
0.0230829
0.0229051
0.0227084
0.0225038
0.0223031
0.0221168
0.0219516
0.0218099
0.0216924
0.0215989
0.0215264
0.0214713
0.0214301
0.0213999
0.0213768
0.0213571
0.0213393
0.0213235
0.0213103
0.0213018
0.0213022
0.0213157
0.0213471
0.0214017
0.0214817
0.0215837
0.0216997
0.0218206
0.0219392
0.0220537
0.0221647
0.022273
0.0223787
0.0224824
0.0225838
0.0226819
0.0227768
0.0228716
0.0229702
0.0230749
0.0231861
0.0232997
0.0234094
0.0235103
0.0235998
0.023677
0.0237412
0.023791
0.0238257
0.0238462
0.0238558
0.0238577
0.0238549
0.0238509
0.0238485
0.0238492
0.0238519
0.0238543
0.0238561
0.0238578
0.0238592
0.0238595
0.0238566
0.0238467
0.0238277
0.0238002
0.0237664
0.0237272
0.0236835
0.023635
0.0235812
0.0235227
0.0234606
0.0233966
0.0233318
0.023266
0.0231968
0.0231208
0.0230344
0.0229375
0.0228334
0.0227258
0.022618
0.0225129
0.0224132
0.0223213
0.0222392
0.0221694
0.0221143
0.0220744
0.0220493
0.0220375
0.0220377
0.0220496
0.022073
0.0221068
0.0221487
0.0221952
0.0222443
0.0222969
0.0223554
0.0224205
0.0224917
0.0225683
0.0226472
0.0227255
0.0228027
0.0228779
0.0229487
0.023013
0.0230697
0.0231202
0.0231661
0.0232078
0.023246
0.0232823
0.0233194
0.0233594
0.0234039
0.0234525
0.0235017
0.0235468
0.0235851
0.0236162
0.0236404
0.0236581
0.0236705
0.0236783
0.0236813
0.0236803
0.0236763
0.0236695
0.0236609
0.0236502
0.023635
0.0236136
0.0235853
0.0235492
0.0235065
0.0234599
0.023412
0.0233624
0.0233079
0.023247
0.0231813
0.0231149
0.0230517
0.0229928
0.0229377
0.0228865
0.0228391
0.0227958
0.0227568
0.0227222
0.022691
0.0226618
0.0226351
0.0226121
0.0225919
0.022574
0.0225589
0.0225464
0.0225344
0.0225199
0.0225017
0.0224804
0.0224568
0.0224305
0.0224002
0.022366
0.0223286
0.0222879
0.0222449
0.0222028
0.0221653
0.0221364
0.0221186
0.0221127
0.0221182
0.022134
0.022159
0.0221935
0.0222381
0.0222914
0.0223505
0.0224127
0.0224771
0.0225443
0.0226149
0.0226875
0.0227608
0.0228334
0.0229034
0.0229701
0.0230342
0.0230957
0.0231544
0.0232102
0.0232616
0.0233062
0.0233404
0.0233626
0.0233748
0.0233802
0.0233791
0.0233695
0.0233512
0.0233253
0.0232919
0.0232526
0.0232089
0.0231612
0.023109
0.0230513
0.0229863
0.0229126
0.0228293
0.0227369
0.0226365
0.0225305
0.0224207
0.0223082
0.0221947
0.0220829
0.0219756
0.0218765
0.0217882
0.0217132
0.0216529
0.0216054
0.021568
0.0215394
0.0215197
0.0215083
0.0215034
0.0215044
0.0215132
0.0215337
0.0215712
0.0216276
0.0217014
0.0217889
0.0218868
0.0219944
0.0221107
0.0222322
0.0223559
0.0224805
0.0226055
0.0227305
0.0228552
0.0229797
0.0231042
0.0232287
0.0233513
0.0234703
0.0235838
0.023689
0.0237837
0.0238698
0.0239488
0.0240207
0.0240847
0.0241392
0.0241818
0.0242109
0.0242279
0.0242351
0.0242349
0.0242294
0.0242188
0.0242017
0.0241784
0.0241492
0.0241138
0.0240718
0.0240242
0.0239704
0.0239087
0.0238386
0.0237619
0.0236789
0.0235885
0.0234891
0.0233805
0.0232647
0.0231431
0.0230167
0.0228879
0.0227579
0.022626
0.0224926
0.0223587
0.0222255
0.0220949
0.021968
0.0218461
0.0217326
0.0216305
0.0215424
0.0214689
0.0214092
0.0213626
0.0213294
0.0213109
0.0213076
0.0213174
0.0213375
0.0213658
0.0214
0.0214377
0.0214774
0.0215208
0.0215727
0.021638
0.0217189
0.0218155
0.0219266
0.0220494
0.0221811
0.0223207
0.0224668
0.0226176
0.0227712
0.0229252
0.023077
0.0232241
0.0233649
0.0234979
0.0236212
0.0237348
0.0238385
0.0239309
0.0240107
0.0240765
0.0241274
0.0241633
0.024184
0.0241906
0.024184
0.0241635
0.0241299
0.0240869
0.0240384
0.0239872
0.0239368
0.0238912
0.0238513
0.0238156
0.0237829
0.023751
0.023717
0.0236799
0.0236396
0.0235956
0.0235463
0.0234902
0.0234254
0.0233496
0.0232627
0.0231671
0.023065
0.0229577
0.022846
0.0227322
0.0226202
0.0225132
0.022413
0.0223207
0.0222375
0.0221641
0.0220997
0.0220432
0.0219954
0.0219574
0.0219296
0.0219114
0.0219013
0.0218988
0.0219044
0.0219193
0.0219441
0.0219788
0.0220248
0.0220827
0.022152
0.0222325
0.0223229
0.0224205
0.0225237
0.0226318
0.0227435
0.0228572
0.0229711
0.0230836
0.0231943
0.0233039
0.0234116
0.0235138
0.0236074
0.0236926
0.0237704
0.0238408
0.0239036
0.0239575
0.0239999
0.0240287
0.0240452
0.0240531
0.0240575
0.0240635
0.0240739
0.0240892
0.0241076
0.0241271
0.024147
0.0241653
0.0241782
0.024182
0.0241747
0.0241571
0.0241315
0.0240993
0.0240615
0.0240171
0.0239654
0.0239067
0.0238396
0.023762
0.0236733
0.0235745
0.0234672
0.0233513
0.0232257
0.0230912
0.0229501
0.0228063
0.0226641
0.0225269
0.022398
0.0222797
0.0221739
0.0220828
0.0220083
0.0219527
0.0219165
0.0218986
0.0218986
0.021915
0.0219446
0.0219839
0.0220306
0.0220842
0.0221438
0.0222063
0.0222688
0.0223292
0.0223874
0.0224452
0.0225047
0.0225669
0.0226336
0.0227072
0.0227871
0.022869
0.0229501
0.0230294
0.0231056
0.0231768
0.0232423
0.0233018
0.0233549
0.0234014
0.0234425
0.0234797
0.023514
0.0235474
0.0235804
0.0236126
0.0236433
0.0236712
0.0236945
0.0237128
0.0237251
0.0237296
0.0237244
0.0237101
0.0236887
0.023662
0.0236323
0.0236008
0.0235667
0.0235296
0.0234883
0.0234417
0.0233881
0.0233262
0.0232572
0.0231837
0.0231069
0.0230278
0.0229477
0.0228687
0.022794
0.0227256
0.0226645
0.0226117
0.0225684
0.0225355
0.0225125
0.0224985
0.0224912
0.0224877
0.0224874
0.02249
0.0224946
0.0225012
0.0225118
0.0225302
0.0225581
0.0225945
0.0226376
0.0226872
0.0227448
0.0228113
0.0228855
0.0229651
0.0230466
0.0231257
0.0231995
0.0232666
0.0233257
0.0233762
0.0234186
0.0234545
0.0234857
0.0235139
0.0235406
0.0235665
0.0235915
0.0236156
0.0236382
0.0236565
0.0236674
0.0236709
0.0236701
0.0236682
0.023667
0.0236669
0.0236661
0.0236631
0.023658
0.0236533
0.0236515
0.023652
0.0236512
0.0236458
0.0236344
0.0236175
0.0235951
0.0235678
0.0235368
0.0235027
0.0234643
0.0234188
0.0233643
0.0233015
0.0232339
0.0231656
0.0230991
0.0230348
0.022973
0.0229132
0.0228549
0.0227996
0.0227494
0.022706
0.0226674
0.0226307
0.0225963
0.0225659
0.0225384
0.0225118
0.0224841
0.0224549
0.0224246
0.0223946
0.0223669
0.022343
0.0223231
0.0223066
0.0222938
0.0222856
0.0222811
0.0222793
0.022282
0.0222933
0.0223164
0.0223514
0.0223962
0.0224483
0.0225058
0.0225676
0.0226338
0.0227028
0.0227712
0.0228371
0.0229003
0.0229619
0.0230233
0.0230857
0.0231482
0.0232083
0.0232653
0.0233192
0.023367
0.023406
0.023436
0.0234588
0.0234755
0.0234852
0.0234866
0.0234788
0.0234625
0.02344
0.0234127
0.0233803
0.0233431
0.0233038
0.023267
0.0232366
0.0232135
0.0231967
0.0231841
0.0231736
0.0231627
0.0231491
0.0231315
0.0231096
0.0230845
0.0230586
0.023034
0.0230116
0.0229928
0.0229787
0.0229702
0.0229678
0.022971
0.0229795
0.0229933
0.0230127
0.0230373
0.0230654
0.0230957
0.0231275
0.0231592
0.0231904
0.0232208
0.0232506
0.0232801
0.0233092
0.0233388
0.0233695
0.0234002
0.0234291
0.0234551
0.0234785
0.0234993
0.0235164
0.0235285
0.0235348
0.0235345
0.0235276
0.0235143
0.023496
0.023475
0.0234524
0.0234274
0.0233985
0.023366
0.0233313
0.023296
0.0232623
0.0232317
0.0232028
0.0231723
0.0231385
0.0231027
0.0230683
0.0230392
0.0230173
0.0230009
0.022986
0.0229696
0.0229504
0.0229277
0.0229024
0.0228771
0.0228541
0.0228334
0.0228136
0.022795
0.0227789
0.0227662
0.0227566
0.0227489
0.0227413
0.0227308
0.0227158
0.0226972
0.0226761
0.0226526
0.022626
0.0225964
0.0225663
0.0225398
0.0225202
0.0225092
0.0225069
0.022512
0.0225218
0.0225331
0.0225451
0.0225588
0.0225755
0.022596
0.0226207
0.0226504
0.0226859
0.0227271
0.0227746
0.02283
0.0228946
0.0229684
0.0230504
0.0231379
0.0232259
0.0233108
0.023391
0.0234652
0.0235316
0.0235888
0.0236364
0.0236746
0.0237023
0.0237184
0.0237242
0.0237226
0.0237156
0.0237028
0.0236818
0.0236509
0.0236081
0.0235525
0.0234853
0.0234085
0.0233238
0.0232319
0.0231335
0.023031
0.0229281
0.0228266
0.0227266
0.0226277
0.0225297
0.0224326
0.0223382
0.0222506
0.0221732
0.0221057
0.0220453
0.0219911
0.0219457
0.021912
0.0218914
0.0218844
0.0218913
0.0219113
0.0219413
0.0219781
0.0220212
0.0220705
0.0221239
0.0221796
0.0222356
0.0222899
0.0223406
0.0223854
0.0224232
0.0224549
0.0224833
0.0225096
0.0225329
0.0225523
0.0225695
0.0225878
0.0226108
0.0226393
0.0226704
0.0227016
0.0227314
0.0227581
0.0227807
0.0227991
0.0228141
0.0228257
0.0228342
0.0228408
0.0228461
0.0228511
0.0228571
0.0228664
0.0228827
0.0229071
0.0229379
0.0229714
0.023005
0.0230393
0.0230759
0.0231142
0.0231525
0.0231889
0.0232226
0.0232544
0.0232846
0.0233126
0.0233377
0.023359
0.0233764
0.0233897
0.0233979
0.0233989
0.0233907
0.0233729
0.0233458
0.0233088
0.0232629
0.0232107
0.0231558
0.0231014
0.0230487
0.0229984
0.0229514
0.022909
0.0228732
0.0228457
0.0228277
0.022819
0.0228171
0.0228191
0.022822
0.0228251
0.0228297
0.0228342
0.022836
0.0228336
0.0228263
0.0228136
0.0227952
0.0227701
0.0227392
0.0227046
0.0226686
0.0226317
0.0225938
0.0225555
0.0225191
0.0224881
0.0224662
0.0224549
0.0224529
0.0224584
0.0224698
0.0224863
0.0225075
0.0225328
0.022561
0.0225917
0.0226256
0.0226629
0.0227024
0.022742
0.0227811
0.0228207
0.0228608
0.0229005
0.0229391
0.0229762
0.0230112
0.0230439
0.0230752
0.0231058
0.0231344
0.0231586
0.0231787
0.0231955
0.0232088
0.0232177
0.0232224
0.0232243
0.0232234
0.0232188
0.0232102
0.0231985
0.0231858
0.0231726
0.0231575
0.0231404
0.0231224
0.0231042
0.0230862
0.023068
0.0230501
0.0230332
0.0230171
0.0230016
0.0229868
0.0229729
0.0229602
0.0229485
0.0229366
0.0229221
0.0229037
0.0228832
0.0228635
0.0228453
0.0228272
0.0228083
0.0227902
0.0227746
0.0227614
0.0227503
0.0227415
0.0227367
0.0227372
0.0227444
0.0227594
0.0227822
0.0228114
0.022846
0.0228849
0.0229267
0.0229715
0.0230202
0.0230728
0.0231283
0.0231847
0.0232398
0.0232916
0.0233389
0.0233808
0.0234169
0.0234473
0.0234737
0.0234974
0.0235197
0.0235413
0.0235621
0.0235786
0.0235876
0.023591
0.0235924
0.0235907
0.0235823
0.0235648
0.0235383
0.0235052
0.0234674
0.0234272
0.0233865
0.023347
0.0233122
0.0232856
0.0232689
0.0232608
0.0232582
0.0232593
0.0232639
0.0232711
0.0232805
0.0232915
0.023303
0.0233142
0.023325
0.0233352
0.0233441
0.0233511
0.023355
0.023353
0.0233427
0.0233247
0.0232993
0.0232663
0.0232246
0.0231735
0.0231141
0.0230493
0.0229829
0.0229171
0.0228517
0.0227865
0.0227212
0.0226553
0.0225893
0.0225242
0.0224615
0.0224032
0.0223512
0.022308
0.0222758
0.0222556
0.0222483
0.0222536
0.0222717
0.0223022
0.0223424
0.0223897
0.0224423
0.0224977
0.0225528
0.0226057
0.0226562
0.0227041
0.0227485
0.0227879
0.0228214
0.022849
0.0228697
0.0228825
0.0228879
0.0228873
0.0228822
0.022874
0.0228622
0.0228451
0.0228216
0.0227916
0.0227565
0.0227199
0.0226858
0.0226559
0.0226298
0.0226077
0.0225915
0.022583
0.0225815
0.0225837
0.0225866
0.0225888
0.0225913
0.0225952
0.0226005
0.0226072
0.0226154
0.0226243
0.0226326
0.0226381
0.02264
0.0226396
0.0226382
0.0226368
0.0226351
0.0226319
0.0226262
0.0226186
0.0226112
0.0226062
0.0226053
0.0226094
0.0226191
0.0226348
0.0226575
0.022687
0.0227217
0.0227609
0.0228058
0.0228563
0.0229099
0.0229633
0.0230138
0.0230604
0.0231038
0.0231456
0.0231856
0.0232222
0.0232547
0.0232836
0.0233093
0.0233325
0.0233536
0.0233724
0.0233891
0.0234039
0.0234142
0.0234162
0.0234096
0.0233966
0.0233789
0.0233567
0.0233291
0.0232961
0.0232583
0.0232172
0.0231753
0.0231359
0.0230997
0.0230657
0.0230325
0.0230003
0.0229712
0.0229467
0.0229261
0.0229074
0.0228871
0.0228622
0.0228308
0.0227936
0.0227531
0.0227127
0.0226765
0.0226467
0.0226224
0.0226016
0.0225815
0.0225603
0.022538
0.0225152
0.0224911
0.0224632
0.022431
0.0223965
0.0223637
0.0223362
0.0223154
0.0223012
0.022294
0.0222943
0.022303
0.0223195
0.022341
0.0223651
0.0223902
0.0224153
0.0224401
0.0224636
0.0224847
0.0225013
0.0225113
0.0225139
0.0225095
0.0225004
0.0224894
0.0224776
0.0224651
0.0224521
0.0224373
0.0224203
0.0224017
0.0223823
0.0223635
0.0223465
0.022333
0.0223245
0.0223214
0.0223241
0.0223336
0.0223516
0.0223809
0.0224219
0.0224726
0.0225291
0.0225877
0.0226462
0.0227025
0.0227552
0.0228045
0.0228497
0.02289
0.022925
0.0229553
0.0229827
0.0230079
0.0230282
0.0230387
0.0230372
0.023025
0.0230048
0.0229794
0.0229525
0.0229265
0.0229004
0.0228713
0.0228379
0.0228016
0.0227664
0.022736
0.0227116
0.0226927
0.0226787
0.0226672
0.022654
0.0226371
0.0226173
0.0225968
0.0225779
0.022561
0.0225447
0.0225282
0.0225113
0.0224938
0.0224762
0.0224594
0.0224441
0.0224303
0.0224172
0.0224038
0.0223903
0.022378
0.0223674
0.0223595
0.0223565
0.0223607
0.0223739
0.0223961
0.022427
0.0224679
0.0225194
0.0225815
0.0226542
0.0227354
0.0228222
0.0229117
0.0230003
0.0230836
0.0231569
0.0232168
0.0232608
0.0232873
0.0232969
0.023292
0.0232745
0.0232452
0.0232056
0.0231579
0.023105
0.0230495
0.0229962
0.0229501
0.0229137
0.0228867
0.0228673
0.0228539
0.0228461
0.0228448
0.02285
0.0228593
0.0228694
0.02288
0.0228937
0.0229129
0.0229377
0.0229666
0.0229975
0.0230293
0.0230614
0.0230934
0.023123
0.0231497
0.0231735
0.023193
0.0232054
0.0232082
0.0232015
0.0231858
0.0231613
0.0231293
0.0230924
0.0230517
0.0230073
0.02296
0.0229117
0.0228637
0.0228155
0.0227672
0.02272
0.022676
0.0226366
0.0226022
0.0225723
0.0225477
0.02253
0.0225198
0.0225169
0.0225208
0.0225304
0.0225442
0.0225613
0.0225811
0.0226019
0.0226212
0.0226363
0.0226461
0.0226513
0.0226523
0.0226494
0.0226431
0.0226341
0.0226218
0.0226052
0.0225864
0.0225691
0.0225549
0.0225438
0.0225349
0.0225293
0.0225295
0.0225365
0.0225499
0.0225699
0.022597
0.0226301
0.0226656
0.0226994
0.0227284
0.0227507
0.0227653
0.0227715
0.0227693
0.0227592
0.0227404
0.0227112
0.0226715
0.022623
0.0225684
0.022511
0.0224527
0.0223941
0.022335
0.0222743
0.0222116
0.0221479
0.022086
0.0220289
0.021978
0.0219341
0.021897
0.0218661
0.0218404
0.0218206
0.0218075
0.0218009
0.0218007
0.0218063
0.0218165
0.0218306
0.0218485
0.0218696
0.021893
0.0219174
0.0219423
0.0219693
0.0220007
0.0220378
0.0220813
0.0221309
0.0221856
0.0222446
0.0223075
0.0223753
0.022448
0.0225238
0.0226007
0.022677
0.0227513
0.0228225
0.0228895
0.0229505
0.0230028
0.0230442
0.0230751
0.0230981
0.0231153
0.0231282
0.0231366
0.02314
0.0231365
0.0231245
0.0231052
0.023081
0.0230524
0.023018
0.0229761
0.0229254
0.0228667
0.0228036
0.0227391
0.0226742
0.022611
0.0225509
0.0224944
0.0224417
0.0223932
0.0223507
0.0223154
0.0222881
0.0222691
0.0222568
0.0222478
0.0222408
0.0222371
0.0222374
0.0222404
0.022244
0.0222478
0.0222519
0.0222557
0.0222577
0.0222565
0.0222514
0.022243
0.0222316
0.0222178
0.0222025
0.0221865
0.0221693
0.0221497
0.0221283
0.0221054
0.02208
0.0220525
0.0220247
0.0219993
0.0219793
0.0219668
0.0219621
0.0219649
0.0219746
0.0219917
0.0220176
0.0220528
0.0220957
0.0221431
0.0221918
0.0222387
0.0222816
0.0223205
0.0223557
0.0223874
0.022416
0.0224413
0.022463
0.0224798
0.0224894
0.0224907
0.0224846
0.0224733
0.0224602
0.0224475
0.0224358
0.0224258
0.0224188
0.0224161
0.0224187
0.0224265
0.0224379
0.0224493
0.0224581
0.0224633
0.0224651
0.0224643
0.0224622
0.022459
0.0224549
0.0224495
0.0224427
0.0224342
0.0224238
0.0224132
0.0224051
0.0224008
0.0224001
0.0224007
0.0224008
0.0223997
0.0223961
0.0223887
0.0223774
0.0223646
0.0223541
0.0223474
0.0223438
0.022342
0.0223411
0.0223409
0.0223414
0.0223431
0.0223476
0.0223549
0.022364
0.0223739
0.0223837
0.0223939
0.0224059
0.0224198
0.022436
0.0224541
0.0224735
0.0224929
0.0225118
0.0225301
0.0225476
0.0225636
0.0225776
0.022589
0.0225986
0.022608
0.0226185
0.0226298
0.0226408
0.0226516
0.0226623
0.0226714
0.0226774
0.0226791
0.0226732
0.0226582
0.0226375
0.022616
0.0225974
0.0225831
0.0225727
0.0225657
0.0225624
0.0225628
0.0225671
0.0225774
0.0225946
0.0226174
0.0226438
0.0226713
0.0226963
0.022716
0.0227296
0.0227388
0.0227468
0.0227558
0.0227674
0.0227816
0.0227958
0.022805
0.0228047
0.0227943
0.0227754
0.0227491
0.0227174
0.0226824
0.0226433
0.0225972
0.0225425
0.0224809
0.0224155
0.0223489
0.0222826
0.0222175
0.0221547
0.0220944
0.0220357
0.0219775
0.0219196
0.0218634
0.0218117
0.021767
0.0217301
0.0217013
0.0216801
0.0216665
0.0216605
0.0216632
0.0216766
0.0217004
0.0217318
0.0217677
0.0218057
0.0218435
0.0218791
0.0219121
0.0219437
0.0219747
0.0220061
0.0220378
0.0220695
0.0221033
0.0221425
0.0221881
0.0222402
0.0222984
0.022362
0.0224286
0.0224943
0.0225578
0.0226193
0.0226792
0.0227371
0.0227929
0.0228483
0.0229038
0.0229561
0.0230009
0.0230374
0.0230674
0.0230931
0.023116
0.0231364
0.0231525
0.0231613
0.0231604
0.0231502
0.0231321
0.0231076
0.023077
0.0230412
0.0230009
0.0229559
0.0229068
0.0228558
0.0228062
0.0227597
0.0227164
0.0226763
0.0226383
0.0225994
0.0225562
0.0225049
0.0224419
0.0223666
0.0222805
0.0221868
0.0220893
0.0219926
0.0219022
0.0218223
0.0217543
0.0216977
0.021652
0.0216191
0.021602
0.0216019
0.0216172
0.0216439
0.0216771
0.0217127
0.0217493
0.0217866
0.021824
0.0218616
0.0219002
0.0219394
0.0219784
0.0220175
0.022059
0.0221051
0.0221539
0.0222014
0.0222446
0.022283
0.0223169
0.0223474
0.0223757
0.0224031
0.0224286
0.0224501
0.0224668
0.0224793
0.0224892
0.0224972
0.0225024
0.022504
0.0225024
0.0224984
0.0224924
0.0224846
0.022477
0.0224724
0.0224725
0.0224783
0.0224898
0.022506
0.0225254
0.0225473
0.0225717
0.0225984
0.0226256
0.0226505
0.02267
0.0226825
0.0226878
0.0226852
0.0226738
0.0226545
0.0226286
0.0225964
0.0225586
0.0225169
0.022474
0.0224332
0.0223969
0.0223658
0.0223382
0.0223129
0.0222898
0.0222684
0.0222473
0.0222257
0.0222041
0.0221834
0.0221638
0.0221471
0.0221357
0.0221305
0.0221319
0.0221387
0.0221496
0.0221637
0.0221808
0.0222013
0.0222242
0.0222478
0.0222704
0.0222897
0.0223056
0.0223207
0.0223364
0.0223523
0.0223677
0.022381
0.0223914
0.0223985
0.0224035
0.0224096
0.0224201
0.0224377
0.0224623
0.0224906
0.0225182
0.0225431
0.0225672
0.0225933
0.0226212
0.0226489
0.0226752
0.0227003
0.0227246
0.0227482
0.0227721
0.0227979
0.0228265
0.0228578
0.0228893
0.0229169
0.0229379
0.0229521
0.022961
0.0229653
0.0229631
0.0229515
0.0229309
0.0229051
0.0228772
0.0228473
0.0228143
0.0227772
0.0227352
0.0226893
0.0226417
0.0225946
0.0225492
0.0225053
0.022463
0.0224224
0.0223827
0.0223431
0.0223037
0.0222651
0.0222281
0.0221936
0.0221626
0.0221341
0.0221062
0.0220794
0.0220542
0.0220285
0.0220008
0.0219723
0.0219445
0.0219179
0.0218927
0.02187
0.0218522
0.0218432
0.0218461
0.0218611
0.0218859
0.0219188
0.0219585
0.0220038
0.0220551
0.0221127
0.0221739
0.0222338
0.0222896
0.0223414
0.0223902
0.0224371
0.0224815
0.0225216
0.0225552
0.0225814
0.0226018
0.0226162
0.0226239
0.0226263
0.0226256
0.0226229
0.0226185
0.0226134
0.0226102
0.0226111
0.0226166
0.0226252
0.0226339
0.0226401
0.0226421
0.0226384
0.0226275
0.0226079
0.0225776
0.0225362
0.0224847
0.0224267
0.0223673
0.0223092
0.0222543
0.0222053
0.0221637
0.0221283
0.0220969
0.0220695
0.022049
0.0220384
0.0220381
0.0220451
0.0220556
0.0220679
0.022082
0.0220977
0.0221152
0.0221342
0.0221533
0.0221703
0.0221831
0.022191
0.0221956
0.0221988
0.0222018
0.0222046
0.0222074
0.0222104
0.0222147
0.022222
0.0222317
0.0222427
0.0222545
0.0222668
0.0222794
0.022292
0.0223047
0.022317
0.022328
0.0223382
0.0223481
0.0223561
0.0223605
0.0223607
0.0223574
0.0223523
0.0223467
0.0223416
0.0223374
0.0223338
0.0223317
0.0223323
0.0223363
0.022344
0.0223548
0.0223678
0.0223814
0.0223928
0.0223989
0.0223969
0.0223859
0.0223694
0.0223514
0.0223338
0.0223165
0.0222977
0.0222764
0.0222518
0.0222242
0.0221955
0.0221673
0.0221402
0.0221147
0.022091
0.0220681
0.0220449
0.0220205
0.0219941
0.0219652
0.0219349
0.0219051
0.0218773
0.0218526
0.0218313
0.0218141
0.0218019
0.0217946
0.0217907
0.0217879
0.0217849
0.0217809
0.0217763
0.0217732
0.0217742
0.0217812
0.0217952
0.0218168
0.0218456
0.0218799
0.0219178
0.0219596
0.0220071
0.0220605
0.0221187
0.0221797
0.0222412
0.022302
0.0223622
0.0224235
0.0224868
0.0225514
0.0226156
0.0226772
0.0227344
0.0227872
0.022837
0.0228862
0.0229372
0.0229888
0.0230379
0.0230831
0.0231242
0.0231608
0.0231927
0.0232199
0.023241
0.0232546
0.023262
0.0232652
0.0232643
0.0232587
0.0232479
0.0232324
0.0232132
0.0231918
0.0231685
0.0231421
0.0231108
0.0230744
0.0230318
0.0229824
0.0229263
0.0228639
0.0227972
0.0227298
0.0226651
0.0226044
0.022548
0.0224977
0.0224551
0.0224215
0.022398
0.0223824
0.0223704
0.0223577
0.0223419
0.0223224
0.0223003
0.0222757
0.0222491
0.0222229
0.0221998
0.0221816
0.0221695
0.0221642
0.0221645
0.0221677
0.0221726
0.0221788
0.0221864
0.0221963
0.0222104
0.0222307
0.022258
0.022291
0.0223272
0.0223632
0.0223968
0.022428
0.0224567
0.0224818
0.0225018
0.0225148
0.0225208
0.0225223
0.0225221
0.0225224
0.0225252
0.0225314
0.0225403
0.02255
0.0225573
0.0225599
0.0225586
0.0225547
0.0225478
0.0225377
0.0225244
0.022508
0.0224907
0.0224747
0.0224593
0.0224416
0.0224193
0.0223926
0.0223622
0.0223295
0.0222983
0.0222718
0.0222504
0.0222326
0.0222164
0.0222018
0.022191
0.022186
0.0221876
0.0221959
0.0222103
0.0222293
0.0222507
0.0222741
0.0223004
0.0223302
0.0223618
0.0223918
0.0224174
0.0224378
0.0224539
0.0224666
0.0224756
0.0224802
0.0224802
0.0224764
0.0224695
0.0224597
0.0224465
0.0224305
0.0224136
0.0223959
0.0223769
0.0223567
0.0223374
0.0223212
0.022309
0.0222987
0.0222874
0.0222729
0.0222545
0.0222329
0.0222111
0.0221912
0.0221728
0.022156
0.0221417
0.0221306
0.0221237
0.0221223
0.0221269
0.0221362
0.0221484
0.0221623
0.022177
0.022192
0.0222086
0.0222289
0.0222544
0.0222849
0.0223187
0.0223531
0.0223864
0.0224179
0.0224475
0.0224748
0.0224997
0.0225213
0.022537
0.0225448
0.0225432
0.0225319
0.0225127
0.0224872
0.0224578
0.022427
0.0223956
0.0223627
0.0223275
0.0222903
0.0222522
0.0222149
0.0221804
0.0221503
0.0221249
0.0221039
0.0220863
0.0220709
0.0220569
0.0220448
0.0220352
0.022028
0.0220239
0.0220239
0.0220293
0.0220404
0.0220575
0.0220811
0.0221119
0.022149
0.02219
0.0222324
0.0222733
0.0223103
0.0223435
0.0223752
0.0224085
0.0224444
0.0224818
0.0225202
0.02256
0.0226015
0.0226435
0.0226835
0.0227207
0.0227546
0.0227837
0.0228059
0.0228213
0.0228312
0.0228367
0.022838
0.0228359
0.0228303
0.0228198
0.0228028
0.0227786
0.022748
0.0227116
0.02267
0.022625
0.0225777
0.0225295
0.0224822
0.0224355
0.0223875
0.0223373
0.0222842
0.022228
0.0221697
0.0221121
0.0220579
0.0220092
0.0219683
0.021938
0.0219199
0.0219139
0.0219179
0.021928
0.02194
0.0219524
0.0219667
0.0219841
0.0220033
0.0220229
0.0220419
0.0220589
0.0220724
0.0220814
0.0220883
0.0220966
0.0221091
0.0221272
0.0221515
0.0221825
0.022219
0.0222578
0.0222953
0.0223287
0.0223565
0.0223781
0.0223942
0.0224054
0.0224114
0.0224125
0.0224102
0.0224056
0.0223981
0.0223863
0.0223697
0.0223498
0.022327
0.0222995
0.0222671
0.022231
0.0221928
0.0221539
0.0221143
0.0220736
0.0220317
0.0219896
0.0219492
0.0219121
0.0218804
0.0218555
0.0218375
0.0218266
0.0218225
0.0218246
0.0218329
0.0218476
0.0218682
0.0218935
0.0219215
0.021951
0.0219822
0.0220153
0.0220518
0.0220922
0.0221359
0.0221828
0.0222317
0.0222796
0.0223235
0.0223625
0.0223961
0.0224228
0.0224419
0.022456
0.0224676
0.0224784
0.0224874
0.0224924
0.0224915
0.0224844
0.0224709
0.0224512
0.0224246
0.0223914
0.0223535
0.0223128
0.022271
0.0222293
0.0221893
0.0221525
0.0221192
0.0220906
0.0220674
0.0220486
0.0220332
0.0220201
0.0220094
0.0220017
0.0219976
0.0219979
0.0220038
0.0220168
0.022038
0.0220668
0.0221008
0.0221368
0.0221714
0.0222029
0.0222305
0.0222556
0.0222808
0.0223072
0.0223347
0.022364
0.0223961
0.0224321
0.0224712
0.0225111
0.0225511
0.0225914
0.0226324
0.022674
0.0227144
0.0227514
0.0227832
0.022809
0.0228293
0.0228438
0.0228504
0.0228463
0.0228292
0.0228004
0.0227634
0.0227223
0.0226816
0.0226432
0.0226069
0.0225722
0.0225384
0.0225052
0.0224739
0.0224454
0.0224214
0.0224024
0.022388
0.0223782
0.0223742
0.0223779
0.0223909
0.0224138
0.0224445
0.022479
0.0225133
0.0225452
0.0225741
0.0225993
0.022619
0.0226304
0.022631
0.0226207
0.0226015
0.022576
0.0225452
0.0225105
0.0224738
0.0224378
0.0224044
0.0223739
0.022347
0.0223262
0.0223134
0.0223093
0.022313
0.0223215
0.0223316
0.0223418
0.0223523
0.0223624
0.0223702
0.0223742
0.0223744
0.0223709
0.022363
0.0223498
0.0223326
0.0223133
0.0222925
0.0222694
0.0222431
0.022215
0.0221884
0.0221656
0.0221487
0.0221372
0.022129
0.0221228
0.0221198
0.0221227
0.0221332
0.0221489
0.022167
0.0221858
0.0222052
0.0222257
0.0222466
0.022268
0.02229
0.0223117
0.0223323
0.0223527
0.0223747
0.0224002
0.0224303
0.0224659
0.0225079
0.0225544
0.022602
0.0226477
0.0226918
0.0227371
0.0227847
0.0228342
0.0228855
0.0229381
0.0229915
0.0230449
0.0230968
0.0231444
0.0231831
0.0232092
0.0232221
0.0232222
0.0232092
0.0231834
0.0231454
0.0230968
0.0230408
0.0229817
0.0229229
0.0228664
0.0228129
0.0227623
0.0227153
0.0226729
0.0226347
0.0225985
0.0225608
0.0225187
0.0224721
0.0224236
0.022375
0.0223271
0.02228
0.0222344
0.0221894
0.0221443
0.0221009
0.0220624
0.0220312
0.0220092
0.0219971
0.0219954
0.022005
0.0220256
0.0220545
0.0220878
0.0221217
0.0221525
0.0221787
0.0222021
0.0222243
0.0222443
0.0222594
0.0222674
0.0222681
0.0222637
0.0222563
0.0222458
0.0222309
0.0222109
0.0221859
0.0221555
0.0221215
0.0220862
0.0220502
0.0220152
0.021984
0.0219599
0.0219446
0.0219378
0.0219396
0.0219504
0.0219692
0.0219937
0.0220223
0.022056
0.022097
0.0221461
0.0222022
0.0222625
0.0223232
0.0223828
0.0224409
0.0224957
0.022545
0.0225874
0.0226228
0.02265
0.0226669
0.0226727
0.0226689
0.0226571
0.0226393
0.0226183
0.0225971
0.0225765
0.0225562
0.0225371
0.0225209
0.0225097
0.0225047
0.0225038
0.0225037
0.0225018
0.0224974
0.0224918
0.0224884
0.02249
0.0224961
0.0225035
0.0225108
0.022519
0.0225294
0.0225429
0.0225597
0.0225789
0.0226004
0.0226239
0.0226478
0.0226697
0.0226874
0.0227002
0.0227086
0.0227126
0.0227105
0.0227026
0.0226916
0.0226797
0.0226661
0.0226503
0.0226336
0.0226188
0.0226082
0.0226034
0.022606
0.0226161
0.0226321
0.0226524
0.0226756
0.0227006
0.0227254
0.0227486
0.0227718
0.0227972
0.022825
0.0228537
0.0228819
0.02291
0.0229384
0.0229675
0.022997
0.0230252
0.0230498
0.0230687
0.0230807
0.0230857
0.0230854
0.0230827
0.0230801
0.0230786
0.0230787
0.0230792
0.0230769
0.0230695
0.0230566
0.0230375
0.0230114
0.0229767
0.022934
0.0228863
0.022836
0.0227849
0.0227342
0.0226841
0.0226337
0.0225827
0.0225308
0.0224777
0.0224231
0.0223677
0.0223129
0.0222599
0.0222107
0.0221675
0.0221313
0.0221023
0.0220816
0.0220713
0.0220721
0.022081
0.0220956
0.0221142
0.0221355
0.0221585
0.0221826
0.0222077
0.022233
0.0222576
0.0222828
0.0223104
0.0223415
0.0223749
0.0224088
0.0224421
0.0224739
0.0225027
0.0225264
0.0225429
0.0225532
0.0225596
0.0225637
0.0225661
0.0225671
0.0225677
0.0225675
0.0225662
0.0225651
0.0225646
0.0225627
0.0225582
0.0225515
0.0225433
0.0225334
0.0225216
0.0225091
0.0224979
0.0224899
0.022486
0.0224859
0.0224899
0.0224993
0.0225154
0.0225382
0.0225671
0.0226006
0.0226358
0.0226692
0.0226975
0.0227184
0.02273
0.0227321
0.0227262
0.022715
0.0227006
0.0226853
0.0226699
0.0226543
0.0226389
0.0226253
0.0226148
0.0226079
0.0226047
0.0226042
0.0226064
0.0226118
0.0226208
0.0226334
0.0226484
0.0226622
0.0226714
0.022675
0.0226735
0.022667
0.0226573
0.022647
0.022637
0.0226261
0.0226125
0.0225944
0.0225717
0.0225456
0.022518
0.0224904
0.0224637
0.0224381
0.0224132
0.0223885
0.0223652
0.0223467
0.0223346
0.0223292
0.0223291
0.022333
0.0223395
0.0223467
0.0223534
0.022359
0.0223629
0.0223654
0.0223663
0.0223654
0.0223623
0.0223576
0.0223543
0.0223551
0.0223596
0.0223652
0.0223703
0.0223758
0.0223841
0.0223968
0.0224136
0.0224335
0.0224569
0.0224842
0.0225143
0.0225473
0.0225832
0.02262
0.0226535
0.0226808
0.0227018
0.0227174
0.0227284
0.0227337
0.0227316
0.0227211
0.0227016
0.0226733
0.0226375
0.0225969
0.0225529
0.0225061
0.0224566
0.0224044
0.0223509
0.0222997
0.0222539
0.0222136
0.0221773
0.0221446
0.0221164
0.0220931
0.0220741
0.0220581
0.0220444
0.0220344
0.02203
0.0220319
0.0220397
0.0220525
0.022071
0.0220957
0.0221267
0.0221627
0.0222021
0.0222438
0.0222882
0.0223361
0.0223883
0.0224435
0.0224993
0.0225533
0.0226022
0.0226428
0.0226737
0.0226959
0.0227118
0.0227222
0.0227268
0.0227253
0.0227175
0.0227045
0.0226884
0.0226707
0.022652
0.0226324
0.0226109
0.0225858
0.0225561
0.0225239
0.0224915
0.0224601
0.0224303
0.0224015
0.0223744
0.0223505
0.0223307
0.0223157
0.0223061
0.0223002
0.022295
0.0222869
0.0222728
0.0222512
0.0222225
0.0221894
0.0221549
0.0221209
0.0220871
0.0220524
0.0220182
0.0219867
0.0219571
0.0219278
0.0218993
0.0218738
0.0218533
0.0218399
0.0218346
0.0218384
0.0218535
0.0218807
0.0219184
0.0219646
0.0220188
0.0220805
0.0221488
0.0222199
0.0222888
0.0223516
0.0224057
0.0224498
0.0224849
0.022514
0.0225397
0.022564
0.0225882
0.0226132
0.0226393
0.0226666
0.0226944
0.0227214
0.0227477
0.0227736
0.0227993
0.0228243
0.0228471
0.0228664
0.0228823
0.0228964
0.0229104
0.0229242
0.0229379
0.0229513
0.0229635
0.022974
0.0229833
0.0229902
0.0229934
0.0229923
0.0229879
0.0229804
0.0229684
0.0229508
0.0229276
0.0229002
0.0228705
0.0228394
0.0228085
0.0227777
0.0227445
0.0227065
0.0226642
0.02262
0.022576
0.022534
0.0224961
0.0224632
0.022435
0.0224122
0.0223966
0.0223893
0.0223898
0.022397
0.0224109
0.0224326
0.022462
0.0224957
0.0225288
0.0225591
0.0225891
0.0226197
0.0226484
0.0226707
0.022682
0.022679
0.0226602
0.0226267
0.0225822
0.0225305
0.0224753
0.0224184
0.0223604
0.0223012
0.0222419
0.0221859
0.0221381
0.0221013
0.0220767
0.0220644
0.0220627
0.022067
0.0220717
0.0220747
0.0220772
0.0220826
0.0220968
0.0221227
0.022158
0.0221988
0.0222434
0.022292
0.0223455
0.0224037
0.0224674
0.0225389
0.0226185
0.022702
0.022783
0.0228577
0.0229247
0.0229838
0.0230355
0.0230807
0.0231195
0.0231513
0.023176
0.0231951
0.0232107
0.0232255
0.0232421
0.0232608
0.0232807
0.0232992
0.0233124
0.0233174
0.0233136
0.0233025
0.0232867
0.0232684
0.0232481
0.0232244
0.0231955
0.0231623
0.0231288
0.0230978
0.0230691
0.0230391
0.0230042
0.0229637
0.0229196
0.0228725
0.0228204
0.0227617
0.0226972
0.0226287
0.022558
0.0224851
0.02241
0.0223344
0.022261
0.0221914
0.0221274
0.0220712
0.0220241
0.0219868
0.0219605
0.0219446
0.0219365
0.0219339
0.0219362
0.0219445
0.0219617
0.0219898
0.0220277
0.0220753
0.0221307
0.0221896
0.0222487
0.0223072
0.0223656
0.0224234
0.0224786
0.0225292
0.0225732
0.0226086
0.0226343
0.022651
0.0226618
0.0226694
0.0226748
0.0226789
0.0226806
0.0226783
0.0226732
0.022667
0.0226601
0.0226522
0.0226436
0.0226357
0.0226291
0.0226242
0.0226219
0.0226226
0.0226267
0.0226346
0.0226477
0.0226673
0.022694
0.0227269
0.0227633
0.0227994
0.0228325
0.022861
0.0228832
0.0228995
0.0229133
0.0229271
0.0229415
0.0229558
0.0229685
0.0229789
0.0229865
0.0229912
0.0229924
0.0229906
0.0229866
0.0229801
0.0229703
0.0229566
0.0229385
0.0229153
0.0228869
0.0228557
0.0228257
0.0228001
0.0227809
0.0227683
0.0227611
0.0227581
0.0227584
0.0227616
0.0227671
0.0227743
0.0227848
0.0228016
0.0228254
0.0228547
0.022888
0.0229245
0.0229627
0.023001
0.0230393
0.0230784
0.023118
0.0231566
0.0231925
0.0232251
0.0232541
0.0232786
0.0232983
0.0233142
0.0233276
0.0233388
0.023346
0.0233494
0.0233523
0.023359
0.0233717
0.0233899
0.0234117
0.0234362
0.0234639
0.0234944
0.0235251
0.023553
0.0235761
0.0235931
0.0236033
0.0236054
0.0235962
0.0235746
0.0235428
0.0235041
0.0234614
0.0234152
0.0233649
0.0233097
0.0232496
0.0231866
0.0231222
0.0230565
0.0229897
0.0229218
0.0228542
0.0227886
0.0227261
0.0226685
0.0226195
0.0225826
0.022558
0.022543
0.0225357
0.0225361
0.0225437
0.0225568
0.0225742
0.022595
0.0226176
0.02264
0.02266
0.0226768
0.0226904
0.022701
0.0227085
0.0227142
0.0227202
0.0227274
0.0227351
0.0227415
0.0227459
0.0227494
0.0227531
0.0227562
0.0227584
0.0227583
0.0227522
0.0227371
0.0227142
0.0226873
0.0226595
0.0226319
0.0226038
0.0225754
0.0225478
0.0225211
0.0224945
0.0224671
0.0224385
0.0224104
0.0223846
0.0223604
0.0223375
0.0223166
0.0222993
0.0222882
0.0222852
0.0222914
0.0223063
0.0223283
0.0223566
0.022391
0.0224296
0.0224684
0.0225033
0.022532
0.0225534
0.0225678
0.0225776
0.0225862
0.0225963
0.0226084
0.0226223
0.022638
0.0226559
0.0226758
0.0226977
0.02272
0.0227394
0.0227549
0.0227671
0.0227767
0.0227848
0.0227939
0.0228062
0.0228214
0.0228379
0.022855
0.0228734
0.0228932
0.0229137
0.0229327
0.0229471
0.0229538
0.0229518
0.0229438
0.0229324
0.0229184
0.0229019
0.0228835
0.022865
0.0228481
0.0228326
0.0228173
0.0228005
0.022781
0.0227577
0.0227305
0.0227003
0.0226682
0.0226347
0.0226011
0.0225695
0.0225425
0.0225197
0.0224979
0.0224751
0.0224537
0.0224389
0.0224344
0.0224405
0.0224567
0.0224815
0.0225125
0.0225481
0.0225879
0.0226312
0.022677
0.0227223
0.0227653
0.0228051
0.0228404
0.022871
0.0228985
0.0229247
0.0229504
0.0229741
0.0229947
0.0230115
0.0230236
0.0230303
0.0230313
0.0230285
0.0230236
0.0230147
0.0230002
0.0229802
0.0229558
0.0229287
0.0229004
0.0228713
0.0228407
0.0228088
0.0227783
0.0227528
0.0227343
0.0227218
0.0227128
0.0227048
0.022697
0.0226885
0.0226789
0.0226691
0.0226595
0.0226484
0.0226337
0.0226163
0.0226005
0.0225903
0.0225878
0.0225917
0.0225982
0.0226037
0.0226071
0.0226097
0.0226142
0.0226221
0.0226342
0.022651
0.0226722
0.022696
0.0227207
0.0227467
0.0227763
0.0228103
0.0228468
0.022882
0.0229123
0.0229362
0.0229522
0.0229595
0.0229587
0.0229512
0.0229379
0.0229173
0.0228883
0.0228525
0.022813
0.0227711
0.0227279
0.022686
0.0226479
0.0226137
0.0225825
0.0225538
0.0225287
0.0225085
0.0224929
0.0224809
0.0224728
0.022468
0.0224655
0.0224633
0.0224597
0.0224545
0.0224486
0.0224417
0.0224329
0.0224226
0.0224131
0.022407
0.0224051
0.0224072
0.022413
0.0224227
0.0224383
0.0224617
0.0224927
0.0225281
0.0225638
0.0225982
0.0226313
0.0226633
0.0226935
0.0227208
0.0227452
0.0227673
0.022786
0.0228006
0.0228119
0.0228198
0.0228223
0.022818
0.0228096
0.0227995
0.0227881
0.0227758
0.0227638
0.0227523
0.0227411
0.0227289
0.0227155
0.0227031
0.0226937
0.0226873
0.0226819
0.0226761
0.0226697
0.0226619
0.0226522
0.0226404
0.0226268
0.0226129
0.0225994
0.0225861
0.0225733
0.0225618
0.0225524
0.0225462
0.0225443
0.0225473
0.0225544
0.0225631
0.0225725
0.0225842
0.0225997
0.022619
0.0226403
0.022661
0.0226792
0.0226939
0.0227045
0.0227103
0.0227118
0.0227111
0.0227115
0.0227157
0.0227234
0.0227332
0.0227434
0.022753
0.0227616
0.0227686
0.0227729
0.022773
0.0227676
0.0227555
0.0227355
0.0227064
0.0226676
0.0226188
0.022562
0.0225019
0.022444
0.0223932
0.0223518
0.0223187
0.0222928
0.0222734
0.0222591
0.0222498
0.0222469
0.0222525
0.0222667
0.0222879
0.0223141
0.0223438
0.0223769
0.0224144
0.0224564
0.0225021
0.0225499
0.0225978
0.0226454
0.0226934
0.0227432
0.0227962
0.0228522
0.0229099
0.0229679
0.0230246
0.0230785
0.0231281
0.0231714
0.0232064
0.0232309
0.0232435
0.0232437
0.0232304
0.0232027
0.0231612
0.0231091
0.0230496
0.0229848
0.022916
0.0228437
0.0227684
0.0226923
0.0226193
0.0225537
0.0224985
0.0224541
0.0224191
0.022391
0.022367
0.0223457
0.0223264
0.0223096
0.0222967
0.0222888
0.0222857
0.0222856
0.0222865
0.0222879
0.0222902
0.0222948
0.0223024
0.0223121
0.0223237
0.0223396
0.0223613
0.0223878
0.0224153
0.0224385
0.0224547
0.0224655
0.0224748
0.022485
0.0224968
0.0225096
0.0225225
0.022536
0.0225493
0.02256
0.0225678
0.0225751
0.0225832
0.0225911
0.0225963
0.0225979
0.0225969
0.0225937
0.0225889
0.022584
0.0225821
0.0225855
0.0225937
0.0226052
0.0226193
0.0226351
0.0226518
0.0226689
0.0226865
0.0227056
0.0227268
0.022749
0.0227687
0.0227825
0.0227904
0.0227936
0.0227941
0.0227943
0.0227948
0.0227964
0.022799
0.022801
0.0228012
0.0227991
0.0227958
0.0227925
0.0227885
0.0227822
0.022773
0.0227613
0.0227475
0.022733
0.0227201
0.0227098
0.0227016
0.0226944
0.0226864
0.0226774
0.0226683
0.0226596
0.0226507
0.0226406
0.0226285
0.0226153
0.0226019
0.022589
0.0225787
0.022573
0.0225724
0.022576
0.0225832
0.0225951
0.0226126
0.0226359
0.0226642
0.0226956
0.0227278
0.0227596
0.0227908
0.0228211
0.0228499
0.0228767
0.0229023
0.0229273
0.0229517
0.0229768
0.0230043
0.0230347
0.0230672
0.0231008
0.0231343
0.0231649
0.0231896
0.0232069
0.0232179
0.0232248
0.0232282
0.0232273
0.0232218
0.0232121
0.0232
0.0231871
0.0231742
0.0231612
0.0231465
0.0231285
0.0231055
0.0230753
0.0230386
0.0229978
0.0229545
0.0229086
0.0228597
0.0228083
0.0227567
0.0227072
0.0226624
0.0226238
0.0225909
0.0225605
0.0225287
0.0224938
0.0224562
0.0224179
0.0223821
0.0223499
0.0223212
0.0222957
0.0222732
0.0222543
0.0222394
0.0222295
0.0222266
0.0222302
0.0222379
0.0222491
0.0222653
0.022289
0.02232
0.0223552
0.0223929
0.0224327
0.022473
0.0225129
0.0225521
0.022591
0.0226307
0.0226701
0.022708
0.0227449
0.0227804
0.0228133
0.0228431
0.02287
0.0228934
0.0229115
0.0229229
0.0229267
0.0229235
0.0229157
0.0229047
0.02289
0.0228708
0.0228471
0.0228201
0.0227922
0.0227669
0.022747
0.0227336
0.0227265
0.0227258
0.022731
0.0227407
0.0227534
0.0227675
0.0227818
0.0227944
0.0228042
0.0228109
0.0228143
0.0228149
0.0228132
0.0228097
0.0228043
0.0227966
0.0227877
0.0227788
0.0227712
0.0227663
0.022763
0.0227589
0.022753
0.0227459
0.0227385
0.0227329
0.0227309
0.0227328
0.0227371
0.022742
0.0227462
0.0227485
0.0227479
0.0227433
0.0227343
0.0227218
0.0227058
0.0226845
0.0226567
0.0226224
0.0225842
0.0225462
0.0225132
0.0224886
0.022473
0.0224651
0.0224626
0.0224638
0.022468
0.022475
0.0224825
0.0224873
0.0224877
0.0224854
0.0224826
0.0224791
0.0224751
0.0224722
0.0224727
0.0224773
0.0224869
0.0225026
0.0225243
0.0225491
0.0225737
0.0225969
0.0226182
0.0226371
0.0226534
0.0226678
0.0226813
0.0226944
0.0227075
0.0227209
0.0227347
0.0227498
0.0227672
0.0227872
0.0228078
0.022826
0.0228393
0.0228468
0.0228482
0.0228423
0.0228275
0.022805
0.0227765
0.0227433
0.0227059
0.0226661
0.0226269
0.0225914
0.0225608
0.0225351
0.0225136
0.0224956
0.0224796
0.0224639
0.0224486
0.0224342
0.0224199
0.0224043
0.0223873
0.0223693
0.0223526
0.022341
0.0223363
0.0223373
0.0223426
0.022352
0.022365
0.0223796
0.0223935
0.0224051
0.0224141
0.0224205
0.0224246
0.0224265
0.0224267
0.0224265
0.022427
0.0224279
0.0224293
0.0224317
0.0224355
0.0224423
0.022453
0.022468
0.0224865
0.0225073
0.0225286
0.0225475
0.0225615
0.0225711
0.0225786
0.0225848
0.0225895
0.0225923
0.0225928
0.0225897
0.0225818
0.0225694
0.0225542
0.0225381
0.0225215
0.0225049
0.0224898
0.0224789
0.0224748
0.0224779
0.022486
0.0224966
0.0225076
0.0225195
0.0225354
0.0225578
0.0225851
0.0226139
0.0226405
0.0226621
0.0226776
0.0226868
0.0226898
0.0226868
0.0226783
0.0226634
0.0226408
0.0226114
0.0225778
0.022542
0.0225049
0.022467
0.0224289
0.0223909
0.0223518
0.02231
0.0222665
0.0222252
0.0221898
0.0221623
0.0221426
0.0221294
0.0221211
0.0221191
0.0221251
0.0221386
0.022158
0.0221823
0.0222118
0.0222476
0.022289
0.0223357
0.0223894
0.0224504
0.0225161
0.0225824
0.0226466
0.0227065
0.02276
0.0228064
0.0228455
0.0228775
0.0229041
0.0229277
0.0229496
0.0229706
0.0229925
0.0230174
0.0230467
0.0230795
0.0231127
0.0231435
0.0231724
0.0232011
0.0232277
0.0232492
0.0232645
0.0232745
0.0232806
0.0232821
0.0232768
0.0232627
0.0232382
0.0232016
0.0231524
0.023092
0.0230221
0.0229446
0.0228627
0.02278
0.0226988
0.0226198
0.0225426
0.0224671
0.022393
0.0223206
0.0222521
0.0221891
0.0221329
0.0220854
0.0220485
0.0220237
0.0220121
0.0220122
0.0220225
0.0220426
0.0220708
0.0221031
0.0221363
0.0221691
0.0222002
0.0222276
0.0222521
0.0222771
0.0223067
0.0223441
0.0223889
0.0224386
0.0224912
0.0225455
0.0225995
0.0226497
0.0226926
0.0227261
0.0227511
0.0227706
0.0227865
0.022797
0.0228017
0.0228012
0.0227948
0.0227815
0.0227606
0.0227316
0.0226959
0.0226562
0.0226152
0.0225737
0.022531
0.0224865
0.0224403
0.0223942
0.0223503
0.0223098
0.0222742
0.0222448
0.0222211
0.022202
0.0221874
0.0221774
0.0221717
0.0221701
0.0221732
0.0221812
0.0221931
0.0222079
0.0222258
0.0222495
0.0222827
0.0223259
0.0223772
0.0224325
0.022488
0.022542
0.0225937
0.0226417
0.0226848
0.0227235
0.0227594
0.0227924
0.0228208
0.0228432
0.0228588
0.0228666
0.0228656
0.0228549
0.0228352
0.0228079
0.0227743
0.0227353
0.022692
0.0226455
0.0225968
0.0225483
0.022504
0.0224671
0.0224405
0.0224262
0.0224233
0.0224298
0.0224439
0.0224636
0.022488
0.0225173
0.0225519
0.0225916
0.0226346
0.0226796
0.0227262
0.0227734
0.0228202
0.0228665
0.0229126
0.0229568
0.0229952
0.0230268
0.0230536
0.0230782
0.0231035
0.0231299
0.0231542
0.0231702
0.0231744
0.0231671
0.0231488
0.0231181
0.0230755
0.0230232
0.022964
0.0229006
0.0228339
0.0227645
0.0226939
0.0226243
0.0225573
0.0224931
0.0224332
0.0223806
0.0223374
0.0223048
0.0222831
0.0222713
0.0222665
0.0222662
0.0222702
0.0222785
0.0222888
0.0222991
0.0223083
0.0223153
0.022318
0.0223163
0.0223122
0.0223082
0.0223062
0.022308
0.0223144
0.0223267
0.0223455
0.0223708
0.0224017
0.0224367
0.0224737
0.0225119
0.0225494
0.0225838
0.0226139
0.022639
0.0226593
0.0226759
0.0226893
0.0226994
0.0227058
0.0227082
0.0227066
0.0227021
0.0226962
0.0226895
0.0226812
0.0226715
0.0226624
0.0226552
0.0226495
0.0226452
0.0226439
0.0226467
0.0226522
0.0226592
0.0226679
0.0226812
0.0227013
0.0227281
0.0227597
0.0227936
0.0228281
0.022864
0.0229028
0.0229444
0.0229871
0.0230285
0.023067
0.0231019
0.0231325
0.0231587
0.0231791
0.0231921
0.0231962
0.0231904
0.0231745
0.0231495
0.0231161
0.0230749
0.0230266
0.0229733
0.0229174
0.0228593
0.0228002
0.0227426
0.0226888
0.0226399
0.0225953
0.0225535
0.0225134
0.0224755
0.0224407
0.0224084
0.0223777
0.0223489
0.022322
0.0222978
0.0222781
0.022264
0.0222571
0.0222597
0.0222722
0.0222927
0.0223197
0.0223542
0.0223975
0.0224496
0.0225095
0.0225748
0.0226413
0.0227047
0.0227627
0.0228142
0.0228588
0.0228975
0.0229333
0.0229671
0.0229959
0.0230166
0.023027
0.0230271
0.0230191
0.0230046
0.0229847
0.0229595
0.0229292
0.0228934
0.0228527
0.0228098
0.0227675
0.0227266
0.0226871
0.0226502
0.0226174
0.0225898
0.022567
0.0225492
0.0225362
0.0225268
0.0225207
0.0225189
0.0225241
0.0225393
0.0225655
0.0226009
0.0226408
0.0226818
0.0227229
0.022763
0.0228014
0.022838
0.022872
0.0229025
0.0229299
0.0229541
0.0229746
0.0229915
0.0230058
0.0230178
0.0230277
0.0230359
0.0230431
0.0230506
0.0230603
0.0230732
0.023089
0.0231056
0.0231196
0.0231295
0.0231377
0.023147
0.0231587
0.0231722
0.0231865
0.0232008
0.023214
0.0232262
0.0232386
0.0232512
0.0232636
0.0232758
0.0232884
0.0233012
0.0233136
0.0233242
0.0233315
0.0233338
0.0233305
0.023322
0.0233084
0.0232888
0.0232628
0.0232329
0.0232008
0.0231666
0.0231297
0.0230902
0.0230491
0.0230077
0.0229669
0.0229277
0.0228914
0.0228585
0.0228284
0.0227986
0.0227685
0.0227399
0.022714
0.0226908
0.0226703
0.0226522
0.0226348
0.0226162
0.0225974
0.02258
0.0225642
0.0225505
0.0225399
0.0225319
0.0225238
0.0225128
0.0224976
0.0224766
0.0224493
0.022418
0.0223854
0.0223525
0.0223204
0.0222894
0.02226
0.0222339
0.0222129
0.022198
0.0221885
0.0221848
0.0221892
0.0222045
0.0222321
0.0222721
0.0223225
0.0223815
0.0224475
0.0225198
0.0225977
0.0226789
0.0227598
0.0228362
0.0229042
0.0229609
0.023006
0.0230404
0.0230653
0.0230799
0.0230826
0.0230721
0.0230483
0.0230135
0.0229717
0.0229271
0.0228834
0.0228409
0.0227977
0.0227515
0.0227005
0.022646
0.0225914
0.0225392
0.0224906
0.0224461
0.0224061
0.0223705
0.0223382
0.0223079
0.0222791
0.0222525
0.0222298
0.0222125
0.0222012
0.022195
0.0221918
0.0221903
0.0221909
0.0221949
0.0222024
0.0222133
0.0222296
0.0222527
0.0222807
0.022311
0.0223415
0.0223717
0.0224014
0.0224304
0.0224587
0.0224856
0.0225106
0.0225337
0.0225547
0.0225729
0.0225871
0.0225958
0.0225987
0.0225961
0.0225879
0.0225734
0.0225516
0.022524
0.0224941
0.0224642
0.0224346
0.0224048
0.0223744
0.0223434
0.0223126
0.0222826
0.0222544
0.022228
0.0222035
0.0221812
0.0221625
0.0221489
0.0221419
0.0221428
0.0221528
0.0221711
0.0221953
0.0222233
0.0222541
0.0222885
0.022328
0.0223733
0.0224227
0.0224738
0.0225253
0.0225768
0.0226286
0.0226813
0.0227344
0.022785
0.0228288
0.0228626
0.0228851
0.0228971
0.022899
0.0228914
0.0228756
0.0228543
0.0228296
0.0228012
0.0227695
0.0227362
0.0227017
0.0226651
0.0226269
0.0225897
0.0225557
0.0225256
0.0225
0.0224806
0.0224688
0.0224643
0.0224651
0.0224683
0.0224721
0.0224761
0.0224826
0.0224935
0.0225085
0.0225269
0.0225479
0.0225714
0.0225958
0.0226193
0.0226424
0.022666
0.0226896
0.0227121
0.0227338
0.0227561
0.0227791
0.0227993
0.0228134
0.0228195
0.0228161
0.0228024
0.0227793
0.0227494
0.022716
0.0226811
0.0226474
0.0226171
0.0225904
0.0225668
0.0225462
0.0225283
0.022513
0.0224993
0.0224868
0.0224748
0.0224629
0.0224511
0.02244
0.0224311
0.0224245
0.0224183
0.0224108
0.022401
0.0223886
0.0223732
0.022354
0.0223319
0.0223102
0.0222926
0.0222837
0.0222866
0.0223019
0.022328
0.0223613
0.0223975
0.0224331
0.0224653
0.0224947
0.0225238
0.0225539
0.0225848
0.0226157
0.0226454
0.0226706
0.022688
0.0226978
0.0227019
0.0227022
0.0227008
0.0226969
0.0226886
0.0226741
0.0226525
0.0226252
0.0225954
0.0225662
0.0225393
0.0225161
0.0224987
0.0224875
0.0224817
0.0224792
0.0224774
0.0224757
0.0224747
0.0224742
0.0224737
0.0224724
0.0224698
0.0224676
0.0224665
0.022465
0.0224616
0.0224567
0.0224531
0.0224543
0.022462
0.0224762
0.0224957
0.0225207
0.0225516
0.022588
0.0226272
0.0226647
0.0226972
0.0227238
0.0227462
0.0227675
0.0227894
0.022811
0.0228311
0.022849
0.0228653
0.0228813
0.0228969
0.0229109
0.0229219
0.0229301
0.0229369
0.0229428
0.0229477
0.0229511
0.022951
0.0229447
0.022931
0.0229113
0.0228872
0.0228597
0.0228305
0.0228025
0.0227778
0.0227574
0.0227402
0.0227236
0.0227078
0.0226938
0.0226818
0.0226719
0.0226648
0.0226612
0.0226609
0.0226627
0.0226653
0.0226679
0.0226701
0.0226718
0.0226731
0.0226735
0.0226723
0.0226703
0.022668
0.0226653
0.0226626
0.0226607
0.0226595
0.0226603
0.0226651
0.0226755
0.0226913
0.0227103
0.0227298
0.0227477
0.0227628
0.022775
0.022784
0.0227893
0.0227918
0.0227921
0.0227894
0.0227844
0.0227785
0.0227725
0.0227671
0.022762
0.0227567
0.022751
0.0227449
0.0227385
0.0227325
0.0227281
0.0227263
0.022727
0.0227298
0.0227343
0.0227399
0.0227458
0.0227521
0.0227604
0.0227714
0.0227838
0.0227947
0.0228028
0.0228096
0.0228164
0.0228215
0.0228225
0.0228186
0.0228095
0.0227961
0.0227804
0.022764
0.0227459
0.0227237
0.0226974
0.0226684
0.0226368
0.0226011
0.0225613
0.0225197
0.0224792
0.022441
0.0224051
0.0223718
0.0223418
0.0223155
0.0222913
0.0222686
0.0222474
0.0222286
0.0222145
0.0222066
0.0222063
0.0222157
0.0222352
0.0222623
0.0222927
0.0223227
0.0223504
0.0223754
0.0223991
0.022424
0.0224503
0.0224771
0.0225033
0.0225265
0.0225439
0.0225548
0.0225613
0.0225656
0.0225671
0.0225647
0.0225576
0.0225456
0.0225288
0.0225071
0.0224806
0.0224491
0.0224134
0.0223748
0.0223353
0.0222967
0.0222616
0.0222315
0.0222061
0.0221836
0.0221617
0.0221399
0.0221182
0.0220949
0.0220695
0.0220433
0.0220184
0.0219954
0.0219742
0.0219542
0.0219341
0.0219127
0.0218901
0.0218674
0.0218462
0.0218272
0.0218111
0.0217993
0.0217926
0.02179
0.0217906
0.0217936
0.0217991
0.0218072
0.0218176
0.0218292
0.0218412
0.0218537
0.0218667
0.0218799
0.0218934
0.0219068
0.0219192
0.0219287
0.0219341
0.0219361
0.021936
0.0219353
0.0219376
0.0219483
0.0219709
0.0220029
0.0220391
0.022078
0.0221224
0.0221747
0.022238
0.0223142
0.022401
0.0224932
0.0225875
0.0226831
0.0227804
0.0228801
0.0229825
0.023086
0.0231879
0.023284
0.0233703
0.0234453
0.023509
0.0235616
0.0236044
0.0236385
0.0236621
0.0236726
0.0236696
0.0236545
0.0236287
0.0235918
0.0235448
0.0234898
0.023427
0.0233555
0.0232738
0.0231804
0.0230745
0.022957
0.0228311
0.0226998
0.0225656
0.0224315
0.022299
0.0221696
0
0
0
0
0
0
0
0
0
0
0
0
0
0
0
0
0
0
0
0
0
0
0
0
0
0
0
0
0
0
0
0
0
0
0
0
0
0
0
0
0
0
0
0
0
0
0
0
0
0
0
0
0
0
0
0
0
0
0
0
0
0
0
0
0
0
0
0
0
0
0
0
0
0
0
0
0
0
0
0
0
0
0
0
0
0
0
0
0
0
0
0
0
0
0
0
0
0
0
0
0
0
0
0
0
0
0
0
0
0
0
0
0
0
0
0
0
0
0
0
0
0
0
0
0
0
0
0
0
0
0
0
0
0
0
0
0
0
0
0
0
0
0
0
0
0
0
0
0
0
0
0
0
0
0
0
0
0
0
0
0
0
0
0
0
0
0
0
0
0
0
0
0
0
0
0
0
0
0
0
0
0
0
0
0
0
0
0
0
0
0
0
0
0
0
0
0
0
0
0
0
0
0
0
0
0
0
0
0
0
0
0
0
0
0
0
0
0
0
0
0
0
0
0
0
0
0
0
0
0
0
0
0
0
0
0
0
0
0
0
0
0
0
0
0
0
0
0
0
0
0
0
0
0
0
0
0
0
0
0
0
0
0
0
0
0
0
0
0
0
0
0
0
0
0
0
0
0
0
0
0
0
0
0
0
0
0
0
0
0
0
0
0
0
0
0
0
0
0
0
0
0
0
0
0
0
0
0
0
0
0
0
0
0
0
0
0
0
0
0
0
0
0
0
0
0
0
0
0
0
0
0
0
0
0
0
0
0
0
0
0
0
0
0
0
0
0
0
0
0
0
0
0
0
0
0
0
0
0
0
0
0
0
0
0
0
0
0
0
0
0
0
0
0
0
0
0
0
0
0
0
0
0
0
0
0
0
0
0
0
0
0
0
0
0
0
0
0
0
0
0
0
0
0
0
0
0
0
0
0
0
0
0
0
0
0
0
0
0
0
0
0
0
0
0
0
0
0
0
0
0
0
0
0
0
0
0
0
0
0
0
0
0
0
0
0
0
0
0
0
0
0
0
0
0
0
0
0
0
0
0
0
0
0
0
0
0
0
0
0
0
0
0
0
0
0
0
0
0
0
0
0
0
0
0
0
0
0
0
0
0
0
0
0
0
0
0
0
0
0
0
0
0
0
0
0
0
0
0
0
0
0
0
0
0
0
0
0
0
0
0
0
0
0
0
0
0
0
0
0
0
0
0
0
0
0
0
0
0
0
0
0
0
0
0
0
0
0
0
0
0
0
0
0
0
0
0
0
0
0
0
0
0
0
0
0
0
0
0
0
0
0
0
0
0
0
0
0
0
0
0
0
0
0
0
0
0
0
0
0
0
0
0
0
0
0
0
0
0
0
0
0
0
0
0
0
0
0
0
0
0
0
0
0
0
0
0
0
0
0
0
0
0
0
0
0
0
0
0
0
0
0
0
0
0
0
0
0
0
0
0
0
0
0
0
0
0
0
0
0
0
0
0
0
0
0
0
0
0
0
0
0
0
0
0
0
0
0
0
0
0
0
0
0
0
0
0
0
0
0
0
0
0
0
0
0
0
0
0
0
0
0
0
0
0
0
0
0
0
0
0
0
0
0
0
0
0
0
0
0
0
0
0
0
0
0
0
0
0
0
0
0
0
0
0
0
0
0
0
0
0
0
0
0
0
0
0
0
0
0
0
0
0
0
0
0
0
0
0
0
0
0
0
0
0
0
0
0
0
0
0
0
0
0
0
0
0
0
0
0
0
0
0
0
0
0
0
0
0
0
0
0
0
0
0
0
0
0
0
0
0
0
0
0
0
0
0
0
0
0
0
0
0
0
0
0
0
0
0
0
0
0
0
0
0
0
0
0
0
0
0
0
0
0
0
0
0
0
0
0
0
0
0
0
0
0
0
0
0
0
0
0
0
0
0
0
0
0
0
0
0
0
0
0
0
0
0
0
0
0
0
0
0
0
0
0
0
0
0
0
0
0
0
0
0
0
0
0
0
0
0
0
0
0
0
0
0
0
0
0
0
0
0
0
0
0
0
0
0
0
0
0
0
0
0
0
0
0
0
0
0
0
0
0
0
0
0
0
0
0
0
0
0
0
0
0
0
0
0
0
0
0
0
0
0
0
0
0
0
0
0
0
0
0
0
0
0
0
0
0
0
0
0
0
0
0
0
0
0
0
0
0
0
0
0
0
0
0
0
0
0
0
0
0
0
0
0
0
0
0
0
0
0
0
0
0
0
0
0
0
0
0
0
0
0
0
0
0
0
0
0
0
0
0
0
0
0
0
0
0
0
0
0
0
0
0
0
0
0
0
0
0
0
0
0
0
0
0
0
0
0
0
0
0
0
0
0
0
0
0
0
0
0
0
0
0
0
0
0
0
0
0
0
0
0
0
0
0
0
0
0
0
0
0
0
0
0
0
0
0
0
0
0
0
0
0
0
0
0
0
0
0
0
0
0
0
0
0
0
0
0
0
0
0
0
0
0
0
0
0
0
0
0
0
0
0
0
0
0
0
0
0
0
0
0
0
0
0
0
0
0
0
0
0
0
0
0
0
0
0
0
0
0
0
0
0
0
0
0
0
0
0
0
0
0
0
0
0
0
0
0
0
0
0
0
0
0
0
0
0
0
0
0
0
0
0
0
0
0
0
0
0
0
0
0
0
0
0
0
0
0
0
0
0
