0
0
0
0
0
0
0
0
0
0
0.944247
0.952162
0.946829
0.952436
0.959136
0.960603
0.960934
0.955397
0.954271
0.954769
0.956055
0.950257
0.941087
0.949068
0.944141
0.941615
0.943463
0.962981
0.961435
0.941719
0.94928
0.949593
0.948462
0.967367
0.969731
0.96816
0.970769
0.974478
0.972271
0.974179
0.961002
0.964753
0.964301
0.970316
0.968923
0.964869
0.965446
0.963398
0.972967
0.974788
0.982889
0.983911
0.990508
0.97108
0.971408
0.968887
0.965311
0.962113
0.964949
0.96189
0.956599
0.964615
0.960435
0.957907
0.957136
0.946414
0.953524
0.968338
0.951885
0.944214
0.955492
0.95584
0.955015
0.950745
0.946321
0.948952
0.949342
0.95975
0.955538
0.937788
0.929595
0.917818
0.922777
0.92419
0.934789
0.933561
0.928471
0.906456
0.911339
0.90467
0.892716
0.921874
0.899135
0.869634
0.880767
0.871279
0.867921
0.866345
0.876813
0.853391
0.844641
0.857959
0.852949
0.856072
0.864995
0.850184
0.846794
0.836079
0.821667
0.804646
0.78605
0.768365
0.743729
0.735138
0.725684
0.711246
0.697551
0.688764
0.670751
0.655513
0.636014
0.615094
0.591973
0.581304
0.569872
0.550536
0.532059
0.532293
0.509893
0.475767
0.47431
0.461233
0.440066
0.4223
0.408777
0.386693
0.39328
0.395807
0.370903
0.356534
0.328842
0.311019
0.29121
0.271208
0.260966
0.256986
0.233332
0.206491
0.203114
0.178797
0.150093
0.139588
0.111877
0.104205
0.109931
0.112108
0.0992516
0.0828577
0.0703538
0.0681633
0.0544683
0.0495394
0.0249857
0.00106382
-0.0166037
-0.0402854
-0.0530961
-0.0497483
-0.0392588
-0.0241133
-0.00481251
-0.00919494
-0.0239759
-0.0281037
-0.0558378
-0.0604723
-0.0556416
-0.0621313
-0.0517434
-0.0517837
-0.0441566
-0.0360761
-0.0233392
-0.0196601
-0.0420434
-0.025231
-0.0141334
-0.00299591
0.00810992
0.00847363
0.00685991
0.0188527
0.0394656
0.0681368
0.0776428
0.0713352
0.0702406
0.0724758
0.0846423
0.0876537
0.10886
0.14602
0.170801
0.167678
0.18557
0.199288
0.222124
0.238602
0.263067
0.286479
0.297663
0.292896
0.499523
0.334216
0.349854
0.331504
0.351699
0.371578
0.379069
0.376447
0.374793
0.376771
0.384457
0.384743
0.386453
0.410242
0.402457
0.411997
0.424994
0.422493
0.409049
0.430807
0.418852
0.411902
0.418537
0.427564
0.414725
0.404198
0.42789
0.407372
0.41118
0.423298
0.423415
0.459258
0.494569
0.477509
0.494124
0.493173
0.486244
0.495759
0.498223
0.494595
0.515031
0.540343
0.528011
0.542286
0.561844
0.559989
0.579859
0.565244
0.568995
0.568188
0.562343
0.570715
0.567008
0.596367
0.57971
0.574437
0.597194
0.602207
0.643778
0.639126
0.639388
0.641114
0.629007
0.651826
0.655089
0.64554
0.650057
0.648984
0.654301
0.646561
0.633446
0.601732
0.617463
0.634978
0.612888
0.596745
0.581901
0.602154
0.603269
0.605
0.616905
0.638505
0.646323
0.683648
0.703644
0.749477
0.76768
0.826174
0.837723
0.876083
0.878809
0.915794
0.891665
0.921138
0.908067
0.933642
0.931593
0.960037
0.978799
0.985141
1.00395
1.00184
1.01422
1.00671
1.02613
1.03025
1.02736
1.00069
0.971497
0.978743
0.926046
0.92508
0.901384
0.900755
0.895146
0.877524
0.896615
0.876535
0.87325
0.860022
0.854871
0.857206
0.84527
0.849435
0.83477
0.838796
0.861716
0.850985
0.870102
0.878116
0.858124
0.859846
0.879396
0.90246
0.879722
0.844675
0.857744
0.864276
0.869211
0.866469
0.870052
0.895281
0.890727
0.887664
1.07637
0.900472
0.92182
0.993636
1.04838
1.08878
1.15269
1.21957
1.25618
1.29836
1.35429
1.38654
1.44171
1.47396
1.50542
1.50919
1.53243
1.55821
1.54827
1.5444
1.54184
1.54257
1.52253
1.50028
1.47868
1.44021
1.42744
1.43182
1.40646
1.38121
1.37427
1.37614
1.36907
1.36501
1.39528
1.3897
1.38207
1.37073
1.39996
1.4091
1.4062
1.42148
1.41775
1.43951
1.43131
1.41317
1.40363
1.39997
1.37062
1.36037
1.36515
1.35954
1.36773
1.32805
1.32786
1.35654
1.39743
1.43906
1.52242
1.57049
1.6453
1.67195
1.72752
1.79838
1.82974
1.8765
1.91477
1.95101
1.99146
2.01211
2.01963
2.00952
1.99853
1.97933
1.95826
1.93819
1.92178
1.89974
1.8898
1.90072
1.89142
1.88188
1.90531
1.87702
1.85325
1.8568
1.87091
1.8633
1.84629
1.85545
1.8528
2.03142
1.84708
1.82457
1.77207
1.77187
1.84256
1.8369
1.81603
1.81772
1.82505
1.84792
1.92232
2.00339
2.07939
2.11382
2.14173
2.18876
2.22929
2.24293
2.29506
2.33232
2.3383
2.32133
2.30795
2.30492
2.30026
2.28633
2.28619
2.25236
2.23309
2.20763
2.22201
2.20293
2.17719
2.1603
2.1775
2.17165
2.16537
2.17136
2.17951
2.18942
2.18015
2.18405
2.19063
2.18231
2.16948
2.18927
2.19244
2.196
2.18794
2.19192
2.2082
2.4027
2.29899
2.35631
2.40498
2.46358
2.53806
2.57627
2.64779
2.69513
2.72973
2.76503
2.81436
2.877
2.89272
2.92992
2.92078
2.90664
2.9287
2.91853
2.91417
2.91
2.91298
2.87807
2.86499
2.85677
2.82544
2.80265
2.82972
2.86092
2.83559
2.8266
2.805
2.84196
2.81679
2.82711
2.82754
2.85209
2.84119
2.81532
2.82851
2.80409
2.82618
2.84853
2.90619
2.92767
3.13743
3.06619
3.15921
3.22498
3.29823
3.39256
3.47719
3.50695
3.56835
3.59109
3.63395
3.67571
3.68965
3.68828
3.67369
3.65582
3.64387
3.65944
3.6222
3.61591
3.61897
3.61877
3.57062
3.52355
3.5052
3.50221
3.4923
3.46548
3.46615
3.46137
3.44777
3.44954
3.42888
3.39412
3.37507
3.36459
3.35087
3.34036
3.30534
3.27314
3.2508
3.24901
3.25005
3.26672
3.4636
3.32014
3.35905
3.60189
3.52613
3.57608
3.64051
3.71306
3.79571
3.80543
3.87148
3.93497
3.96604
3.99903
4.22146
4.07018
4.08602
4.10382
4.12272
4.14166
4.15849
4.16126
4.33359
4.17691
4.172
4.15185
4.16497
4.17605
4.18543
4.17914
4.19158
4.21249
4.19653
4.1922
4.20411
4.38551
4.18524
4.19899
4.19036
4.16919
4.15992
4.15294
4.16109
4.14985
4.16593
4.16563
4.14741
4.176
4.37325
4.22797
4.25877
4.33135
4.37513
4.42346
4.4849
4.70508
4.58249
4.63614
4.66713
4.69404
4.73192
4.76034
4.79619
4.81663
4.84203
4.86704
4.91413
4.88891
4.88391
4.86219
4.86148
4.86874
5.00712
4.83413
4.81606
4.80891
4.97688
4.78868
4.82784
4.82784
4.82958
4.86305
4.84024
4.85138
4.83643
4.80832
4.81631
4.81255
4.81135
4.82502
4.81662
4.857
5.02475
4.84672
4.88096
4.88368
4.90416
4.89379
4.90249
4.90325
4.9016
4.89272
4.88978
4.93779
4.91979
4.95322
4.96313
4.98903
4.99765
5.0717
5.30835
5.21325
5.26201
5.36287
5.41375
5.62808
5.48857
5.52478
5.53959
5.5663
5.58985
5.60346
5.61684
5.6507
5.66891
5.70418
5.89298
5.75338
5.74018
5.76893
5.76315
5.76688
5.7578
5.7261
5.70548
5.67385
5.82258
5.59375
5.58956
5.54974
5.51748
5.50037
5.48076
5.64146
5.4555
5.46028
5.44271
5.45426
5.46048
5.42545
5.4456
5.43259
5.40592
5.40355
5.38528
5.38924
5.36315
5.33792
5.35182
5.34315
5.32166
5.30415
5.32375
5.33864
5.33338
5.36088
5.38835
5.38959
5.4104
5.41738
5.41725
5.43149
5.4515
5.43975
5.44322
5.48262
5.48179
5.49683
5.50478
5.51056
5.50401
5.53307
5.53262
5.51244
5.50252
5.5174
5.55467
5.55097
5.58901
5.6127
5.78361
5.65405
5.67112
5.81191
5.67653
5.72288
5.72022
5.6856
5.69115
5.7307
5.71959
5.72198
5.89966
5.75657
5.73973
5.91355
5.78843
5.81005
5.8192
5.86768
5.8987
5.90912
5.9238
5.9518
5.97917
6.01622
6.0347
6.03301
6.06172
6.11053
6.13932
6.13769
6.15218
6.18105
6.21602
6.24103
6.25343
6.23385
6.23964
6.26174
6.26522
6.27863
6.2783
6.28181
6.29526
6.30333
6.29878
6.30256
6.30216
6.46753
6.32328
6.34096
6.32706
6.31893
6.3085
6.4247
6.4219
6.27655
6.28532
6.29367
6.45202
6.28596
6.26091
6.41876
6.26028
6.26035
6.4191
6.24588
6.23093
6.21556
6.22481
6.22071
6.37955
6.37881
6.22973
6.20934
6.20816
6.21749
6.20057
6.20272
6.18409
6.18093
6.1643
6.16195
6.16913
6.17536
6.16946
6.18367
6.16794
6.17758
6.18362
6.34532
6.19151
6.2041
6.1927
6.21042
6.20613
6.20505
6.36615
6.21775
6.22775
6.38288
6.22146
6.21005
6.22464
6.24192
6.25739
6.26907
6.28278
6.29058
6.29098
6.30593
6.4797
6.32946
6.34065
6.32372
6.3497
6.35385
6.35897
6.35286
6.36798
6.55463
6.39631
6.54936
6.38823
6.40605
6.57246
6.41471
6.41894
6.42371
6.43314
6.45435
6.46395
6.47365
6.47251
6.6413
6.65236
6.49899
6.67349
6.53977
6.54662
6.55917
6.56396
6.56812
6.57422
6.58376
6.58532
6.58278
6.55285
6.55087
6.56397
6.55904
6.56028
6.54683
6.54604
6.55274
6.71466
6.56225
6.53531
6.53301
6.52963
6.5128
6.51088
6.51016
6.5124
6.52267
6.50998
6.50251
6.65714
6.49119
6.47804
6.65214
6.46838
6.47354
6.48485
6.47932
6.45175
6.43562
6.42849
6.57405
6.39696
6.37296
6.50597
6.48653
6.32881
6.45534
6.29109
6.29364
6.2983
6.29685
6.30386
6.44044
6.26733
6.26952
6.2637
6.27671
6.03212
6.26743
6.27226
6.27725
6.2786
6.43986
6.27887
6.27132
6.4467
6.4422
6.31153
6.31117
6.32619
6.4927
6.33402
6.34096
6.34692
6.35074
6.35734
6.3781
6.37846
6.38239
6.38824
6.39044
6.38705
6.39646
6.40376
6.56616
6.42321
6.41825
6.40901
6.42541
6.41527
6.4008
6.40167
6.39876
6.4098
6.41403
6.43519
6.43439
6.4203
6.59004
6.42952
6.41476
6.41146
6.5696
6.43167
6.42835
6.43366
6.43375
6.42371
6.58146
6.44059
6.43257
6.4307
6.43144
6.42678
6.44375
6.43421
6.43833
6.43347
6.43972
6.43524
6.58337
6.42694
6.40829
6.41334
6.4179
6.40975
6.40674
6.40275
6.38744
6.38837
6.38532
6.38438
6.37309
6.36095
6.34794
6.34388
6.3562
6.36055
6.35865
6.36297
6.34801
6.33485
6.34017
6.33073
6.47546
6.32188
6.31369
6.31747
6.31272
6.31357
6.32414
6.32633
6.32335
6.49539
6.3476
6.3563
6.51914
6.37466
6.37063
6.36809
6.38048
6.54336
6.3964
6.40068
6.56152
6.41003
6.40346
6.41727
6.4232
6.43066
6.60825
6.45913
6.4535
6.45412
6.46501
6.45701
6.59854
6.43919
6.44696
6.59909
6.45421
6.44699
6.6048
6.453
6.44886
6.42336
6.41493
6.39303
6.39874
6.41935
6.40925
6.40677
6.40073
6.56613
6.40489
6.56051
6.39981
6.41727
6.42121
6.41612
6.4003
6.5781
6.57186
6.4185
6.58652
6.41435
6.43837
6.44139
6.58991
6.43162
6.43801
6.61284
6.45001
6.45516
6.46815
6.48129
6.49584
6.47742
6.4823
6.47894
6.49907
6.65956
6.52934
6.53545
6.54381
6.54849
6.55359
6.70851
6.55079
6.56566
6.72596
6.58734
6.59427
6.76094
6.61474
6.62878
6.6411
6.64641
6.66023
6.65634
6.82943
6.68179
6.69523
6.71165
6.85021
6.65994
6.67018
6.6759
6.83836
6.68401
6.86199
6.72029
6.68084
6.68327
6.82253
6.67483
6.70072
6.69679
6.69368
6.85422
6.85908
6.69934
6.68934
6.67686
6.8067
6.68224
6.69784
6.71652
6.70995
6.69609
6.68562
6.67552
6.66954
6.65177
6.63587
6.64809
6.64992
6.80631
6.62869
6.77716
6.61644
6.60734
6.7633
6.59826
6.59733
6.58868
6.5663
6.5408
6.6652
6.49987
6.48935
6.62312
6.44602
6.44107
6.43619
6.42761
6.42403
6.42776
6.42937
6.5635
6.39048
6.38847
6.53324
6.50265
6.32147
6.33174
6.32071
6.31394
6.31395
6.32301
6.32426
6.32586
6.34597
6.33462
6.33518
6.33533
6.29157
6.32637
6.33289
6.33049
6.33399
6.37297
6.36891
6.36813
6.38088
6.35195
6.33736
6.35737
6.33055
6.34021
6.35296
6.35077
6.33348
6.35664
6.3364
6.34464
6.34617
6.33975
6.34859
6.36428
6.35249
6.36569
6.36758
6.36422
6.35672
6.36218
6.34834
6.33845
6.34987
6.34059
6.33383
6.34389
6.32344
6.3051
6.28373
6.29355
6.27008
6.2757
6.28131
6.28928
6.27469
6.27537
6.28518
6.26581
6.27543
6.25908
6.24754
6.25471
6.27361
6.25227
6.23739
6.22578
6.20827
6.20726
6.20298
6.20554
6.18727
6.17316
6.16284
6.15427
6.16902
6.16409
6.15247
6.15042
6.14536
6.14743
6.15405
6.13985
6.1442
6.139
6.1274
6.13384
6.13348
6.13436
6.1234
6.11611
6.09126
6.06796
6.06966
6.07754
6.06197
6.02373
6.00636
5.98518
5.96302
5.92665
5.93115
5.94259
5.95336
5.93885
5.92941
5.92704
5.93701
5.92129
5.8865
5.8839
5.87396
5.87674
5.85632
5.86443
5.8548
5.85964
5.83768
5.83833
5.83072
5.80031
5.79618
5.81194
5.84331
5.85401
5.85057
5.84364
5.83092
5.84785
5.84768
5.84781
5.86637
5.90238
5.90841
5.92065
5.91273
5.8938
5.89572
5.91897
5.96293
5.99531
6.00588
6.0138
6.02115
6.05296
6.07463
6.11481
6.12561
6.15311
6.15666
6.15368
6.17717
6.21709
6.24166
6.24033
6.23093
6.25195
6.26864
6.27277
6.25683
6.23914
6.23023
6.24326
6.23774
6.23306
6.23744
6.23016
6.2242
6.21445
6.18069
6.18413
6.19129
6.20981
6.20317
6.20313
6.19649
6.17779
6.17647
6.17726
6.19505
6.184
6.15603
6.13582
6.12042
6.13877
6.11135
6.09806
6.09309
6.09099
6.05626
6.02571
6.02345
6.04122
6.02666
6.01203
6.00683
6.03275
6.07428
6.08868
6.07974
6.07283
6.06718
6.07476
6.05001
6.05686
6.06964
6.05794
6.0357
6.05152
6.08252
6.09617
6.08945
6.09683
6.11754
6.11845
6.11817
6.15015
6.17668
6.17863
6.19102
6.2134
6.24107
6.24304
6.24217
6.27702
6.29827
6.27969
6.30852
6.33359
6.32122
6.32178
6.34155
6.35146
6.37527
6.39752
6.41437
6.42057
6.44926
6.47062
6.47471
6.4715
6.45776
6.45031
6.44778
6.46221
6.44278
6.4394
6.4214
6.39439
6.3816
6.36414
6.35941
6.35304
6.35705
6.33802
6.30734
6.30905
6.31977
6.29111
6.28086
6.28254
6.28832
6.27072
6.25975
6.26693
6.25122
6.24871
6.24778
6.24353
6.2297
6.21384
6.19019
6.16357
6.18319
6.19469
6.18044
6.17465
6.20138
6.2025
6.18417
6.20977
6.23191
6.2183
6.206
6.22917
6.24091
6.21343
6.22323
6.22309
6.20809
6.2038
6.23293
6.22839
6.23964
6.24704
6.27058
6.27235
6.28131
6.29031
6.28603
6.29777
6.32701
6.33443
6.3333
6.35884
6.36488
6.37299
6.3927
6.40577
6.41329
6.3917
6.37792
6.35376
6.32867
6.30977
6.30865
6.30768
6.27198
6.25476
6.25178
6.23789
6.23135
6.22775
6.21498
6.20233
6.19403
6.16568
6.12723
6.12057
6.11438
6.10024
6.09198
6.09553
6.08158
6.05932
6.04631
6.03814
6.04419
6.04194
6.02441
6.00975
5.99766
5.99686
6.0054
5.98888
5.98983
6.03125
6.0555
6.06988
6.09226
6.10448
6.09821
6.12605
6.1342
6.14383
6.17496
6.17227
6.13949
6.16411
6.22702
6.23955
6.2729
6.3081
6.29983
6.28657
6.32321
6.31635
6.30936
6.30449
6.32285
6.32973
6.35092
6.35928
6.34775
6.34652
6.34074
6.36129
6.36668
6.36172
6.37921
6.36064
6.33932
6.35901
6.34951
6.31348
6.29943
6.31508
6.30915
6.31265
6.3007
6.28033
6.24358
6.23023
6.2385
6.21944
6.20707
6.19481
6.19106
6.20278
6.21081
6.20733
6.19919
6.21225
6.20472
6.19703
6.19527
6.17647
6.14228
6.12813
6.14759
6.14894
6.10073
6.08681
6.0796
6.05112
6.04124
6.04454
6.00632
5.97991
5.97415
5.98394
6.00295
6.02985
6.06094
6.05268
6.067
6.10344
6.10113
6.08479
6.09196
6.09332
6.09925
6.10241
6.09267
6.10735
6.11035
6.13484
6.14272
6.11263
6.09245
6.10486
6.11121
6.11609
6.1203
6.14343
6.16301
6.1545
6.10288
6.08759
6.05293
6.02706
6.00352
5.98398
5.96998
5.96618
5.92549
5.93269
5.94359
5.92522
5.94646
5.96186
5.94968
5.94667
5.97
6.00261
5.99836
5.99528
6.00634
6.00279
5.99293
5.99569
6.02252
6.03117
6.04269
6.03712
6.06841
6.07188
6.06138
6.05924
6.08097
6.09318
6.10066
6.11698
6.15677
6.16803
6.17749
6.18848
6.1935
6.22088
6.24876
6.2621
6.26045
6.25513
6.27605
6.31532
6.32025
6.31622
6.32345
6.34103
6.34522
6.35542
6.38647
6.41451
6.43323
6.41369
6.40771
6.41812
6.40107
6.37464
6.38329
6.38175
6.37821
6.36626
6.35175
6.33451
6.31705
6.33984
6.32737
6.32689
6.34021
6.31006
6.27492
6.27402
6.27021
6.2693
6.25255
6.23977
6.23574
6.2326
6.23444
6.21743
6.21964
6.21883
6.19717
6.17538
6.14059
6.13592
6.09438
6.06529
6.05179
6.04639
6.02656
6.00874
5.98365
5.96526
5.97229
5.98467
5.97186
5.9347
5.92866
5.9427
5.91695
5.87613
5.86968
5.88466
5.90284
5.9052
5.89337
5.87415
5.86936
5.87557
5.88048
5.87508
5.86388
5.86874
5.8664
5.84323
5.81311
5.82407
5.84728
5.86578
5.85604
5.86748
5.87681
5.88888
5.89129
5.89911
5.89592
5.9147
5.92636
5.92087
5.91226
5.89468
5.89694
5.90195
5.93511
5.93388
5.92949
5.89846
5.89405
5.88448
5.90551
5.90131
5.91216
5.91429
5.93126
5.92578
5.92015
5.92818
5.9149
5.94272
5.99289
6.02814
6.04068
6.03783
6.04924
6.0564
6.08651
6.12898
6.17291
6.18091
6.20495
6.2161
6.23548
6.25256
6.30307
6.33217
6.33241
6.31003
6.31291
6.31688
6.34994
6.3612
6.39063
6.39977
6.40794
6.39887
6.43281
6.4224
6.42386
6.41484
6.42253
6.42144
6.44838
6.44554
6.45397
6.45563
6.46928
6.47909
6.48542
6.49498
6.5389
6.55764
6.55965
6.57444
6.58411
6.58348
6.60081
6.61817
6.63398
6.64619
6.65483
6.66453
6.65556
6.66254
6.66564
6.66509
6.67519
6.67325
6.66945
6.65461
6.65383
6.65036
6.65044
6.64837
6.6742
6.67149
6.67394
6.665
6.66142
6.65685
6.64971
6.65246
6.66034
6.65858
6.6533
6.64829
6.6349
6.63291
6.6321
6.62602
6.62826
6.62848
6.61068
6.60996
6.59674
6.60936
6.59459
6.59019
6.60524
6.59428
6.58217
6.57785
6.55772
6.54164
6.52905
6.51759
6.49891
6.49699
6.48994
6.48908
6.48595
6.47149
6.47395
6.45114
6.43072
6.40609
6.39621
6.38357
6.38933
6.37821
6.36067
6.34935
6.33782
6.29376
6.2756
6.24303
6.23081
6.21761
6.21075
6.21163
6.22506
6.21224
6.19039
6.18665
6.17284
6.16679
6.16222
6.15656
6.15018
6.16266
6.14854
6.14479
6.14796
6.15524
6.16793
6.17671
6.16359
6.18597
6.17962
6.15471
6.15184
6.14835
6.14393
6.14757
6.1456
6.14016
6.14209
6.15187
6.15757
6.17506
6.18381
6.20805
6.22077
6.24339
6.25858
6.26351
6.27491
6.28511
6.29431
6.31419
6.32025
6.32932
6.33739
6.34518
6.34128
6.35941
6.36679
6.38303
6.39528
6.39245
6.39192
6.39931
6.40433
6.41013
6.40141
6.3954
6.39822
6.55667
6.39149
6.39402
6.39213
6.40212
6.42288
6.39833
6.56666
6.42463
6.56187
6.4266
6.41928
6.42361
6.58955
6.45326
6.60345
6.46324
6.60619
6.4663
6.47873
6.63675
6.48024
6.47262
6.45981
6.46016
6.45411
6.45622
6.45834
6.44519
6.43976
6.42969
6.40957
6.40147
6.62755
6.40514
6.39828
6.40495
6.39875
6.3961
6.39548
6.38512
6.38289
6.38852
6.38059
6.38395
6.37887
6.38007
6.38707
6.37425
6.36173
6.36155
6.33826
6.31254
6.30594
6.29283
6.28225
6.27534
6.26635
6.25871
6.25847
6.25277
6.23507
6.23105
6.22909
6.22377
6.21698
6.20199
6.1939
6.18564
6.17377
6.17421
6.16026
6.15253
6.15277
6.14318
6.13159
6.26764
6.13376
6.13194
6.1224
6.12599
6.12919
6.14344
6.14991
6.16612
6.16442
6.17721
6.18268
6.19012
6.18669
6.20707
6.20365
6.20124
6.19233
6.20522
6.21814
6.21495
6.23391
6.23757
6.2418
6.25199
6.25176
6.25996
6.25377
6.25679
6.26217
6.27399
6.26296
6.26289
6.25768
6.25317
6.24611
6.24567
6.37133
6.23154
6.23627
6.24868
6.24874
6.26501
6.2749
6.26371
6.25478
6.23976
6.25249
6.26283
6.26099
6.2698
6.29564
6.31915
6.32959
6.33692
6.36898
6.40855
6.44133
6.47428
6.50101
6.51618
6.54261
6.58109
6.62182
6.64626
6.65882
6.69115
6.75087
6.77696
6.80998
6.83551
6.85904
6.91034
6.95048
6.95381
6.96875
7.00116
7.03819
7.05329
7.08474
7.11929
7.13918
7.14273
7.16068
7.19944
7.22075
7.23394
7.26273
7.27802
7.27374
7.28673
7.31696
7.33906
7.38758
7.40684
7.40915
7.44346
7.45204
7.4757
7.50995
7.51305
7.49035
7.49233
7.49151
7.51157
7.52785
7.50256
7.51991
7.54371
7.53649
7.54486
7.50818
7.52703
7.54555
7.50802
7.50281
7.5185
7.51728
7.49499
7.49274
7.47078
7.49087
7.42931
7.4427
7.44122
7.41647
7.38823
7.33221
7.33931
7.31332
7.27248
7.29796
7.28816
7.2863
7.2994
7.28616
7.33444
7.29578
7.42279
7.36567
7.34255
7.4484
7.37575
7.3386
7.39258
7.37722
7.39813
7.42141
7.47478
7.44516
7.35383
7.33175
7.36169
7.31477
7.32417
7.34388
7.41754
7.35815
7.34825
7.3559
7.35839
7.36754
7.37659
7.36951
7.42864
7.45536
7.435
7.44525
7.46835
7.47133
7.46948
7.49077
7.49837
7.46921
7.48854
7.47535
7.47966
7.43364
7.43685
7.42576
7.41119
7.45885
7.40176
7.39759
7.3534
7.30556
7.28167
7.26376
7.25545
7.21039
7.16097
7.16159
7.14127
7.11566
7.11334
7.12069
7.09057
7.08394
7.08027
7.08089
7.10248
7.10858
7.11352
7.13706
7.12542
7.145
7.18761
7.25677
7.25809
7.35075
7.37942
7.40652
7.4527
7.49066
7.51032
7.53263
7.59876
7.62686
7.64204
7.65883
7.63405
7.6485
7.67791
7.71167
7.7297
7.76105
7.79732
7.7929
7.79415
7.7847
7.79843
7.81985
7.8195
7.84541
7.82662
7.84655
7.8364
7.83612
7.8127
7.77933
7.72919
7.68084
7.59828
7.5306
7.50618
7.46964
7.40957
7.32421
7.32055
7.28859
7.28266
7.28295
7.31115
7.31043
7.33418
7.32938
7.34709
7.34475
7.36147
7.35035
7.36387
7.34588
7.38188
7.39862
7.40448
7.40159
7.39019
7.39457
7.39459
7.41451
7.40302
7.38851
7.39025
7.38924
7.39059
7.3848
7.36521
7.36622
7.3621
7.34334
7.33501
7.31102
7.38328
7.28633
7.27812
7.25523
7.24873
7.24497
7.24541
7.21831
7.1874
7.18354
7.18347
7.18404
7.18628
7.16993
7.14933
7.14486
7.15927
7.17768
7.16611
7.13527
7.12019
7.15258
7.18529
7.18034
7.16977
7.15845
7.1552
7.14622
7.14641
7.15586
7.24434
7.17085
7.17953
7.17969
7.1914
7.1907
7.17059
7.16101
7.16911
7.17111
7.16702
7.1768
7.18514
7.17609
7.16682
7.15633
7.1508
7.14652
7.13995
7.13165
7.12065
7.12108
7.11478
7.12378
7.13315
7.14431
7.12221
7.12214
7.11994
7.10887
7.11697
7.10293
7.12073
7.13815
7.13907
7.1454
7.15205
7.15301
7.158
7.16298
7.17458
7.20711
7.24254
7.24196
7.26032
7.26403
7.26952
7.27029
7.28027
7.27894
7.27456
7.289
7.29328
7.31392
7.31215
7.29639
7.28405
7.27269
7.27041
7.25839
7.24514
7.23438
7.2346
7.23867
7.23943
7.25424
7.25049
7.2583
7.24179
7.21289
7.2129
7.1937
7.17465
7.15065
7.13573
7.1077
7.05408
7.02853
7.0085
6.98505
6.96311
6.9686
6.95747
6.95522
6.96029
6.95948
6.97372
6.96438
6.93062
6.90503
6.86287
6.85381
6.85707
6.85314
6.85319
6.84018
6.82953
6.80741
6.79123
6.80284
6.79293
6.77642
6.76019
6.71594
6.70894
6.66387
6.64133
6.60822
6.57435
6.549
6.55668
6.57011
6.54625
6.52378
6.51057
6.51023
6.4772
6.45299
6.40565
6.3855
6.35636
6.34804
6.31376
6.27385
6.23589
6.22338
6.18368
6.14646
6.13648
6.12865
6.12858
6.09842
6.08674
6.02287
5.97241
5.94761
5.89493
5.87685
5.83261
5.8195
5.78943
5.76578
5.76165
5.73399
5.72204
5.69904
5.70597
5.70336
5.6909
5.67414
5.6797
5.68888
5.65694
5.66026
5.66193
5.64202
5.65015
5.64098
5.63416
5.65747
5.66039
5.67207
5.72999
5.76971
5.79996
5.85889
5.8995
5.94893
5.99561
6.01492
6.06534
6.07018
6.06896
6.07403
6.06228
6.03898
6.03907
6.01801
5.99785
6.003
5.96548
5.94381
5.94101
5.92436
5.88704
5.88346
5.84301
5.78887
5.74241
5.73237
5.71289
5.67157
5.63319
5.58103
5.54403
5.5121
5.50323
5.47271
5.45655
5.43996
5.39192
5.36674
5.36572
5.32027
5.2988
5.32523
5.29884
5.29199
5.31348
5.28643
5.25799
5.27299
5.24685
5.22128
5.1965
5.1889
5.16287
5.13903
5.09239
5.07167
5.07461
5.04345
5.01865
5.01963
5.03687
5.02264
5.03725
5.02131
5.01233
5.05214
5.07547
5.08385
5.1312
5.18982
5.21866
5.28304
5.35697
5.38879
5.44456
5.49323
5.53712
5.55515
5.56333
5.56804
5.57957
5.57235
5.55767
5.56323
5.55252
5.55139
5.55752
5.56206
5.54099
5.52261
5.47988
5.47715
5.48196
5.47532
5.45468
5.44766
5.43588
5.43763
5.44552
5.42258
5.40118
5.38782
5.39187
5.36236
5.3651
5.34297
5.32265
5.31442
5.30711
5.31858
5.34442
5.36437
5.36776
5.37111
5.36897
5.36248
5.32788
5.31204
5.30879
5.32017
5.31516
5.31248
5.33578
5.30932
5.29475
5.30502
5.31344
5.33089
5.361
5.33955
5.33368
5.35133
5.35575
5.37829
5.40315
5.40125
5.45038
5.46957
5.47415
5.51013
5.52779
5.53139
5.56159
5.62274
5.68708
5.75703
5.84755
5.90226
5.98511
6.04332
6.10519
6.14538
6.19899
6.23323
6.24418
6.29019
6.29478
6.33988
6.32249
6.32911
6.3395
6.33575
6.34234
6.3475
6.34875
6.36104
6.35649
6.35694
6.36765
6.35492
6.36914
6.38369
6.39612
6.3797
6.39694
6.37929
6.40295
6.4003
6.42796
6.42632
6.44829
6.44192
6.4611
6.44533
6.44734
6.44614
6.46707
6.4631
6.47104
6.44205
6.46516
6.45999
6.46425
6.45301
6.46004
6.45165
6.45313
6.41554
6.39649
6.38506
6.37646
6.34258
6.33474
6.30121
6.30678
6.27862
6.26816
6.23281
6.24438
6.25321
6.24645
6.24683
6.22626
6.22662
6.22358
6.21126
6.2147
6.20173
6.21057
6.22453
6.23449
6.22834
6.22026
6.23516
6.22713
6.25523
6.24913
6.23089
6.22927
6.23365
6.24563
6.21648
6.23132
6.23734
6.22254
6.2431
6.2358
6.24732
6.25695
6.26842
6.27153
6.27058
6.30929
6.32517
6.34579
6.38771
6.40544
6.44359
6.45735
6.46093
6.50415
6.52982
6.52989
6.56035
6.58631
6.61862
6.63856
6.64735
6.65733
6.67448
6.66979
6.64428
6.66084
6.68284
6.69435
6.71825
6.72466
6.73206
6.75061
6.76153
6.73979
6.74858
6.76979
6.78762
6.81049
6.81353
6.81744
6.81408
6.82936
6.85431
6.86311
6.90078
6.95097
7.00294
7.01845
7.01417
7.04565
7.07116
7.08096
7.08961
7.12182
7.1352
7.17736
7.20698
7.20351
7.22021
7.27142
7.29945
7.30737
7.33388
7.3785
7.41529
7.44593
7.48967
7.54504
7.58871
7.62919
7.65599
7.6881
7.73816
7.78976
7.8266
7.85841
7.89929
7.9515
7.99489
8.01113
8.04906
8.09675
8.13559
8.16646
8.20389
8.24191
8.29586
8.35134
8.38233
8.40624
8.44585
8.49138
8.53454
8.59874
8.63167
8.67163
8.72361
8.76504
8.81882
8.88417
8.97557
9.03971
9.08635
9.15597
9.21832
9.29615
9.39961
9.46408
9.52886
9.56885
9.63831
9.70706
9.80344
9.9227
10.0567
10.1627
10.2757
10.4057
10.5219
10.6612
10.7754
10.9045
11.0157
11.12
11.1868
11.2587
11.3578
11.4482
11.5207
11.6157
11.6788
11.7562
11.8329
11.9034
11.9843
12.0522
12.1311
12.1943
12.2667
12.3465
12.4526
12.521
12.5917
12.6985
12.7937
12.8652
12.9455
13.0364
13.1125
13.1986
13.2904
13.3908
13.4804
13.5867
13.6856
13.7908
13.9123
14.0261
14.1307
14.2579
14.3912
14.4853
14.5863
14.6799
14.781
15.378
15.5486
15.697
15.853
16.0241
16.1779
16.3521
16.5158
16.6916
16.8974
17.1004
17.321
17.5166
17.7153
17.9348
18.1374
18.3199
18.4928
18.6326
18.7852
18.9003
19.015
19.1155
19.2071
19.2513
19.3312
19.4162
19.4896
19.5282
19.5777
19.6171
19.6126
19.617
19.6327
19.6548
19.704
19.7106
19.7254
19.7622
19.8061
19.8472
19.8765
19.852
19.8753
19.9026
19.916
19.9471
19.9954
20.0485
20.0802
20.1524
20.2058
20.2857
20.3386
20.4029
20.4359
20.4901
20.564
20.6507
20.7637
20.8518
21.0139
21.1186
21.2502
21.3685
21.4917
21.6603
21.8161
21.9526
22.1037
22.2729
22.4547
22.6252
22.8015
22.9851
23.1685
23.3334
23.5353
23.6711
23.8594
23.9706
24.1255
24.279
24.4201
24.5565
24.7083
24.9112
25.0733
25.2146
25.3357
25.4646
25.5974
25.7083
25.83
25.9274
26.0499
26.162
26.2607
26.3806
26.4827
26.6018
26.733
26.9015
27.0371
27.1717
27.3049
27.4328
27.5515
27.6694
27.7948
27.8808
28.0087
28.1348
28.2418
28.3712
28.432
28.5059
28.5673
28.6463
28.7028
28.7573
28.8299
28.8832
28.9174
28.9856
29.0739
29.1685
29.215
29.2937
29.3644
29.4218
29.4857
29.5209
29.565
29.6833
29.7695
29.8527
29.9844
30.109
30.207
30.3614
30.492
30.6095
30.754
30.8944
31.0306
31.179
31.3406
31.4707
31.6019
31.7406
31.8874
32.0251
32.1624
32.2864
32.4234
32.5639
32.7534
32.8743
33.0034
33.1323
33.2802
33.443
33.5866
33.7962
33.9968
34.1755
34.3736
34.5504
34.7016
34.8492
35.0087
35.1391
35.2939
35.4649
35.593
35.7433
35.9109
36.0889
36.266
36.4226
36.5452
36.6642
36.8669
36.9749
37.1361
37.3087
37.4645
37.612
37.7526
37.8829
38.008
38.135
38.2535
38.3609
38.4704
38.5584
38.6208
38.7199
38.7732
38.8258
38.8918
38.9585
39.0212
39.0928
39.1559
39.2216
39.267
39.2857
39.3272
39.4055
39.4467
39.4962
39.5588
39.5865
39.6238
39.6703
39.7278
39.7613
39.795
39.8095
39.8507
39.8788
39.9217
39.9394
39.942
39.9951
40.0328
40.0995
40.1187
40.1866
40.2505
40.3158
40.3621
40.4264
40.501
40.5656
40.6262
40.6708
40.7634
40.8399
40.9347
40.9933
41.0523
41.1271
41.2135
41.3073
41.4022
41.4968
41.6073
41.684
41.7779
41.883
42.0167
42.1089
42.2243
42.3425
42.4259
42.5607
42.6917
42.8003
42.8975
42.9885
43.1087
43.202
43.3271
43.4389
43.5507
43.64
43.749
43.8617
43.9362
44.0097
44.0747
44.1323
44.2301
44.3128
44.3588
44.4256
44.511
44.5378
44.5756
44.6186
44.6079
44.6521
44.5947
44.5848
44.598
44.5694
44.5769
44.5655
44.6059
44.6344
44.6695
44.733
44.7905
44.8408
44.9026
44.9535
45.0347
45.1276
45.1914
45.3025
45.4508
45.5866
45.682
45.7948
45.894
46.0134
46.1076
46.2132
46.3389
46.4693
46.5169
46.6561
46.8075
46.8747
46.9758
47.1098
47.226
47.345
47.4864
47.603
47.7472
47.8903
47.982
48.0851
48.1953
48.2957
48.4065
48.5356
48.6753
48.8008
48.8723
49.0059
49.0603
49.2202
49.3293
49.4221
49.4903
49.5714
49.6426
49.7159
49.807
49.9113
50.013
50.1193
50.2082
50.3494
50.4306
50.5307
50.648
50.7536
50.8895
51.0082
51.1144
51.1744
51.2613
51.305
51.3719
51.473
51.5486
51.6202
51.6628
51.7139
51.7476
51.7377
51.8111
51.849
51.9384
52.0368
52.1141
52.2052
52.3
52.4207
52.4847
52.5523
52.6497
52.7125
52.7955
52.8516
52.9513
53.0809
53.1548
53.2214
53.3314
53.458
53.5752
53.6806
53.8136
53.9163
54.0568
54.1797
54.1687
53.5298
52.1525
52.0203
52.221
52.4056
52.5175
52.6909
52.7915
