0
0
0
0
0
0
0
0
0
0
3.26828
3.27543
3.27739
3.27621
3.27168
3.27749
3.27342
3.26543
3.27818
3.28237
3.28086
3.28554
3.29157
3.27535
3.27097
3.28088
3.2862
3.27873
3.28594
3.27769
3.26707
3.26812
3.25906
3.27069
3.2695
3.26805
3.2739
3.26972
3.27901
3.27805
3.28029
3.28311
3.28174
3.28698
3.29981
3.30875
3.32697
3.32458
3.33512
3.33695
3.34395
3.33863
3.31494
3.30657
3.3054
3.28909
3.277
3.24482
3.25363
3.23969
3.23495
3.23485
3.23472
3.24403
3.23873
3.21797
3.21755
3.20274
3.20676
3.20088
3.2217
3.21681
3.19815
3.19537
3.20413
3.20686
3.20517
3.20526
3.20127
3.20173
3.20935
3.20758
3.21261
3.20642
3.20748
3.18993
3.2021
3.18971
3.19131
3.19305
3.18212
3.18279
3.18674
3.20809
3.20366
3.19761
3.1969
3.19351
3.20188
3.21601
3.2166
3.2139
3.21127
3.19211
3.18107
3.16013
3.15185
3.14474
3.11858
3.09268
3.03509
3.03495
3.03779
3.05205
3.05404
3.07278
3.06011
3.07276
3.07281
3.06912
3.05767
3.08641
3.10447
3.10357
3.10399
3.09702
3.095
3.07798
3.05283
3.04351
3.02369
3.03136
3.03828
3.05002
3.05888
3.06745
3.07941
3.07549
3.07599
3.0647
3.07342
3.0654
3.07828
3.06052
3.08704
3.06945
3.09068
3.1058
3.11538
3.1142
3.11383
3.11669
3.12689
3.12403
3.14028
3.13747
3.15072
3.14035
3.1404
3.14703
3.14248
3.12328
3.13628
3.12684
3.12085
3.13442
3.14685
3.15544
3.15898
3.15519
3.15988
3.15069
3.14843
3.13184
3.13799
3.11758
3.13295
3.13622
3.13202
3.11087
3.11038
3.11557
3.11839
3.12368
3.12377
3.13772
3.1594
3.18013
3.1625
3.14719
3.11831
3.13383
3.15739
3.17648
3.17273
3.15497
3.14377
3.1462
3.15047
3.14329
3.1546
3.18912
3.17831
3.17968
3.16711
3.17103
3.16632
3.15933
3.15051
3.16974
3.16807
3.1388
3.11722
3.10115
3.11925
3.08603
3.07675
3.08907
3.09966
3.10487
3.10635
3.10398
3.10806
3.08541
3.09599
3.10521
3.09649
3.07626
3.07944
3.0567
3.02958
3.03749
3.00808
2.97902
2.99188
2.9934
2.97713
2.96251
2.94776
2.91801
2.9111
2.90516
2.87618
2.87901
2.88545
2.87463
2.89547
2.90379
2.9049
2.92259
2.9139
2.9049
2.92547
2.94353
2.95424
2.96394
2.9364
2.93279
2.95765
2.94437
2.97953
3.00574
3.06526
3.09374
3.1178
3.15642
3.18477
3.214
3.27013
3.2864
3.3077
3.33035
3.33868
3.3525
3.3353
3.36896
3.37345
3.37991
3.41353
3.39773
3.42933
3.40232
3.4049
3.40694
3.37941
3.38813
3.37223
3.39199
3.37298
3.3762
3.387
3.41075
3.40308
3.4168
3.42874
3.46135
3.45537
3.48398
3.47689
3.4968
3.48498
3.49794
3.48201
3.5374
3.52922
3.54383
3.54483
3.5894
3.58839
3.61069
3.62258
3.64335
3.64562
3.63806
3.65864
3.64216
3.64538
3.63074
3.63259
3.60725
3.56802
3.54865
3.52487
3.52062
3.49066
3.49808
3.48983
3.50383
3.5096
3.49921
3.47733
3.50559
3.54118
3.54024
3.54278
3.57567
3.61223
3.62562
3.71446
3.72677
3.78419
3.81073
3.86169
3.91877
3.96499
3.99769
4.02337
4.01209
4.01551
3.97535
3.98741
3.94612
3.89858
3.90494
3.90267
3.88784
3.89147
3.88348
3.87477
3.88639
3.86732
3.86642
3.87361
3.8781
3.87746
3.89126
3.90117
3.87751
3.90585
3.92397
3.95671
3.93711
3.95862
3.96317
3.91869
3.89045
3.88487
3.85574
3.80467
3.7642
3.73951
3.7012
3.65391
3.63744
3.59766
3.57324
3.58743
3.56373
3.55547
3.60252
3.61417
3.63637
3.66141
3.69651
3.74221
3.79478
3.84959
3.92314
3.96454
3.99219
4.02665
4.05829
4.11479
4.11719
4.12311
4.14345
4.15614
4.14641
4.1498
4.16078
4.18918
4.18738
4.20507
4.20127
4.23363
4.23539
4.26705
4.25771
4.30186
4.34545
4.35091
4.42051
4.40344
4.37986
4.37082
4.35237
4.33331
4.32365
4.30497
4.2634
4.25498
4.23445
4.21283
4.18599
4.19182
4.19135
4.22041
4.23789
4.24594
4.25335
4.29657
4.37318
4.41937
4.457
4.50181
4.56416
4.64459
4.66969
4.71252
4.68345
4.662
4.67329
4.69952
4.6633
4.62614
4.65059
4.6727
4.66101
4.6403
4.63957
4.62663
4.66806
4.67249
4.72104
4.744
4.74033
4.75876
4.77797
4.77023
4.7226
4.68115
4.62066
4.61878
4.59164
4.54572
4.53564
4.494
4.47302
4.45553
4.44768
4.44856
4.48209
4.50208
4.58066
4.62453
4.7069
4.75095
4.81557
4.89264
4.9589
4.98476
5.00742
5.0383
5.04292
5.03703
5.03651
5.03744
5.02421
5.02442
5.01586
5.02455
5.02284
5.05941
5.05305
5.07112
5.08228
5.09474
5.1126
5.13877
5.10016
5.12397
5.14233
5.1258
5.08379
5.05399
5.03897
5.03274
4.99925
4.98361
4.94302
4.94467
4.9639
4.97228
5.00736
5.01888
5.02011
5.04923
5.12
5.1897
5.29204
5.38211
5.47906
5.56806
5.66612
5.70641
5.76887
5.77694
5.75644
5.77173
5.7852
5.81444
5.80249
5.81792
5.79795
5.8022
5.83049
5.86711
5.89182
5.89948
5.91597
5.9012
5.91036
5.93155
5.91793
5.90888
5.86061
5.84181
5.80366
5.76438
5.70159
5.63813
5.6008
5.58134
5.55782
5.53079
5.52694
5.4878
5.61229
5.44826
5.47399
5.67028
5.55936
5.61546
5.65425
5.68493
5.77719
5.83792
5.91235
5.95521
5.97928
6.01927
6.0398
6.10004
6.10476
6.11394
6.17142
6.21091
6.21175
6.39315
6.2389
6.27013
6.30411
6.3491
6.39348
6.46809
6.4862
6.4808
6.47495
6.50876
6.54035
6.51987
6.51099
6.52447
6.5197
6.50396
6.4867
6.44217
6.38108
6.38011
6.36049
6.36851
6.37053
6.37026
6.37183
6.3982
6.44354
6.46502
6.50092
6.53248
6.56469
6.59965
6.65481
6.70291
6.7911
6.82376
6.89931
6.95867
6.97579
6.9944
6.99661
7.01712
7.01045
7.03359
7.03878
7.0449
7.07558
7.08195
7.06926
7.10141
7.12087
7.11313
7.11605
7.12655
7.12353
7.14214
7.15354
7.15379
7.15564
7.17561
7.16853
7.14228
7.14374
7.12487
7.09739
7.11294
7.09306
7.06175
7.01191
6.98742
6.97379
6.94857
6.94295
6.94197
6.91484
6.9096
6.88653
6.90245
6.91249
6.91456
6.95341
7.08311
6.95992
7.03131
7.03382
7.0686
7.13575
7.18275
7.26258
7.31927
7.39217
7.46489
7.50303
7.56236
7.59653
7.63591
7.63141
7.65387
7.64498
7.67686
7.68102
7.68615
7.67896
7.68348
7.6741
7.84823
7.70306
7.69924
7.71772
7.71709
7.74698
7.72404
7.76085
7.88563
7.76298
7.75047
7.75758
7.74894
7.79194
7.77355
7.77248
7.77258
7.78642
7.7801
7.79302
7.7838
7.78421
7.76687
7.7667
7.74256
7.90741
7.73467
7.71994
7.71964
7.7259
7.70056
7.66576
7.67113
7.64588
7.64638
7.65394
7.66645
7.67125
7.66024
7.67467
7.68559
7.68966
7.7042
7.685
7.72228
7.74068
7.76771
7.81582
7.82218
7.85538
7.90055
7.9081
7.91462
7.92678
7.93943
7.96901
7.99154
8.05505
8.09065
8.11621
8.17846
8.21053
8.26362
8.31924
8.36513
8.39826
8.45141
8.46733
8.45724
8.47208
8.47308
8.47652
8.49819
8.49415
8.49267
8.48733
8.49566
8.49295
8.51302
8.50509
8.47111
8.45956
8.46189
8.44444
8.43232
8.44074
8.41462
8.39716
8.40757
8.40583
8.38933
8.35627
8.36328
8.37075
8.37817
8.38024
8.40462
8.41193
8.40187
8.37303
8.35961
8.36117
8.35103
8.34339
8.34073
8.36278
8.36863
8.37909
8.38498
8.39897
8.39986
8.39298
8.39802
8.45597
8.47055
8.46674
8.45244
8.45881
8.4693
8.46434
8.4591
8.44591
8.46068
8.49574
8.49994
8.49586
8.4892
8.4967
8.50191
8.50939
8.50709
8.52589
8.52291
8.50997
8.50644
8.50444
8.50037
8.50409
8.4975
8.49282
8.49407
8.49383
8.50251
8.51147
8.49815
8.4871
8.47698
8.48165
8.48447
8.50325
8.50559
8.51888
8.49795
8.49577
8.49365
8.46767
8.47362
8.4515
8.46496
8.46124
8.46754
8.4759
8.4801
7.99376
8.4827
8.48828
8.49932
8.48722
8.49423
8.48746
8.4855
8.49753
8.49892
8.50043
8.50307
8.50136
8.50974
8.50116
8.66585
8.49846
8.49025
8.4951
8.48605
8.48976
8.50307
8.50508
8.50979
8.48785
8.4767
8.48194
8.46559
8.4657
8.46561
8.47219
8.46733
8.46767
8.46739
8.47448
8.46734
8.46296
8.4574
8.45577
8.45163
8.43527
8.4426
8.45656
8.43634
8.43113
8.4315
8.43544
8.42965
8.44421
8.45
8.44462
8.446
8.45556
8.45369
8.4637
8.46693
8.47429
8.47531
8.48798
8.49773
8.66786
8.52589
8.53236
8.53693
8.53679
8.5365
8.54358
8.5433
8.5362
8.53108
8.53542
8.51722
8.52973
8.51938
8.53066
8.51747
8.67339
8.52131
8.51277
8.51526
8.66636
8.65756
8.49362
8.64104
8.48746
8.49279
8.48783
8.48613
8.47681
8.46995
8.62932
8.46499
8.46066
8.46274
8.45639
8.45931
8.44204
8.44159
8.43384
8.4265
8.41067
8.42009
8.57013
8.42873
8.42878
8.42589
8.43092
8.41848
8.41458
8.42244
8.43805
8.42356
8.5822
8.4269
8.58777
8.43989
8.58378
8.43094
8.42933
8.42801
8.57681
8.42446
8.43821
8.58559
8.4431
8.45767
8.45983
8.45975
8.4547
8.60968
8.4489
8.45546
8.45896
8.4498
8.46032
8.46233
8.45042
8.46125
8.61224
8.45487
8.6092
8.47728
8.46507
8.47358
8.47119
8.49747
8.48311
8.47836
8.47883
8.61305
8.46901
8.48093
8.48122
8.48364
8.49519
8.49489
8.49508
8.48454
8.4803
8.48268
8.49963
8.49694
8.50791
8.5066
8.50445
8.47753
8.48786
8.48797
8.48392
8.4814
8.49878
8.48589
8.48459
8.47852
8.47729
8.4833
8.48575
8.48643
8.48489
8.4858
8.49814
8.48557
8.48087
8.47048
8.46261
8.45832
8.46631
8.46966
8.47356
8.4739
8.46744
8.46748
8.45651
8.44451
8.44132
8.45489
8.44734
8.44846
8.44
8.44227
8.44595
8.45076
8.45967
8.45872
8.46673
8.46611
8.46391
8.47137
8.48332
8.48747
8.49579
8.49878
8.49662
8.49517
8.49609
8.50072
8.50495
8.50435
8.50328
8.5047
8.49815
8.48649
8.4896
8.48665
8.49559
8.49062
8.49792
8.49284
8.49329
8.49205
8.488
8.49665
8.5
8.49781
8.49163
8.4909
8.49144
8.49725
8.49046
8.49485
8.49258
8.49616
8.49239
8.49044
8.48847
8.46737
8.46083
8.45569
8.46363
8.46575
8.45874
8.44687
8.45158
8.44868
8.45443
8.4721
8.46807
8.4597
8.46076
8.46553
8.46077
8.46658
8.46412
8.46289
8.468
8.46501
8.46501
8.46885
8.47109
8.47194
8.49097
8.49152
8.49474
8.50059
8.49139
8.48183
8.47821
8.48045
8.4749
8.47575
8.49114
8.49299
8.48684
8.48719
8.49783
8.4913
8.49445
8.50171
8.51826
8.52024
8.51052
8.51627
8.51244
8.52367
8.53341
8.54782
8.55354
8.54735
8.5474
8.54307
8.53438
8.53073
8.52229
8.52016
8.52138
8.52829
8.53661
8.53318
8.53224
8.54561
8.54332
8.54871
8.54658
8.55283
8.57289
8.57261
8.5873
8.56928
8.57478
8.5671
8.57406
8.58179
8.59266
8.60038
8.60523
8.59075
8.59785
8.61552
8.62202
8.62559
8.63344
8.6263
8.76705
8.61191
8.60878
8.60951
8.78233
8.64752
8.6696
8.7071
8.70811
8.71203
8.70103
8.71815
8.69642
8.67673
8.67874
8.67182
8.69739
8.72267
8.73821
8.75044
8.7616
8.93203
8.78734
8.7742
8.77786
8.75308
8.74205
8.73558
8.76268
8.75755
8.76754
8.76738
8.77006
8.7442
8.70599
8.70084
8.70307
8.71864
8.71061
8.89831
8.75209
8.73959
8.71973
8.71707
8.69346
8.68502
8.67403
8.68282
8.69217
8.69487
8.6989
8.68129
8.66031
8.63353
8.63346
8.62871
8.64296
8.63363
8.7423
8.56094
8.54804
8.5364
8.52094
8.54261
8.52854
8.52794
8.51665
8.51591
8.50613
8.50696
8.49532
8.48487
8.48971
8.4775
8.47987
8.46327
8.4775
8.45355
8.43985
8.45108
8.43673
8.43901
8.41793
8.40848
8.392
8.36193
8.34849
8.50023
8.35542
8.33993
8.48091
8.32188
8.31424
8.31663
8.3227
8.46176
8.32859
8.34849
8.33837
8.36342
8.34934
8.34022
8.33955
8.33201
8.32733
8.32295
8.30747
8.46223
8.33581
8.48719
8.34226
8.32809
8.35032
8.50342
8.36678
8.52059
8.52684
8.39128
8.40225
8.39103
8.41222
8.41216
8.42117
8.42832
8.60352
8.47055
8.44939
8.45967
8.46151
8.46305
8.43672
8.45804
8.49697
8.51432
8.51327
8.51079
8.68315
8.53832
8.52128
8.51353
8.53159
8.67754
8.51305
8.51638
8.49686
8.48498
8.49284
8.49117
8.48391
8.47496
8.46662
8.4602
8.60229
8.43147
8.40752
8.40294
8.40841
8.42001
8.41249
8.42577
8.44597
8.4411
8.44949
8.455
8.42726
8.42193
8.4003
8.41321
8.40164
8.40012
8.39563
8.41134
8.40769
8.39524
8.53084
8.39482
8.38466
8.38908
8.37832
8.36917
8.5123
8.39557
8.39938
8.42169
8.41835
8.43887
8.44769
8.43329
8.42713
8.43574
8.41963
8.42117
8.40954
8.40245
8.39435
8.41706
8.4203
8.43431
8.44372
8.42553
8.41961
8.42296
8.42103
8.43693
8.43092
8.41382
8.41558
8.42845
8.40579
8.40668
8.41479
8.56608
8.44187
8.47154
8.46255
8.45438
8.44356
8.4481
8.45248
8.45652
8.45538
8.45608
8.46494
8.45326
8.44678
8.45032
8.44815
8.45731
8.45094
8.43736
8.43171
8.5862
8.42272
8.43979
8.43743
8.42804
8.42778
8.44128
8.43331
8.43183
8.44284
8.43201
8.58808
8.4625
8.45817
8.45928
8.46903
8.46202
8.4666
8.47051
8.47324
8.48314
8.4989
8.49733
8.50069
8.53132
8.6818
8.53468
8.55976
8.5542
8.57586
8.58391
8.589
8.58169
8.59645
8.58262
8.58987
8.60101
8.61143
8.62385
8.64034
8.66303
8.66786
8.84648
8.70674
8.71178
8.72735
8.74152
8.72282
8.74351
8.7321
8.7393
8.77332
8.91202
8.76258
8.7787
8.77024
8.76622
8.77261
8.77171
8.77266
8.78343
8.79327
8.78071
8.79997
8.81183
8.78326
8.79597
8.81024
8.81622
8.84488
8.85688
8.84922
8.84091
8.84611
8.82127
8.8225
8.82739
8.83781
8.85081
8.83665
8.84048
8.85791
8.84304
8.83338
8.84102
8.81935
8.82829
8.81783
8.81133
8.80534
8.80806
8.76915
8.77708
8.77661
8.76938
8.77849
8.78833
8.78357
8.78689
8.79798
8.77293
8.75093
8.7406
8.73835
8.73603
8.72969
8.73111
8.72533
8.71625
8.69979
8.70494
8.71228
8.69765
8.69047
8.68546
8.65634
8.6314
8.6029
8.59195
8.596
8.5836
8.57747
8.56108
8.53096
8.52299
8.52604
8.53554
8.50931
8.52598
8.51192
8.51131
8.51912
8.50896
8.50665
8.49771
8.50666
8.53005
8.54187
8.55151
8.5487
8.5361
8.51565
8.52728
8.50175
8.49892
8.50182
8.50532
8.50823
8.49583
8.50638
8.52117
8.5464
8.5657
8.56392
8.73482
8.58199
8.5933
8.58579
8.58707
8.59053
8.60832
8.64033
8.65381
8.66037
8.669
8.6731
8.66108
8.67313
8.68793
8.68836
8.69759
8.71544
8.72751
8.71659
8.72259
8.707
8.71627
8.85481
8.71986
8.7178
8.73593
8.73901
8.74585
8.74235
8.8937
8.75662
8.76656
8.76337
8.78144
8.78941
8.79832
8.80914
8.81392
8.9623
8.81972
8.82407
8.83697
8.81901
8.81428
8.80539
8.79315
8.77564
8.78501
8.79808
8.80491
8.79502
8.80976
8.80521
8.81361
8.82737
8.80676
8.81067
8.80826
8.79886
8.80763
8.79929
8.78863
8.77188
8.74692
8.72968
8.74082
8.74285
8.74002
8.73537
8.71698
8.70339
8.69447
8.69964
8.69998
8.68412
8.67939
8.68379
8.67108
8.66564
8.65642
8.66568
8.64726
8.80195
8.65401
8.63961
8.63881
8.63121
8.61884
8.61455
8.58887
8.59129
8.59151
8.59027
8.57515
8.57218
8.56525
8.5426
8.54092
8.53231
8.53676
8.5221
8.53525
8.52684
8.53623
8.5443
8.53806
8.5384
8.53417
8.54908
8.54165
8.55158
8.55094
8.53919
8.53187
8.52827
8.52909
8.54019
8.52717
8.52062
8.53542
8.54203
8.53809
8.5366
8.67062
8.53121
8.52587
8.66178
8.51769
8.512
8.51267
8.50491
8.54226
8.52328
8.52057
8.66431
8.6605
8.5113
8.52187
8.64341
8.50564
8.51126
8.50772
8.50698
8.50881
8.48609
8.48282
8.49237
8.63344
8.50335
8.51137
8.51042
8.51826
8.53024
8.52329
8.51473
8.52077
8.65065
8.54098
8.54401
8.69386
8.56712
8.58109
8.58321
8.58924
8.62245
8.62192
8.63093
8.64616
8.64096
8.63728
8.65647
8.65764
8.64538
8.65718
8.67369
8.67741
8.7172
8.72498
8.73837
8.74619
8.72961
8.7384
8.74399
8.72567
8.72243
8.72602
8.71687
8.7319
8.76176
8.75973
8.76269
8.76172
8.76704
8.75619
8.76077
8.78189
8.78009
8.7852
8.79249
8.79307
8.80773
8.8146
8.79756
8.8029
8.80912
8.80044
8.79966
8.80633
8.8116
8.82666
8.83549
8.84686
8.85907
8.86123
8.85439
8.87814
9.00843
8.85717
8.87686
8.8731
8.88507
8.88413
8.89342
8.8951
8.90588
8.90345
8.90004
8.90982
8.9163
9.03921
8.90603
8.89112
8.89183
8.9045
8.8925
8.89785
8.88298
8.89084
8.9092
8.92559
8.91985
8.91297
8.90106
8.88756
8.90138
8.91333
8.91409
8.92228
8.94124
8.92792
8.92338
8.92859
8.91086
8.91827
8.9192
8.89665
8.8774
8.87896
8.86847
8.88164
8.88605
8.86823
8.85956
8.88979
8.87734
8.88886
8.8907
8.88884
8.89165
8.88609
8.86759
9.00927
8.86441
8.87419
8.87408
8.88017
8.85502
8.87483
8.86038
8.86263
8.88495
8.88093
8.87804
8.89257
9.0417
8.87976
8.87751
9.01788
8.87423
8.87352
8.88367
8.86668
8.86232
8.87042
8.85857
8.84862
8.85653
8.82898
8.83542
8.81365
8.79519
8.79609
8.80692
8.78687
8.78584
8.78318
8.77123
8.7647
8.77449
8.77482
8.7701
8.75135
8.7574
8.75076
8.74703
8.74391
8.72873
8.7244
8.71215
8.69745
8.69734
8.6969
8.68658
8.69158
8.68572
8.6753
8.81774
8.68631
8.67613
8.67003
8.66922
8.66296
8.66311
8.65057
8.65722
8.648
8.65529
8.65297
8.6638
8.65142
8.65422
8.65066
8.65483
8.63982
8.64097
8.64723
8.6414
8.62993
8.6404
8.64298
8.66518
8.66091
8.63631
8.64907
8.79012
8.65875
8.6627
8.67289
8.65955
8.67004
8.67293
8.67812
8.66282
8.67561
8.66892
8.67203
8.6781
8.67945
8.66933
8.67202
8.67357
8.68794
8.6918
8.6959
8.70916
8.71661
8.86658
8.73633
8.74088
8.73156
8.7445
8.72323
8.72131
8.86606
8.73564
8.73312
8.72904
8.73697
8.73227
8.73541
8.75156
8.74267
8.89827
8.76218
8.75877
8.73742
8.74383
8.753
8.75574
8.75004
8.76888
8.76858
8.74791
8.74619
8.74008
8.7329
8.7379
8.72869
8.73287
8.7277
8.71909
8.73031
8.73396
8.72652
8.71563
8.73174
8.72282
8.72239
8.71791
8.72689
8.72433
8.71529
8.71751
8.72568
8.73038
8.72493
8.72701
8.70776
8.69452
8.68093
8.67701
8.67057
8.66701
8.66405
8.65034
8.63565
8.61562
8.74612
8.61058
8.73974
8.73793
8.61354
8.61065
8.62798
8.61865
8.60548
8.602
8.60789
8.6095
8.61727
8.6112
8.60932
8.6303
8.63363
8.63828
8.63613
8.633
8.64155
8.63721
8.63628
8.63646
8.65065
8.65732
8.67029
8.69278
8.69776
8.70242
8.70875
8.70988
8.69853
8.70446
8.70044
8.70019
8.84609
8.72793
8.73026
8.73946
8.75751
8.75431
8.74997
8.75248
8.75481
8.7575
8.87465
8.74835
8.74822
8.75144
8.76148
8.75681
8.76021
8.77304
8.76706
8.75962
8.7628
8.76896
8.78031
8.78206
8.7705
8.77214
8.76062
8.75236
8.7552
8.75036
8.74221
8.74427
8.75008
8.75537
8.86102
8.73
8.73667
8.72403
8.72722
8.72325
8.72385
8.72133
8.7228
8.68909
8.68798
8.66858
8.66382
8.66956
8.67153
8.79261
8.67055
8.66574
8.66832
8.67401
8.67817
8.69618
8.69319
8.70903
8.82996
8.70157
8.70466
8.72066
8.73373
8.73241
8.73369
8.73047
8.71703
8.71988
8.72849
8.74906
8.7635
8.77587
8.82657
8.83626
8.87586
8.88828
8.91103
8.96383
9.00689
9.05823
9.11473
9.14477
9.18384
9.21569
9.27373
9.34257
9.38455
9.41436
9.48929
9.52258
9.56331
9.60468
9.66807
9.71801
9.7527
9.7731
9.80515
9.82817
9.83689
9.85831
9.90701
9.92749
9.95146
9.96493
9.98995
10.0074
10.016
10.0538
10.0905
10.2017
10.0894
10.106
10.1123
10.1236
10.1483
10.1643
10.1525
10.1807
10.189
10.1961
10.206
10.1859
10.2112
10.2153
10.3002
10.1909
10.151
10.128
10.0955
10.0633
10.0121
9.98686
9.92189
9.87313
9.83202
9.78331
9.74888
9.78843
9.6889
9.74227
9.66709
9.65455
9.67978
9.6831
9.6868
9.71159
9.70446
9.71533
9.73432
9.73964
9.74795
9.77384
9.785
9.78159
9.75574
9.78307
9.78441
9.85004
9.78741
9.77888
9.79359
9.80842
9.79409
9.81424
9.82322
9.83377
9.8329
9.84159
9.86217
9.86956
9.8912
9.9245
9.95314
9.97356
9.97522
9.97773
9.95974
9.97842
10.0005
9.97749
9.94586
9.90689
9.89657
9.83784
9.78489
9.73689
9.71423
9.73296
9.66011
9.60125
9.56844
9.54443
9.49175
9.4234
9.36687
9.30865
9.26196
9.25094
9.22748
9.21483
9.23615
9.25188
9.27402
9.29899
9.30243
9.34065
9.36704
9.39065
9.42626
9.47414
9.5199
9.56752
9.62798
9.68239
9.75014
9.83623
9.91156
9.96428
10.0129
10.0556
10.0988
10.1456
10.1771
10.2481
10.3012
10.3358
10.3808
10.4338
10.4734
10.4997
10.5471
10.6011
10.6234
10.6254
10.6076
10.6826
10.6387
10.5932
10.5557
10.494
10.4789
10.4944
10.4666
10.5048
10.598
10.6512
10.7261
10.765
10.8069
10.854
10.8954
10.9713
11.0161
11.0617
11.1031
11.1646
11.2003
11.2618
11.3252
11.3794
11.4472
11.4993
11.5251
11.5501
11.5737
11.6035
11.6117
11.6204
11.6216
11.6054
11.5983
11.5985
11.5864
11.5392
11.489
11.4435
11.4076
11.3373
11.2419
11.1709
11.0763
10.9745
10.9062
10.8488
10.7516
10.6946
10.6631
10.6196
10.576
10.5508
10.499
10.4731
10.4219
10.3676
10.3393
10.3175
10.2739
10.232
10.2142
10.1423
10.1221
10.055
10.0241
10.0156
9.98752
9.97182
9.93925
9.92761
9.87857
9.84368
9.7902
9.78833
9.72718
9.72017
9.65842
9.63968
9.59014
9.56253
9.53062
9.49687
9.43861
9.42894
9.40303
9.38535
9.36221
9.32499
9.29011
9.23747
9.21849
9.19178
9.15085
9.15188
9.11931
9.08498
9.07574
9.07004
9.05812
9.04189
9.01792
9.00761
8.96723
8.92788
8.91165
8.88705
8.85842
8.85292
8.81369
8.79966
8.7804
8.71743
8.68512
8.69641
8.67158
8.63821
8.61125
8.5778
8.54866
8.49709
8.45714
8.43833
8.40802
8.33556
8.2771
8.22997
8.18258
8.12662
8.08912
8.0465
8.0148
7.97988
7.93614
7.90248
7.8781
7.85224
7.826
7.81078
7.78946
7.78125
7.77336
7.75587
7.7371
7.72259
7.70901
7.71404
7.71997
7.7223
7.70339
7.70053
7.6932
7.69161
7.67543
7.67452
7.66009
7.65947
7.64115
7.64921
7.65011
7.66748
7.70274
7.73157
7.77036
7.79664
7.82264
7.84452
7.87925
7.91879
7.94471
7.96014
7.98814
8.0158
8.04186
8.08324
8.12374
8.15034
8.17141
8.19535
8.22709
8.24455
8.28181
8.32925
8.37413
8.41585
8.45526
8.48454
8.52762
8.56389
8.58219
8.59452
8.60178
8.60174
8.62023
8.62987
8.64909
8.6468
8.65493
8.6365
8.63312
8.63421
8.63369
8.63092
8.64566
8.66422
8.69375
8.68882
8.68102
8.68872
8.69483
8.67421
8.68666
8.70245
8.69029
8.71004
8.71007
8.71077
8.7071
8.7354
8.75914
8.76438
8.78757
8.79607
8.79432
8.81561
8.81504
8.82747
8.85375
8.8633
8.87377
8.89087
8.9015
8.93571
8.92702
8.94522
8.97282
8.98081
9.02132
9.02982
9.05332
9.04021
9.04926
9.21134
9.05841
9.07688
9.08809
9.13113
9.12068
9.15169
9.1759
9.19971
9.20661
9.21003
9.2171
9.21809
9.24735
9.23577
9.28207
9.30006
9.33465
9.34649
9.39184
9.41785
9.4561
9.48917
9.5639
9.58542
9.638
9.65515
9.68392
9.71514
9.72687
9.7477
9.73024
9.74006
9.72596
9.73387
9.70996
9.71483
9.71673
9.70206
9.69368
9.67325
9.67627
9.64049
9.62858
9.59307
9.56278
9.52693
9.48008
9.46564
9.42157
9.38235
9.32198
9.3068
9.26041
9.21087
9.17875
9.14848
9.12563
9.07802
9.022
9.00645
8.95663
8.93333
8.85412
8.78971
8.76307
8.70191
8.65259
8.61766
8.5612
8.5277
8.47728
8.41954
8.41239
8.35351
8.30911
8.27773
8.2192
8.18598
8.10085
8.06804
8.0274
7.96593
7.92422
7.87746
7.86491
7.84088
7.80896
7.78859
7.7605
7.74061
7.66634
7.60502
7.59548
7.54125
7.50123
7.44559
7.42093
7.42889
7.41461
7.42436
7.39159
7.39213
7.4256
7.44366
7.48215
7.49161
7.52852
7.54384
7.5752
7.59338
7.62372
7.6263
7.6381
7.62837
7.63762
7.63235
7.62225
7.6232
7.58499
7.59977
7.59337
7.58568
7.55828
7.55143
7.52332
7.48722
7.4489
7.40203
7.40203
7.3645
7.3453
7.32483
7.31568
7.28675
7.23313
7.22756
7.19305
7.20519
7.16108
7.14816
7.12472
7.12971
7.08974
7.08796
7.07245
7.04302
7.06806
7.05374
7.05085
7.02987
7.05284
7.03672
7.03889
7.02299
7.01442
7.00061
7.02011
7.00189
7.00112
6.98558
6.99527
6.98954
6.99385
6.98921
6.96521
6.98662
6.99043
6.98814
6.97073
6.98841
6.99598
7.02291
7.05129
7.04644
7.09318
7.11556
7.1515
7.16714
7.17643
7.20249
7.23142
7.26626
7.32702
7.34925
7.35549
7.39406
7.42639
7.45294
7.48686
7.47774
7.47194
7.50674
7.53503
7.58871
7.6254
7.63184
7.6672
7.73075
7.75145
7.79425
7.83836
7.86379
7.8889
7.93421
7.97794
8.01382
8.04418
8.05572
8.05379
8.09068
8.13985
8.14627
8.17718
8.19515
8.20884
8.22804
8.27643
8.31953
8.31782
8.32582
8.35359
8.36613
8.40657
8.44454
8.46741
8.49803
8.50843
8.53275
8.55786
8.59079
8.62058
8.66804
8.69952
8.71126
8.7312
8.76384
8.82849
8.88406
8.92877
8.96835
8.99761
9.03225
9.05503
9.0811
9.11906
9.17707
9.20758
9.23647
9.26597
9.294
9.32594
9.39344
9.43339
9.48053
9.53015
9.55546
9.57251
9.58356
9.59677
9.62863
9.66472
9.6879
9.71669
9.75561
9.76937
9.80042
9.81556
9.83904
9.86582
9.88088
9.8991
9.92148
9.94431
9.97976
10.0173
10.0446
10.0737
10.1063
10.1444
10.1635
10.1961
10.2278
10.2519
10.2844
10.2978
10.3104
10.3316
10.3647
10.3864
10.4148
10.4356
10.4578
10.4846
10.4894
10.5154
10.5359
10.5623
10.5842
10.6048
10.6168
10.6375
10.6396
10.6438
10.6558
10.6547
10.6545
10.6421
10.6467
10.6437
10.6452
10.6491
10.6478
10.6473
10.6551
10.6475
10.6419
10.6535
10.652
10.6589
10.6524
10.6584
10.6553
10.65
10.6594
10.6691
10.6645
10.6734
10.6687
10.6567
10.6458
10.6232
10.6163
10.6064
10.5748
10.5663
10.5663
10.5765
10.5799
10.6077
10.6221
10.6419
10.6669
10.6778
10.7009
10.7269
10.7518
10.7844
10.8203
10.8455
10.8699
10.9042
10.9376
10.975
11.0213
11.0634
11.1139
11.1732
11.2011
11.247
11.2675
11.2882
11.3156
11.3651
11.395
11.4181
11.4493
11.4954
11.5497
11.5814
11.6233
11.6617
11.7092
11.7725
11.8266
11.8618
11.9166
11.9878
12.0319
12.0766
12.1035
12.1368
12.1792
12.2232
12.2601
12.3079
12.3715
12.4468
12.4931
12.5544
12.6188
12.6856
12.7327
12.8051
12.8796
12.9393
13.009
13.1
13.1907
13.2609
13.3593
13.457
13.548
13.6339
13.7379
13.8292
13.9044
13.9952
14.0932
14.1641
14.255
14.3966
14.5121
14.61
14.7262
14.8208
14.9251
15.0614
15.1768
15.2888
15.4295
15.5348
15.628
15.7712
15.8874
15.9971
16.1222
16.234
16.3471
16.4779
16.6047
16.7402
16.879
17.0141
17.1383
17.2868
17.4111
17.543
17.6932
17.8207
17.947
18.091
18.2388
18.3887
18.5259
18.6409
18.7882
18.9427
19.0717
19.2433
19.3792
19.507
19.6722
19.8382
19.9882
20.114
20.2296
20.3532
20.5165
20.6764
20.8592
21.0047
21.1507
21.3533
21.4959
21.6386
21.8247
21.9687
22.1378
22.3173
22.4581
22.6308
22.8056
22.935
23.1406
23.3164
23.4951
23.68
23.8976
24.0683
24.2983
24.5359
24.7302
24.9067
25.1185
25.2672
25.4503
25.6638
25.8531
26.0169
26.2129
26.4111
26.5929
26.7754
26.9716
27.1669
27.3388
27.5157
27.681
27.8413
28.0014
28.2082
28.3505
28.5042
28.6816
28.8415
28.9928
29.1267
29.2763
29.4333
29.5881
29.7583
29.8667
30.0003
30.165
30.3117
30.4545
30.5956
30.7689
30.9298
31.082
31.2457
31.3823
31.5388
31.6685
31.8102
32.2964
32.5934
32.8174
33.0955
33.3403
33.5694
33.7968
33.95
34.0881
34.2485
34.3933
34.5403
34.6546
34.7661
34.8369
34.9053
34.978
35.0446
35.0954
35.1509
35.2136
35.268
35.2853
35.3007
35.2932
35.2451
35.1846
35.1659
35.1253
35.0238
34.8878
34.8271
34.768
34.7411
34.7297
34.6998
34.6449
34.611
34.6041
34.5417
34.4751
34.4376
34.4187
34.4213
34.3537
34.3835
34.3393
34.3706
34.353
34.3316
34.3315
34.3455
34.3343
34.3117
34.3354
34.3898
34.472
34.5406
34.5898
34.6716
34.7903
34.8708
34.9844
35.138
35.2444
35.4391
35.5502
35.6993
35.8283
35.9651
36.1147
36.2603
36.4582
36.6322
36.8041
36.9457
37.104
37.2701
37.4318
37.591
37.7738
37.8987
38.0937
38.2267
38.4513
38.6036
38.7786
39.0119
39.1111
39.3176
39.4435
39.5878
39.7266
39.9201
40.0458
40.176
40.2676
40.3667
40.4363
40.5685
40.6769
40.7581
40.8501
40.881
40.9405
40.9257
40.9962
40.9277
40.9397
40.9315
40.9386
40.8907
40.9005
40.894
40.8951
40.8121
40.8209
40.8055
40.8302
40.8526
40.8233
40.8488
40.8356
40.8507
40.8555
40.8246
40.8607
40.8594
40.8978
40.8918
40.9424
40.9191
40.9654
40.9893
41.0641
41.155
41.1828
41.1862
41.2433
41.2986
41.3176
41.3901
41.4165
41.4783
41.4771
41.5301
41.5623
41.5858
41.695
41.7705
41.8761
41.9991
42.0605
42.1479
42.273
42.3761
42.4231
42.532
42.6341
42.6695
42.7478
42.8133
42.8715
42.9575
42.9952
43.0797
43.1561
43.25
43.3522
43.4585
43.6173
43.742
43.7881
43.8895
44.06
44.1791
44.2839
44.3776
44.4318
44.5546
44.6385
44.6915
44.823
44.8922
44.9848
45.0818
45.1665
45.2271
45.3447
45.4361
45.5031
45.5807
45.6393
45.7338
45.7641
45.7966
45.8466
45.8968
45.908
45.919
45.9198
45.9606
45.9747
45.9932
46.0577
46.0775
46.1231
46.1822
46.2506
46.3375
46.4206
46.4762
46.5146
46.5238
46.5584
46.5967
46.6039
46.6153
46.6474
46.6544
46.6651
46.6468
46.628
46.6196
46.6162
46.633
46.6267
46.6073
46.5687
46.5875
46.6057
46.6829
46.6983
46.7657
46.8196
46.9444
47.0583
47.1758
47.3365
47.4841
47.6958
47.7963
47.9033
48.0926
48.2173
48.3396
48.4842
48.6603
48.7998
48.9475
49.1521
49.245
49.4614
49.6068
49.7543
49.9096
50.0421
50.18
50.2916
50.429
50.586
50.778
50.9218
51.1045
51.2506
51.4596
51.6471
51.8832
52.2338
52.4263
52.6501
52.8478
53.0252
53.1618
53.2696
53.4067
53.5126
53.6592
53.7568
53.8305
53.9363
54.0952
54.2044
54.3198
54.444
54.5871
54.7111
54.8028
54.8869
54.9639
55.037
55.1373
55.2051
55.3349
55.4637
55.6224
55.7556
55.9539
56.1003
56.2067
56.3348
56.4749
56.5974
56.6528
56.768
56.8832
56.9381
57.0502
57.2124
57.3007
57.5123
57.6959
57.8876
58.0446
58.2421
58.4745
58.6947
58.878
59.0646
59.2545
59.4275
59.5551
59.7381
59.9068
60.1097
60.3112
60.547
60.8081
61.0745
61.3714
61.6292
61.8752
62.0862
62.2586
62.4407
62.6215
62.7814
62.9529
63.131
63.2855
63.4718
63.6285
63.7712
63.8856
64.0518
64.2376
64.3498
64.5016
64.7063
64.9198
65.1217
65.3222
65.5115
65.6761
65.87
66.0421
66.2455
66.432
66.6699
66.9014
67.0937
67.2813
67.5401
67.7658
67.9991
68.2272
68.4273
68.6051
68.7866
68.9846
69.1817
69.3737
69.6472
69.9312
70.1298
70.4103
70.6237
70.9251
71.2052
71.4512
71.6544
71.8525
72.0505
72.2708
72.4557
72.665
72.8386
73.0136
73.1818
73.3576
73.5529
73.7429
73.9756
74.2316
74.3908
74.5969
74.785
75.0057
75.2042
75.3605
75.4927
75.6398
75.776
75.9315
76.0787
76.2271
76.3923
76.5927
76.797
77.0135
77.1812
77.3713
77.5805
77.7542
77.8872
78.0089
78.1413
78.2776
78.3688
78.4987
78.6088
78.7251
78.8224
78.9075
79.0218
79.1524
79.2698
79.3866
79.5284
79.6575
79.7242
79.8247
79.9329
80.0374
80.1443
80.2571
80.3508
80.4397
80.5144
80.5839
80.6631
80.7291
80.7801
80.8446
80.9452
81.017
81.075
81.17
81.2293
81.327
81.4251
81.5274
81.6196
81.7347
81.8492
81.9502
82.0488
82.1491
82.2734
82.3667
82.4528
82.499
82.5771
82.6202
82.6835
82.7089
82.7532
82.7476
82.742
82.785
82.8084
82.8426
82.8931
82.9354
83.0067
83.0638
83.1007
83.1376
83.2027
83.2538
83.301
83.3691
83.4042
83.482
83.5493
83.623
83.681
83.7748
83.8435
83.871
83.9171
83.9856
84.0211
84.0954
84.1776
84.2381
84.3159
84.3879
84.4544
84.5294
84.5963
84.6815
85.0744
85.1442
85.2157
85.2794
85.3407
85.4037
85.4836
85.5466
85.6034
85.6616
85.7545
85.8482
85.9353
86.026
86.1272
86.178
86.2939
86.3836
86.4564
86.5582
86.632
86.7119
86.8074
86.9013
86.9837
87.0776
87.2094
87.3125
87.4041
87.5108
87.5863
87.6537
87.7232
87.7803
87.8452
87.9096
87.9762
88.0412
88.1077
88.184
88.2547
88.3141
88.3845
88.4294
88.4955
88.5279
88.585
88.6292
88.6999
88.7158
88.7574
88.7863
88.8054
88.8204
88.8524
88.8843
88.9282
88.9492
88.9724
88.9866
89.0193
89.0446
89.0917
89.092
89.1351
89.1541
89.1717
89.2092
89.2508
89.2915
89.3244
89.3717
89.4148
89.472
89.4995
89.5732
89.6113
89.6467
89.7052
89.7385
89.7716
89.8062
89.8458
89.8802
89.9108
89.927
89.9674
90.007
90.0386
90.089
90.1356
90.1669
90.2227
90.2673
90.3145
90.3834
90.4326
90.5014
90.5598
90.6185
90.6764
90.7313
90.7655
90.8237
90.8871
90.9301
90.9931
91.0593
91.1038
91.137
91.2047
91.2235
91.2863
91.3011
91.3552
91.3998
91.4724
91.5363
91.597
91.6469
91.7098
91.7596
91.8062
91.8633
91.9302
92.0072
92.0695
92.1416
92.1989
92.2572
92.322
92.3943
92.4778
92.5367
92.6184
92.686
92.7604
92.8299
92.8991
92.9556
93.0242
93.0688
93.1192
93.1844
93.2478
93.3107
93.3806
93.4506
93.541
93.6066
93.6826
93.7553
93.8148
93.8848
93.9615
94.04
94.1288
94.1969
94.2579
94.3127
94.3868
94.4485
94.5132
94.5796
94.6591
94.7246
94.7849
94.8279
94.8776
94.9142
94.977
95.0234
95.0759
95.1324
95.1859
95.246
95.2697
95.3021
95.3396
95.3621
95.4132
95.45
95.5046
95.5443
95.6121
95.662
95.703
95.7618
95.7931
95.8415
95.9112
95.9868
96.0294
96.1026
96.1673
96.2187
96.2648
96.3313
96.3938
96.4331
96.4962
96.5524
96.5954
96.6555
96.7109
96.7543
96.813
96.8547
96.9
96.9582
97.0092
97.0467
97.1139
97.1635
97.2133
97.2492
97.2799
97.3268
97.3849
97.4124
97.4763
97.5084
97.5489
97.5957
97.6123
97.6486
97.6714
97.7095
97.7504
97.7611
97.8014
97.8367
97.8504
97.8951
97.9103
97.9035
97.9358
97.9206
97.9238
97.9356
97.9503
97.9736
97.9608
97.9787
97.9799
98.0054
98.0278
98.0514
98.075
98.0875
98.0869
98.1211
98.1538
98.1609
98.2035
98.2288
98.2866
98.3074
98.3622
98.3846
98.417
98.4552
98.498
98.5201
98.5678
98.6305
98.6692
98.7258
98.7812
98.8533
98.8813
98.9268
98.9813
99.0134
99.0682
99.109
99.1609
99.2103
99.2501
99.3015
99.351
99.3904
99.45
99.5176
99.5921
99.6434
99.7027
99.7395
99.8075
99.8966
99.9638
100.043
100.103
100.18
100.258
100.345
100.395
100.475
100.556
100.631
100.723
100.83
100.979
101.087
101.228
101.317
101.447
101.633
101.794
101.928
102.117
102.296
102.464
102.666
102.908
103.129
103.416
103.672
103.956
104.188
104.504
104.852
105.225
105.616
106.005
106.254
106.676
107.089
107.512
107.903
108.267
108.613
108.894
109.186
109.586
109.894
110.177
110.441
110.631
110.822
111.047
111.26
111.493
111.733
111.929
112.074
112.236
112.354
112.58
112.792
113.008
113.208
113.389
113.499
113.647
113.75
113.923
114.082
114.188
114.338
114.448
114.537
114.652
114.806
114.9
114.966
115.058
115.111
115.159
115.213
115.309
115.342
115.391
115.415
115.427
115.429
115.434
115.422
115.366
115.338
115.316
115.294
115.232
115.185
115.113
115.032
114.98
114.895
114.818
114.756
114.681
114.557
114.414
114.305
114.184
114.082
114.011
113.833
113.648
113.529
113.374
113.272
113.095
113.012
112.788
112.55
112.424
112.322
112.091
111.785
111.356
110.865
110.388
109.821
109.309
108.984
108.57
108.205
107.689
107.263
106.86
106.458
106.015
105.671
105.295
104.85
104.424
103.994
103.714
103.289
102.941
102.598
102.265
101.951
101.737
101.564
101.334
101.123
100.884
100.657
100.495
100.353
100.269
100.199
100.157
100.089
100.015
99.9693
99.958
99.9626
99.968
99.9647
99.9519
99.9507
99.9636
99.965
99.9864
100.017
100.039
100.062
100.091
100.151
100.211
100.298
100.392
100.541
100.659
100.807
101.012
101.17
101.387
101.741
101.995
102.238
102.69
103.09
103.497
103.888
104.251
104.648
105.056
105.403
105.806
106.21
106.574
106.978
107.395
107.837
108.336
108.807
109.277
109.701
110.096
110.571
111.068
111.538
112.026
112.383
112.948
113.38
113.819
114.285
115.009
115.539
115.972
116.331
116.908
117.314
117.837
118.26
118.632
118.959
119.218
119.509
119.737
119.984
120.197
120.381
120.565
120.713
120.838
120.975
121.097
121.239
121.354
121.512
121.607
121.683
121.782
121.898
122.033
122.142
122.218
122.297
122.407
122.501
122.614
122.729
122.825
122.901
123.016
123.094
123.195
123.294
123.352
123.396
123.468
123.546
123.596
123.629
123.691
123.726
123.738
123.776
123.821
123.839
123.859
123.876
123.852
123.867
123.92
123.955
123.945
123.966
123.93
123.936
123.948
123.945
123.924
123.874
123.823
123.804
123.774
123.751
123.776
123.758
123.755
123.714
123.636
123.556
123.417
123.3
123.107
123.019
122.774
122.575
122.366
122.25
122.121
121.957
121.758
121.626
121.413
121.217
121.074
120.958
120.752
120.669
120.466
120.315
120.156
120.006
119.863
119.815
119.723
119.644
119.542
119.435
119.348
119.252
119.154
119.082
119.011
118.866
118.756
118.675
118.627
118.595
118.513
118.46
118.42
118.4
118.415
118.437
118.469
118.495
118.533
118.529
118.94
118.646
118.733
118.834
118.958
119.077
119.207
119.333
119.477
119.623
119.769
119.938
120.112
120.283
120.483
120.689
120.869
121.089
121.297
121.566
121.854
122.091
122.367
122.587
122.85
123.117
123.409
123.685
124.043
124.396
124.747
125.022
125.415
125.815
126.172
126.555
126.953
127.328
127.718
128.062
128.383
128.809
129.31
129.721
130.08
130.538
130.909
131.382
131.948
132.393
132.767
133.092
133.467
133.858
134.277
134.585
134.856
135.109
135.351
135.561
135.765
135.953
136.135
136.352
136.552
136.726
136.876
137.03
137.156
137.293
137.446
138.076
138.42
138.73
139.051
139.284
139.731
140.069
140.421
140.697
141.104
141.392
141.743
142.095
142.486
142.707
142.955
143.18
143.384
143.546
143.721
143.846
143.95
144.022
144.057
144.065
144.003
143.965
143.888
143.838
143.765
143.734
143.633
143.451
143.349
143.185
143.056
142.803
142.581
142.188
141.724
140.917
140.27
139.883
139.415
139.052
138.467
137.758
137.227
136.575
136.121
135.787
135.044
134.874
134.709
134.563
134.384
134.268
134.149
134.034
133.982
133.903
133.822
133.742
133.682
133.616
133.576
133.5
133.396
133.254
133.207
133.111
133.023
132.938
132.854
132.787
132.754
132.719
132.696
132.703
132.69
132.7
132.692
132.684
132.697
132.735
132.78
132.946
133.009
133.094
133.21
133.374
133.521
133.687
133.869
134.111
134.323
134.592
134.873
135.153
135.45
135.756
136.029
136.346
136.65
137.05
137.359
137.64
137.974
138.234
138.581
138.899
139.304
139.713
140.159
140.495
141.056
141.396
141.801
142.313
142.721
143.164
143.671
144.03
144.433
144.707
145.017
145.25
145.444
145.673
145.933
146.139
146.38
146.572
146.774
146.947
147.088
147.268
147.416
147.555
147.677
147.819
147.926
148.02
148.112
148.205
148.275
148.328
148.385
148.438
148.509
148.547
148.604
148.573
148.615
148.584
148.578
148.543
148.528
148.477
148.42
148.356
148.319
148.262
148.21
148.211
148.163
148.114
148.088
148.065
148
147.976
147.932
147.91
147.889
147.862
147.804
147.758
147.656
147.583
147.446
147.239
147.043
146.939
146.819
146.678
146.528
146.402
146.325
146.205
146.112
145.972
145.866
145.738
145.552
145.456
145.331
145.243
145.114
145.044
144.936
144.781
144.665
144.629
144.57
144.532
144.464
144.398
144.369
144.355
144.328
144.334
144.361
144.384
144.409
144.424
144.47
144.539
144.582
144.663
144.733
144.776
144.79
144.873
144.918
144.975
145.055
145.129
145.208
145.3
145.375
145.452
145.577
145.716
145.864
145.998
146.183
146.377
146.607
146.78
147.054
147.272
147.531
147.794
147.98
148.432
148.304
148.462
148.918
148.822
148.973
149.202
149.37
149.551
149.741
149.974
150.139
150.361
150.539
150.726
150.939
151.462
151.372
151.562
151.681
151.777
151.856
151.938
152.001
152.08
152.157
152.224
152.311
152.394
152.521
152.676
152.823
152.994
153.162
153.344
153.563
153.741
153.941
154.156
154.31
154.463
154.631
154.787
154.934
155.064
155.22
155.364
155.539
155.724
155.888
156.071
156.26
156.458
156.698
156.954
157.231
157.443
157.668
157.908
158.14
158.361
158.57
158.812
159.031
159.276
159.516
159.786
160.084
160.422
160.742
161.023
161.294
161.609
161.908
162.178
162.501
162.801
163.104
163.445
163.753
164.121
164.419
164.667
164.872
165.108
165.31
165.501
165.707
165.907
166.061
166.211
166.328
166.422
166.559
166.666
166.711
166.804
166.9
166.974
167.104
167.229
167.354
167.473
167.8
167.685
167.799
167.897
167.993
168.119
168.158
168.161
168.13
168.071
167.986
167.98
167.878
167.733
167.68
167.619
167.519
167.472
167.475
167.427
167.425
167.424
167.455
167.508
167.584
167.669
167.728
167.775
167.854
167.992
168.122
168.255
168.402
168.555
168.72
168.869
169.059
169.266
169.456
169.677
169.882
170.167
170.427
170.658
170.93
171.167
171.556
171.899
172.285
172.576
172.853
173.178
173.475
173.81
174.193
174.583
174.897
175.177
175.471
175.754
176.027
176.286
176.582
176.831
177.132
177.363
177.59
177.829
178.084
178.368
178.61
178.88
179.091
179.331
179.577
179.84
180.138
180.392
180.62
180.8
181.052
181.247
181.4
181.567
181.699
181.879
182.06
182.246
182.459
182.677
182.87
183.095
183.241
183.403
183.535
183.706
183.902
184.054
184.22
184.366
184.466
184.592
184.736
184.853
185.034
185.158
185.285
185.429
185.564
185.715
185.9
186.083
186.216
186.348
186.456
186.56
186.615
186.65
186.676
186.746
186.791
186.805
186.841
186.892
187.016
187.102
187.163
187.192
187.237
187.311
187.349
187.949
187.761
187.78
187.795
187.793
187.781
187.793
187.784
187.751
187.762
187.762
187.726
187.333
187.328
187.278
187.255
187.245
187.22
187.221
187.182
187.438
187.393
187.533
187.289
187.262
187.212
187.18
187.094
187.056
187.006
187.003
186.971
186.968
186.953
186.888
186.897
186.863
186.827
186.864
186.844
186.837
186.769
186.749
186.738
186.696
186.683
186.675
186.653
186.628
186.579
186.539
186.539
186.533
186.548
186.522
186.519
186.522
186.553
186.549
186.537
186.574
186.585
186.608
186.661
186.67
186.712
186.742
186.798
186.836
186.887
186.95
186.978
187.072
187.124
187.19
187.245
187.34
187.429
187.504
187.611
187.899
187.772
187.851
187.962
188.093
188.229
188.347
188.438
188.559
188.683
188.847
188.958
189.106
189.2
189.354
189.466
189.594
189.752
189.885
190.038
190.126
190.256
190.372
190.535
190.658
190.828
190.928
191.069
191.195
191.305
191.435
191.536
191.67
191.781
191.923
192.036
192.169
192.297
192.418
192.562
192.682
192.818
192.95
193.064
193.197
193.31
193.45
193.599
193.675
193.782
193.881
193.996
194.128
194.257
194.383
180.114
194.631
194.733
194.839
194.928
195.047
195.148
195.225
195.269
195.343
195.406
195.482
195.554
195.621
195.693
195.761
195.859
195.931
196.001
196.079
196.141
196.214
196.256
196.316
196.376
196.4
196.43
196.467
196.512
196.533
196.549
196.568
196.592
196.611
196.628
196.655
196.679
196.683
196.687
196.66
196.65
196.633
196.648
196.638
196.652
196.655
196.679
196.686
196.693
196.705
196.708
196.715
196.724
196.722
196.697
196.709
196.698
196.719
196.715
196.712
196.69
196.669
196.669
196.659
196.63
196.824
196.599
196.801
196.6
196.596
196.615
196.627
196.641
196.673
196.697
196.695
196.699
196.678
196.694
196.728
196.724
196.734
196.977
196.787
196.807
196.818
196.836
196.848
196.839
196.847
196.877
196.907
196.907
196.922
197.129
196.965
197.008
197.007
197.041
197.058
197.071
197.091
197.103
197.113
197.152
197.173
197.222
197.279
197.291
197.306
197.333
197.323
197.321
197.343
197.383
197.433
197.446
197.497
197.541
197.559
197.602
197.624
197.647
197.69
197.708
197.748
197.787
197.818
197.853
197.911
198.21
198.055
198.118
198.157
198.215
198.279
198.336
198.425
198.479
198.557
198.644
198.711
198.789
198.88
198.984
199.064
199.173
199.25
199.353
199.465
199.575
199.691
199.803
199.93
200.016
200.114
200.223
200.343
200.468
200.578
200.703
200.808
200.918
201.031
201.147
201.264
201.35
201.456
201.565
201.689
201.745
201.851
201.964
202.045
202.145
202.223
202.349
202.444
202.558
202.633
202.702
202.794
202.875
202.966
203.05
203.125
203.181
203.247
203.324
203.391
203.477
203.579
203.65
203.72
203.797
203.88
203.928
203.998
204.061
204.12
204.179
204.245
204.318
204.353
204.383
204.436
204.489
204.549
204.581
204.602
204.659
204.711
204.75
204.819
204.871
204.91
204.957
204.988
205.019
205.053
205.07
205.131
205.158
205.186
205.237
205.252
205.299
205.349
205.383
205.414
205.454
205.477
205.485
205.502
205.708
205.478
205.494
205.729
205.517
205.531
205.538
205.771
205.593
205.616
205.613
205.618
205.637
205.64
205.859
205.659
205.665
205.667
205.676
205.699
205.721
205.719
205.942
205.96
205.772
205.787
205.803
206.034
205.856
205.892
205.91
205.92
205.961
205.994
206.251
206.074
206.1
206.332
206.156
206.19
206.236
206.277
206.301
206.347
206.4
206.435
206.492
206.747
206.575
206.818
206.648
206.688
206.742
206.799
206.845
206.879
206.929
206.972
207.014
207.064
207.122
207.177
207.227
207.288
207.339
207.405
207.457
207.539
207.605
207.683
207.765
207.818
207.874
207.944
208.022
208.106
208.196
208.286
208.365
208.439
208.524
208.599
208.69
208.779
208.872
208.97
209.051
209.15
209.468
209.347
209.445
209.547
209.656
209.731
209.818
209.915
210.004
210.083
210.175
210.255
210.328
210.399
210.47
210.548
210.628
210.693
210.764
210.833
210.912
210.987
211.034
211.08
211.157
211.209
211.255
211.295
211.36
211.404
211.452
211.509
211.565
211.638
211.701
211.764
211.822
211.893
211.969
212.061
212.123
212.205
212.284
212.369
212.424
212.506
212.579
212.669
212.739
212.809
212.871
212.931
213.017
213.089
213.158
213.233
213.302
213.366
213.443
213.518
213.581
213.649
213.72
213.806
213.883
213.946
214.014
214.085
214.169
214.235
214.308
214.36
214.444
214.526
214.583
214.653
214.726
214.792
214.854
214.909
214.978
215.059
215.114
215.176
215.265
215.338
215.41
215.719
215.592
215.667
215.747
215.844
215.916
215.989
216.085
216.156
216.438
216.316
216.399
216.496
216.61
216.901
216.771
216.858
216.932
217.036
217.127
217.197
217.299
217.381
217.461
217.773
217.62
217.711
217.82
217.903
218.009
218.093
218.19
218.294
218.372
218.482
218.597
218.702
218.798
218.901
219.009
219.095
219.202
219.289
219.385
219.486
219.568
219.675
219.776
219.89
219.996
220.104
220.213
220.297
220.412
220.516
220.648
220.751
221.081
221.185
221.108
221.213
221.552
221.45
221.59
221.714
221.854
221.961
222.095
222.432
222.564
222.467
222.615
222.761
222.913
223.031
223.181
223.323
223.431
223.569
223.672
223.795
223.887
224.042
224.176
224.327
224.44
224.586
224.695
224.835
224.963
225.132
225.262
225.41
225.529
225.671
225.799
225.949
226.061
226.213
226.329
226.472
226.6
226.714
226.842
226.981
227.338
227.46
227.394
227.51
227.636
227.77
227.891
228.011
228.133
228.232
228.344
228.432
228.542
228.642
228.741
228.843
228.961
212.582
229.212
229.365
229.492
229.63
229.729
229.86
229.961
230.081
230.197
230.524
230.41
230.502
230.594
230.67
230.767
230.843
230.959
231.068
231.197
231.307
231.408
231.51
231.612
231.719
231.839
232.137
232.044
232.136
232.245
232.342
232.421
232.509
232.59
232.69
232.808
232.892
232.997
233.11
233.206
233.301
233.411
233.489
233.56
233.66
233.727
233.794
233.869
233.949
234.005
234.085
234.157
234.24
234.322
234.411
234.508
234.588
234.665
234.768
234.869
234.974
235.068
235.167
235.482
235.36
235.843
236.085
236.272
236.448
236.611
236.76
236.931
237.347
237.216
237.335
237.457
237.841
237.685
237.767
237.85
238.194
237.975
238.046
238.107
238.178
238.258
238.337
238.4
238.466
238.535
238.576
238.629
238.656
238.664
238.651
238.615
238.629
238.594
238.598
238.585
238.58
238.505
238.435
238.428
238.444
238.445
238.386
238.366
238.355
238.344
238.588
238.342
220.837
238.37
238.413
238.475
238.52
238.578
238.617
238.673
238.793
238.864
238.946
239.03
239.139
239.234
239.329
239.439
239.557
239.679
239.788
239.941
240.096
240.227
240.348
240.498
240.647
240.807
240.951
241.12
241.233
241.689
241.605
241.746
241.881
241.996
242.14
242.291
242.44
242.559
242.652
242.799
243.211
243.343
243.135
243.247
243.383
243.53
243.674
231.994
243.892
243.992
244.05
244.148
244.251
244.33
244.392
244.439
244.501
244.551
244.867
244.58
244.594
244.59
244.619
244.593
244.556
244.565
244.556
244.607
244.606
244.671
244.684
244.751
244.786
244.815
244.872
244.863
244.875
244.84
244.793
244.816
244.786
244.766
244.74
244.698
244.684
244.661
244.666
244.649
244.655
244.665
244.646
244.642
244.632
244.615
244.625
244.642
244.665
244.673
244.657
244.641
244.602
244.562
244.59
244.564
244.574
244.598
244.614
244.633
244.703
245.008
244.803
244.894
244.935
245.026
245.119
245.213
245.287
245.308
245.36
245.424
245.49
245.564
245.638
245.714
245.796
245.829
245.9
246.002
246.078
246.167
246.257
246.367
246.464
246.592
246.705
246.842
246.896
246.988
247.044
247.108
247.239
247.289
247.332
247.421
247.481
247.522
247.613
247.706
247.789
247.883
248.007
248.121
248.202
248.266
248.319
248.364
248.686
248.675
248.744
248.471
248.492
248.501
248.478
248.5
248.507
248.508
248.504
248.82
248.548
248.539
248.538
248.557
248.588
248.617
248.62
248.663
248.723
248.757
248.799
248.87
248.954
249.071
249.169
249.331
249.451
249.574
249.696
249.812
249.969
250.111
250.238
250.386
250.531
250.688
250.801
250.938
251.097
251.275
251.391
251.5
251.652
251.762
251.879
251.99
252.189
252.363
252.559
252.717
252.931
253.133
253.37
253.652
253.961
254.585
254.508
254.689
254.897
255.084
255.227
255.425
255.553
255.717
255.862
256
237.769
256.304
256.478
256.669
257.188
256.996
257.164
257.35
257.492
257.619
257.73
257.876
258.038
258.54
258.338
258.485
258.651
258.836
258.95
259.139
259.297
259.448
259.575
259.688
259.83
259.965
260.089
260.248
260.403
260.573
260.689
260.902
261.065
261.247
261.403
261.623
261.79
261.931
262.056
262.153
262.273
262.391
262.532
262.649
262.808
262.978
263.174
263.386
263.634
263.856
264.451
264.266
264.465
264.626
264.799
264.935
265.088
265.236
265.394
265.563
265.706
265.877
266.048
266.2
266.35
266.496
266.658
267.264
266.966
267.127
267.278
267.421
267.611
267.782
267.965
268.132
268.329
268.554
268.735
268.929
269.107
269.305
269.488
269.688
269.866
270.042
270.195
270.342
270.52
270.678
270.864
271.049
271.293
271.508
271.719
271.957
252.258
272.387
272.594
272.787
273.46
273.18
273.345
273.498
273.647
273.817
273.96
274.126
274.295
274.469
274.643
274.812
274.976
275.183
275.365
275.573
275.747
275.913
276.076
276.227
276.918
276.581
276.751
276.939
277.123
277.838
277.57
277.807
278.024
278.223
278.436
278.643
278.84
279.002
279.168
279.379
279.526
279.68
279.832
279.993
280.152
280.839
280.491
280.659
280.812
280.982
281.124
281.331
281.48
281.649
281.808
281.988
282.161
282.315
282.443
282.57
282.714
282.855
282.985
283.123
283.258
283.349
283.455
283.55
283.664
283.788
283.906
284.01
284.106
284.244
284.39
284.52
284.669
284.785
284.886
285.011
285.166
285.276
285.965
285.446
285.496
285.535
285.606
285.575
285.614
285.615
285.585
285.621
285.618
285.623
286.21
285.672
285.729
285.757
285.786
285.818
285.874
285.882
285.894
285.911
285.919
285.958
286.017
286.059
286.092
286.139
286.182
286.192
286.206
286.251
286.262
286.278
286.305
286.368
286.383
286.446
286.473
286.515
286.878
286.912
286.952
287.004
287.063
287.117
287.155
287.193
287.216
287.277
287.326
287.39
287.467
287.542
287.619
287.696
287.789
288.421
287.939
288.036
288.117
288.212
288.306
288.407
288.503
288.616
288.701
288.809
288.911
289.004
289.097
289.187
289.27
289.348
289.424
289.485
289.553
289.642
289.738
289.817
289.917
289.995
290.072
290.14
290.232
290.301
290.383
290.462
290.55
290.625
290.69
290.761
290.821
290.896
290.952
291.036
291.129
291.176
291.249
291.313
291.376
291.443
291.51
291.599
291.657
291.734
291.812
291.877
291.956
292.018
292.079
292.153
292.207
292.281
292.334
292.4
292.439
292.517
292.565
292.641
292.704
292.783
292.857
292.925
293.016
293.076
293.156
293.21
293.306
293.363
293.454
293.529
293.605
293.681
293.745
293.829
293.889
293.964
294.04
294.115
294.185
294.261
294.332
294.402
294.489
294.542
294.613
294.655
294.699
294.754
294.794
294.839
294.901
294.939
294.99
295.038
295.062
295.099
295.139
295.181
295.23
295.283
295.32
295.353
295.408
295.448
295.488
295.516
295.562
295.596
296.187
295.659
295.7
295.742
295.771
295.805
295.845
295.898
295.941
295.978
296.012
296.049
296.09
296.128
296.165
296.205
296.25
296.308
296.373
296.443
296.482
296.542
296.615
296.666
296.734
296.804
296.87
296.925
296.981
297.039
297.088
297.142
297.191
297.253
297.293
297.352
297.38
297.45
297.505
297.603
297.681
297.754
297.851
297.936
298.005
298.079
298.15
298.215
298.287
298.347
298.422
298.459
298.513
298.566
299.207
298.705
298.767
298.841
298.906
298.983
299.051
299.13
299.205
299.286
299.369
299.453
299.523
299.601
299.679
299.757
299.813
299.877
299.943
300.033
300.108
300.203
300.294
300.402
300.503
300.605
300.705
300.798
300.906
301.002
301.101
301.193
301.288
301.387
301.488
301.596
302.258
301.804
301.933
302.078
302.211
302.31
302.447
302.603
302.744
302.899
303.039
303.157
303.258
303.362
303.468
303.596
303.722
303.86
304.008
304.118
304.232
304.364
304.471
304.605
304.774
304.884
305.009
305.148
305.268
305.381
305.499
305.587
305.688
305.784
305.871
305.951
306.045
306.143
306.226
306.323
306.4
306.473
306.555
306.643
306.702
306.782
306.857
306.906
306.933
306.996
307.052
307.097
307.128
307.163
307.198
307.243
307.272
307.312
307.339
307.372
307.39
307.421
307.449
307.486
307.487
307.506
307.507
307.515
307.529
307.547
307.549
307.553
307.576
307.573
307.562
307.567
307.573
307.577
307.587
307.577
307.577
307.568
307.566
307.552
307.555
307.53
307.54
307.549
307.567
307.586
307.588
307.595
307.606
307.608
307.633
307.653
307.67
307.679
307.692
307.704
307.715
307.73
307.741
307.744
307.76
307.77
307.764
307.769
307.805
307.829
307.841
307.864
307.888
307.923
307.952
307.965
308.012
308.055
308.108
308.152
308.177
308.218
308.254
308.284
308.324
308.361
308.408
308.448
308.494
308.545
308.59
308.643
308.703
308.749
308.79
308.846
308.904
308.964
309.009
309.065
309.118
309.181
309.254
309.299
309.342
309.4
309.46
309.541
309.584
309.649
309.698
309.758
309.806
309.869
309.929
309.99
310.046
310.09
310.15
310.205
310.25
310.3
310.348
310.411
310.457
310.492
310.53
310.555
310.597
310.634
310.656
310.69
310.73
310.752
310.772
310.779
310.795
310.818
310.825
310.835
310.853
310.862
310.861
310.859
310.873
310.864
310.874
310.889
310.893
310.916
310.91
310.907
310.883
310.885
310.902
310.916
310.919
310.908
310.91
310.909
310.897
310.871
310.846
310.863
310.857
310.837
310.873
310.842
310.837
310.846
310.853
310.868
310.864
310.864
310.888
310.893
310.879
310.918
310.935
310.952
310.947
310.978
311.005
311.04
311.054
311.077
311.087
311.093
311.1
311.133
311.109
311.132
311.158
311.161
311.188
311.192
311.189
311.204
311.214
311.209
311.22
311.212
311.201
311.203
311.206
311.199
311.192
311.183
311.191
311.195
311.179
311.204
311.184
311.17
311.182
311.18
311.188
311.185
311.207
311.203
311.217
311.186
311.192
311.188
311.198
311.194
311.19
311.207
311.206
311.203
311.194
311.235
311.243
311.278
311.289
311.345
311.372
311.398
311.445
311.474
311.513
311.528
311.548
311.568
311.601
311.622
311.658
311.67
311.72
311.753
311.772
311.8
311.849
311.875
311.923
311.935
311.98
311.989
312.016
312.045
312.098
312.125
312.151
312.137
312.174
312.189
312.213
312.21
312.239
312.258
312.211
312.225
312.227
312.223
312.221
312.234
312.217
312.208
312.178
312.197
312.193
312.2
312.175
312.189
312.196
312.172
312.177
312.176
312.183
312.202
312.198
312.199
312.21
312.226
312.233
312.232
312.242
312.237
312.264
312.258
312.273
312.279
312.247
312.279
312.274
312.261
312.248
312.272
312.27
312.268
312.268
312.271
312.254
312.254
312.251
312.245
312.239
312.253
312.242
312.224
312.232
312.237
312.221
312.239
312.232
312.228
312.245
312.23
312.233
312.215
312.195
312.206
312.179
312.16
312.13
312.098
312.07
312.048
312.032
312.001
312.005
311.966
311.972
311.962
311.92
311.91
311.899
311.882
311.886
311.885
311.868
311.853
311.849
311.849
311.817
311.807
311.824
311.808
311.813
311.8
311.806
311.813
311.819
311.793
311.795
311.79
311.819
311.844
311.874
311.872
311.912
311.928
311.915
311.946
311.965
311.967
311.976
312.01
312
312.003
312.034
312.032
312.033
312.039
312.058
312.076
312.062
312.102
312.083
312.098
312.093
312.082
312.084
312.102
312.096
312.097
312.088
312.112
312.09
312.105
312.105
312.127
312.127
312.138
312.126
312.116
312.11
312.128
312.125
312.121
312.117
312.15
312.131
312.158
312.136
312.164
312.14
312.158
312.187
312.193
312.207
312.221
312.242
312.249
312.278
312.279
312.3
312.326
312.354
312.368
312.375
312.404
312.421
312.426
312.437
312.435
312.455
312.482
312.502
312.521
312.52
312.518
312.508
312.494
312.504
312.494
312.463
312.465
312.457
312.443
312.427
312.406
312.386
312.375
312.361
312.357
312.34
312.33
312.318
312.309
312.285
312.271
312.284
312.266
312.27
312.26
312.242
312.224
312.198
312.183
312.182
312.162
312.151
312.133
312.105
312.098
312.07
312.06
312.072
312.065
312.077
312.079
312.073
312.089
312.094
312.101
312.098
312.102
312.098
312.106
312.112
312.114
312.117
312.13
312.128
312.122
312.123
312.128
312.104
312.109
312.112
312.09
312.064
312.063
312.058
312.048
312.037
312.014
312
311.988
311.979
311.978
311.971
311.966
311.969
311.949
311.956
311.939
311.942
311.962
311.977
311.988
312.013
312.016
312.026
312.022
312.033
312.063
312.07
312.085
312.099
312.123
312.135
312.155
312.175
312.181
312.189
312.202
312.205
312.211
312.234
312.237
312.239
312.275
312.304
312.322
312.349
312.348
312.355
312.384
312.376
312.371
312.39
312.377
312.355
312.356
312.344
312.297
312.275
312.255
312.212
312.186
312.176
312.124
312.076
312.048
311.99
311.955
311.921
311.896
311.859
311.824
311.813
311.771
311.742
311.711
311.683
311.653
311.623
311.602
311.559
311.555
311.545
311.521
311.497
311.496
311.485
311.469
311.471
311.458
311.461
311.449
311.457
311.41
311.404
311.394
311.4
311.355
311.348
311.329
311.319
311.309
311.318
311.304
311.282
311.28
311.277
311.232
311.213
311.225
311.204
311.209
311.177
311.191
311.165
311.167
311.145
311.163
311.162
311.154
311.152
311.144
311.152
311.165
311.176
311.155
311.168
311.178
311.178
311.189
311.174
311.212
311.224
311.233
311.242
311.252
311.278
311.293
311.304
311.335
311.346
311.355
311.367
311.397
311.398
311.43
311.441
311.438
311.471
311.525
311.542
311.554
311.576
311.598
311.631
311.671
311.703
311.703
311.732
311.758
311.751
311.771
311.783
311.785
311.779
311.788
311.765
311.752
311.716
311.702
311.688
311.689
311.7
311.685
311.672
311.67
311.691
311.661
311.66
311.668
311.662
311.66
311.649
311.639
311.64
311.612
311.608
311.61
311.583
311.547
311.528
311.503
311.494
311.478
311.451
311.398
311.366
311.348
311.338
311.312
311.312
311.31
311.324
311.329
311.34
311.355
311.379
311.376
311.388
311.401
311.377
311.35
311.322
311.306
311.293
311.285
311.238
311.181
311.156
311.129
311.105
311.055
311.022
310.977
310.97
310.989
310.984
310.791
310.801
310.781
310.742
310.7
310.684
310.67
310.668
310.67
310.673
310.675
310.673
310.663
310.674
310.711
310.728
310.758
310.759
310.831
310.863
310.89
310.915
311.104
311.095
311.106
310.919
310.897
310.837
310.788
310.738
310.677
310.603
310.569
310.515
310.492
310.463
310.476
310.495
310.545
310.606
310.641
310.691
310.763
310.811
310.884
310.918
310.98
311.024
311.028
311.028
311.025
311.012
310.995
310.944
310.918
310.935
310.932
310.934
310.95
310.949
310.978
310.997
310.982
310.99
311.039
311.076
311.136
311.201
311.25
311.296
311.343
311.383
311.428
311.51
311.522
311.543
311.516
311.515
311.492
311.477
311.44
311.442
311.402
311.394
311.379
311.37
311.35
311.368
311.338
311.366
311.373
311.394
311.386
311.415
311.442
311.466
311.481
311.511
311.512
311.538
311.554
311.563
311.557
311.55
311.558
311.524
311.513
311.522
311.5
311.483
311.491
311.49
311.482
311.47
311.456
311.464
311.444
311.391
311.411
311.426
311.4
311.388
311.392
311.369
311.339
311.34
311.358
311.356
311.31
311.279
311.268
311.222
311.16
311.143
311.103
311.03
310.998
310.993
310.969
310.935
310.921
310.906
310.906
310.896
310.894
310.89
310.888
310.894
310.905
310.9
310.899
310.884
310.849
310.819
310.797
310.806
310.801
310.8
310.769
310.744
310.756
310.744
310.746
310.722
310.697
310.672
310.658
310.638
310.638
310.64
310.625
310.617
310.606
310.582
310.6
310.604
310.607
310.609
310.631
310.637
310.636
310.653
310.657
310.663
310.689
310.712
310.743
310.743
310.753
310.768
310.784
310.793
310.81
310.825
310.833
310.844
310.88
310.903
310.918
310.937
310.943
310.951
310.962
310.977
310.971
310.982
311.004
311.014
311.016
311.017
311.036
311.053
311.057
311.077
311.084
311.101
311.104
311.117
311.127
311.135
311.135
311.149
311.166
311.157
311.179
311.181
311.186
311.194
311.209
311.228
311.213
311.222
311.238
311.245
311.246
311.259
311.261
311.257
311.277
311.281
311.268
311.271
311.284
311.273
311.28
311.288
311.284
311.266
311.266
311.263
311.258
311.237
311.235
311.212
311.199
311.186
311.184
311.171
311.139
311.14
311.138
311.126
311.095
311.096
311.076
311.07
311.055
311.051
311.044
311.042
311.024
311.002
310.991
310.99
310.971
310.968
310.983
310.954
310.95
310.956
310.954
310.949
310.942
310.934
310.933
310.928
310.943
310.947
310.949
310.948
310.955
310.979
310.98
310.988
310.998
310.999
311.022
311.044
311.042
311.067
311.089
311.116
311.124
311.131
311.121
311.142
311.161
311.179
311.179
311.188
311.2
311.199
311.215
311.225
311.243
311.26
311.271
311.289
311.306
311.31
311.339
311.338
311.355
311.369
311.381
311.414
311.427
311.43
311.444
311.47
311.491
311.515
311.535
311.548
311.56
311.567
311.583
311.586
311.604
311.604
311.612
311.627
311.632
311.656
311.671
311.698
311.714
311.737
311.772
311.799
311.813
311.826
311.84
311.863
311.867
311.875
311.877
311.897
311.901
311.921
311.936
311.945
311.957
311.965
311.969
311.984
311.992
311.983
311.981
311.987
311.986
311.987
311.987
312.01
312.014
312.036
312.027
312.037
312.032
312.033
312.028
312.01
312.022
312.034
312.044
312.033
312.053
312.057
312.059
312.072
312.082
312.086
312.091
312.083
312.074
312.084
312.072
312.05
312.051
312.058
312.051
312.039
312.043
312.022
312.021
312.01
312.001
311.971
311.972
311.974
311.991
311.992
311.984
311.983
312.006
311.998
311.988
312.001
311.975
311.966
311.976
311.966
311.966
311.961
311.933
311.936
311.931
311.922
311.914
311.911
311.925
311.931
311.926
311.927
311.918
311.939
311.914
311.905
311.926
311.918
311.926
311.943
311.956
311.955
311.983
311.969
311.961
311.975
311.971
311.961
311.967
311.949
311.958
311.972
311.968
311.977
311.99
311.979
311.99
312.007
312.003
312.018
312.049
312.027
312.034
312.048
312.047
312.058
312.077
312.083
312.09
312.108
312.125
312.12
312.135
312.127
312.134
312.156
312.157
312.18
312.205
312.196
312.201
312.203
312.184
312.2
312.196
312.168
312.178
312.179
312.178
312.183
312.191
312.175
312.169
312.183
312.197
312.194
312.214
312.211
312.198
312.204
312.214
312.23
312.238
312.23
312.241
312.24
312.224
312.21
312.206
312.221
312.232
312.245
312.214
312.228
312.226
312.219
312.207
312.194
312.198
312.189
312.193
312.182
312.183
312.191
312.181
312.171
312.17
312.165
312.134
312.143
312.117
312.106
312.128
312.106
312.084
312.113
312.086
312.083
312.061
312.035
312.032
312.023
312.012
312.016
312.025
312.032
312.005
311.99
311.962
311.935
311.944
311.934
311.912
311.916
311.906
311.887
311.891
311.873
311.872
311.891
311.877
311.86
311.871
311.879
311.87
311.849
311.828
311.808
311.804
311.801
311.804
311.789
311.789
311.779
311.77
311.765
311.753
311.749
311.756
311.771
311.755
311.759
311.775
311.772
311.771
311.768
311.781
311.781
311.805
311.809
311.81
311.798
311.799
311.775
311.79
311.784
311.797
311.807
311.822
311.816
311.826
311.818
311.82
311.839
311.842
311.844
311.84
311.833
311.854
311.834
311.862
311.869
311.892
311.892
311.908
311.901
311.918
311.93
311.936
311.944
311.931
311.952
311.988
311.99
312.006
311.988
311.99
311.999
312.005
312.025
312.036
312.049
312.064
312.046
312.03
312.022
312.018
312.006
312.03
312.05
312.063
312.052
312.067
312.077
312.079
312.088
312.091
312.089
312.098
312.084
312.091
312.082
312.077
312.079
312.084
312.082
312.105
312.092
312.08
312.082
312.065
312.039
312.043
312.018
312.014
312.023
312.029
312.028
312.025
312.015
312.016
312.003
312.003
312.02
311.992
311.977
311.961
311.925
311.929
311.915
311.934
311.928
311.928
311.941
311.95
311.934
311.921
311.91
311.892
311.897
311.891
311.893
311.893
311.89
311.89
311.876
311.876
311.874
311.873
311.897
311.901
311.901
311.892
311.864
311.86
311.845
311.851
311.879
311.89
311.88
311.86
311.857
311.872
311.871
311.892
311.886
311.886
311.886
311.882
311.872
311.864
311.872
311.877
311.906
311.953
311.933
311.952
311.958
311.959
311.955
311.953
311.943
311.966
311.976
311.988
311.992
311.995
312.006
312.023
312.029
312.049
312.061
312.054
312.074
312.076
312.054
312.046
312.034
312.074
312.1
312.112
312.118
312.139
312.148
312.144
312.156
312.187
312.203
312.214
312.211
312.2
312.18
312.177
312.148
312.167
312.165
312.17
312.178
312.186
312.194
312.198
312.196
312.217
312.204
312.199
312.221
312.204
312.221
312.248
312.221
312.228
312.24
312.226
312.244
312.255
312.228
312.227
312.208
312.195
312.188
312.174
312.153
312.147
312.142
312.142
312.12
312.141
312.138
312.117
312.14
312.137
312.124
312.12
312.113
312.094
312.104
312.093
312.055
312.081
312.065
312.057
312.077
312.061
312.056
312.054
312.022
312.033
312.019
311.989
311.967
311.958
311.949
311.956
311.95
311.95
311.951
311.962
311.947
311.919
311.925
311.91
311.893
311.915
311.896
311.889
311.896
311.873
311.857
311.884
311.869
311.869
311.887
311.9
311.891
311.89
311.905
311.872
311.862
311.859
311.846
311.845
311.85
311.838
311.859
311.866
311.873
311.889
311.887
311.864
311.848
311.845
311.851
311.872
311.869
311.857
311.849
311.839
311.863
311.873
311.869
311.875
311.878
311.875
311.875
311.893
311.896
311.913
311.902
311.895
311.895
311.892
311.866
311.855
311.855
311.861
311.869
311.875
311.886
311.876
311.879
311.882
311.884
311.915
311.915
311.909
311.918
311.924
311.918
311.926
311.909
311.882
311.892
311.88
311.842
311.84
311.827
311.843
311.838
311.838
311.848
311.839
311.835
311.852
311.869
311.863
311.85
311.831
311.814
311.809
311.78
311.766
311.771
311.797
311.786
311.783
311.794
311.802
311.805
311.811
311.802
311.808
311.787
311.76
311.742
311.733
311.723
311.683
311.679
311.687
311.678
311.678
311.689
311.69
311.689
311.681
311.682
311.676
311.662
311.669
311.673
311.685
311.664
311.666
311.662
311.634
311.637
311.606
311.584
311.575
311.563
311.569
311.56
311.547
311.552
311.554
311.556
311.543
311.538
311.533
311.511
311.518
311.507
311.492
311.48
311.495
311.495
311.477
311.469
311.469
311.465
311.449
311.436
311.417
311.428
311.432
311.429
311.412
311.419
311.439
311.431
311.442
311.454
311.453
311.453
311.467
311.466
311.471
311.478
311.484
311.465
311.481
311.482
311.474
311.482
311.475
311.449
311.454
311.47
311.481
311.491
311.489
311.477
311.454
311.463
311.481
311.467
311.481
311.457
311.443
311.465
311.463
311.47
311.463
311.452
311.445
311.453
311.46
311.469
311.463
311.472
311.475
311.477
311.47
311.473
311.5
311.489
311.486
311.491
311.488
311.476
311.49
311.497
311.483
311.48
311.487
311.476
311.471
311.477
311.482
311.458
311.481
311.496
311.496
311.492
311.492
311.49
311.483
311.492
311.502
311.496
311.496
311.495
311.48
311.468
311.468
311.447
311.447
311.469
311.474
311.465
311.472
311.453
311.472
311.465
311.457
311.453
311.447
311.456
311.456
311.431
311.441
311.441
311.442
311.473
311.458
311.463
311.458
311.447
311.429
311.42
311.409
311.404
311.408
311.414
311.414
311.42
311.423
311.422
311.415
311.407
311.417
311.408
311.411
311.415
311.41
311.399
311.39
311.369
311.373
311.383
311.373
311.384
311.378
311.385
311.382
311.395
311.406
311.411
311.403
311.424
311.431
311.429
311.395
311.392
311.385
311.381
311.386
311.393
311.398
311.396
311.394
311.411
311.419
311.429
311.426
311.434
311.451
311.456
311.465
311.462
311.464
311.459
311.447
311.457
311.456
311.449
311.446
311.475
311.478
311.48
311.488
311.486
311.478
311.483
311.468
311.478
311.481
311.489
311.489
311.492
311.478
311.478
311.486
311.49
311.485
311.497
311.493
311.495
311.504
311.503
311.501
311.497
311.481
311.476
311.477
311.475
311.473
311.48
311.471
311.476
311.469
311.476
311.46
311.456
311.461
311.454
311.453
311.454
311.45
311.458
311.46
311.459
311.464
311.464
311.46
311.455
311.458
311.459
311.461
311.465
311.467
311.451
311.466
311.457
311.438
311.435
311.431
311.445
311.446
311.449
311.457
311.465
311.463
311.468
311.467
311.464
311.468
311.481
311.474
311.47
311.463
311.475
311.462
311.466
311.473
311.465
311.459
311.462
311.469
311.459
311.464
311.47
311.474
311.478
311.465
311.452
311.465
311.464
311.472
311.481
311.486
311.48
311.486
311.474
311.461
311.473
311.478
311.472
311.476
311.479
311.482
311.462
311.477
311.477
311.479
311.459
311.458
311.468
311.47
311.467
311.473
311.468
311.471
311.457
311.457
311.458
311.456
311.451
311.45
311.462
311.441
311.444
311.454
311.451
311.447
288.698
311.447
311.449
311.841
311.449
311.466
311.46
311.464
311.467
311.461
311.462
311.456
311.451
311.446
311.451
311.447
311.452
311.456
311.841
311.458
311.46
311.449
311.452
311.449
311.833
311.446
311.441
311.44
311.456
311.452
311.439
311.452
311.46
311.45
311.455
311.461
311.452
311.444
311.451
311.46
311.862
311.456
311.45
311.46
311.865
311.469
311.475
311.847
311.442
311.441
311.458
311.453
311.452
311.463
311.459
311.464
311.462
311.452
311.474
311.482
311.479
311.472
311.478
311.485
311.462
311.441
311.449
311.461
311.459
311.474
288.832
311.465
311.475
311.868
311.476
311.471
311.862
311.462
311.468
311.458
311.449
311.448
311.446
311.461
311.465
311.467
311.459
311.463
311.461
311.456
311.445
311.455
311.449
311.44
311.445
311.446
311.424
311.435
311.444
311.448
311.437
311.429
311.431
311.415
311.419
311.43
311.464
311.441
311.431
311.441
311.442
311.442
311.45
311.431
311.43
311.443
311.457
311.464
311.444
311.441
311.449
311.462
311.452
311.45
311.449
311.437
311.449
311.456
311.454
311.438
311.434
311.445
311.456
311.464
311.464
311.46
311.465
311.459
311.844
311.455
311.84
311.858
311.454
311.842
311.45
311.456
311.442
311.451
311.448
311.825
311.43
311.447
311.46
311.452
311.448
311.452
311.449
311.453
311.461
311.463
311.464
311.46
311.838
311.443
311.437
311.44
311.449
311.455
311.449
311.447
311.458
311.451
311.449
311.447
311.449
311.455
311.451
311.43
311.437
311.439
311.432
311.441
311.438
311.433
311.432
311.459
311.442
311.437
311.443
311.441
311.424
311.438
311.836
311.445
311.833
311.438
311.842
311.446
311.43
311.822
311.448
311.838
311.443
311.454
311.461
311.453
311.428
311.431
311.447
311.448
311.435
311.433
311.841
311.462
311.846
311.443
311.449
311.443
311.434
311.435
311.448
311.447
311.444
311.45
311.458
311.448
311.44
311.446
311.85
311.458
311.446
311.444
311.824
311.432
311.45
311.847
311.448
311.819
311.437
311.441
311.81
311.431
311.444
311.445
311.442
311.439
311.441
311.429
311.436
311.433
311.436
311.819
311.829
311.442
311.832
311.839
311.451
311.446
311.449
311.438
311.425
311.822
311.447
311.448
311.437
311.44
311.435
311.452
311.444
311.437
311.447
311.437
311.449
311.443
311.456
311.457
311.456
311.44
311.445
311.435
311.445
311.434
311.437
311.431
311.827
311.433
311.438
311.434
311.445
311.435
311.43
311.438
311.449
311.445
311.443
311.442
311.449
311.448
311.44
311.443
311.447
311.455
311.447
311.456
311.448
311.446
311.435
311.438
311.445
311.437
311.428
311.433
311.448
311.443
311.44
311.447
311.445
311.443
311.46
311.458
311.462
311.453
311.448
311.458
311.455
311.451
311.446
311.424
311.428
311.437
311.459
311.449
311.434
311.44
311.448
311.447
311.441
311.438
311.449
311.437
311.424
311.422
311.426
311.422
311.42
311.435
311.447
311.446
311.452
311.46
311.446
311.441
311.43
311.451
311.443
311.435
311.431
311.429
311.428
311.442
311.45
311.44
311.433
311.428
311.435
311.441
311.448
311.451
311.448
311.455
311.455
311.458
311.454
311.436
311.425
311.445
311.441
311.44
311.437
311.454
311.469
311.453
311.44
311.438
311.444
311.448
311.455
311.448
311.442
311.442
311.444
311.453
311.445
311.444
311.453
311.45
311.448
311.437
311.434
311.446
311.453
311.438
311.447
311.446
311.452
311.451
311.459
311.47
311.445
311.437
311.437
311.432
311.428
311.449
311.437
311.435
311.441
311.449
311.443
311.44
311.439
311.435
311.438
311.445
311.441
311.436
311.433
311.44
311.431
311.431
311.442
311.441
311.432
311.436
311.446
311.459
311.447
311.432
311.438
311.44
311.441
311.448
311.439
311.441
311.435
311.426
311.435
311.446
311.443
311.453
311.461
311.452
311.437
311.443
311.446
311.442
311.449
311.442
311.448
311.454
311.451
311.441
311.446
311.432
311.419
311.427
311.434
311.431
311.436
311.433
311.441
311.437
311.426
311.438
311.433
311.43
311.431
311.438
311.436
311.433
311.439
311.421
311.415
311.427
311.436
311.441
311.446
311.434
311.429
311.421
311.415
311.419
311.416
311.423
311.426
311.429
311.439
311.439
311.439
311.438
311.434
311.447
311.434
311.441
311.441
311.427
311.431
311.428
311.432
311.44
311.442
311.449
311.444
311.454
311.463
311.451
311.45
311.452
311.459
311.458
311.433
311.435
311.426
311.437
311.444
311.436
311.444
311.44
311.449
311.449
311.422
311.435
311.446
311.448
311.456
311.46
311.445
311.441
311.43
311.429
311.434
311.422
311.411
311.418
311.424
311.418
311.414
311.417
311.436
311.44
311.45
311.448
311.447
311.445
311.444
311.444
311.448
311.442
311.44
311.433
311.429
311.432
311.417
311.423
311.42
311.431
311.436
311.433
311.439
311.431
311.406
311.414
311.412
311.415
311.411
311.422
311.421
311.426
311.431
311.433
311.428
311.437
311.429
311.439
311.445
311.428
311.427
311.435
311.434
311.424
311.436
311.448
311.435
311.447
311.444
311.434
311.432
311.438
311.446
311.449
