0
0
0
0
0
0
0
0
0
0
-18.9086
-18.9047
-18.9269
-18.9156
-18.8909
-18.8905
-18.9102
-18.9159
-18.9181
-18.9163
-18.9282
-18.9289
-18.9098
-18.8903
-18.9237
-18.8999
-18.9175
-18.9028
-18.9027
-18.9104
-18.9195
-18.9211
-18.9148
-18.9295
-18.9245
-18.9228
-18.9367
-18.9144
-18.9001
-18.8929
-18.8917
-18.9029
-18.9114
-18.8966
-18.9121
-18.9169
-18.9308
-18.9351
-18.9247
-18.9568
-18.9797
-18.975
-18.946
-18.9308
-18.9366
-18.9031
-18.8933
-18.8983
-18.9181
-18.9162
-18.9105
-18.898
-18.8941
-18.8968
-18.9113
-18.9194
-18.9277
-18.9073
-18.8911
-18.8889
-18.8869
-18.8947
-18.893
-18.9025
-18.8956
-18.9054
-18.8936
-18.8909
-18.8815
-18.9101
-18.9274
-18.9208
-18.9022
-18.9106
-18.9324
-18.9255
-18.9343
-18.9649
-18.9521
-18.9469
-18.9176
-18.9085
-18.8894
-18.9346
-18.9279
-18.9421
-18.9432
-18.9542
-18.9426
-18.9365
-18.9175
-18.9114
-18.9143
-18.9232
-18.9342
-18.9139
-18.9132
-18.9075
-18.8729
-18.8736
-18.8606
-18.8954
-18.8606
-18.8724
-18.863
-18.8605
-18.8563
-18.8624
-18.8577
-18.8691
-18.8833
-18.8916
-18.9315
-18.9366
-18.9476
-18.9201
-18.9368
-18.9719
-19.0086
-19.015
-19.0275
-19.0372
-19.0143
-19.016
-19.0423
-19.0404
-19.0119
-18.9803
-18.9673
-18.9649
-18.9449
-18.9008
-18.9019
-18.9072
-18.8959
-18.9032
-18.8998
-18.9056
-18.8777
-18.8906
-18.8841
-18.8508
-18.8648
-18.889
-18.8692
-18.8869
-18.8991
-18.9145
-18.9161
-18.9115
-18.9115
-18.9323
-18.9315
-18.9533
-18.9788
-18.9746
-18.9804
-18.9893
-18.9625
-18.9842
-18.9603
-18.9752
-18.951
-18.9787
-18.969
-18.9835
-19.0021
-18.9888
-18.9917
-18.9624
-18.9746
-18.9643
-18.9409
-18.9403
-18.9233
-18.9168
-18.919
-18.8954
-18.8961
-18.8849
-18.9212
-18.9131
-18.9291
-18.9279
-18.9229
-18.9164
-18.9389
-18.9468
-18.9491
-18.9464
-18.9454
-18.9526
-18.9747
-18.9984
-18.9993
-19.012
-19.0257
-19.0253
-19.0308
-19.0378
-19.0225
-19.0089
-19.0253
-19.0312
-19.0083
-19.0062
-18.9885
-18.9999
-18.9923
-18.9895
-18.9725
-18.9746
-18.9883
-18.987
-18.9631
-18.9741
-18.9815
-18.9478
-18.9389
-18.9426
-18.9597
-18.9464
-18.9261
-18.9159
-18.9211
-18.9317
-18.9321
-18.9484
-18.9524
-18.9475
-18.9708
-19.0098
-18.9883
-18.9794
-18.9924
-19.0181
-19.0217
-19.0276
-19.0314
-19.0214
-19.0181
-19.018
-19.0089
-19.0122
-19.0123
-19.011
-19.0107
-19.0016
-19.0072
-18.9816
-18.9979
-19.0166
-18.9913
-18.9991
-18.9753
-18.9246
-18.8972
-18.8599
-18.8537
-18.8433
-18.823
-18.8176
-18.7712
-18.7652
-18.7488
-18.7474
-18.762
-18.7351
-18.7652
-18.8037
-18.8194
-18.8383
-18.8392
-18.8357
-18.8743
-18.9369
-18.9636
-18.9728
-19.0034
-19.0433
-19.0501
-19.0649
-19.0909
-19.1069
-19.1221
-19.1624
-19.162
-19.1377
-19.1402
-19.1294
-19.102
-19.0903
-19.0816
-19.0645
-19.0743
-19.055
-19.0514
-19.0312
-19.0316
-19.0057
-18.963
-18.9161
-18.9014
-18.8813
-18.8569
-18.8307
-18.7566
-18.7433
-18.7528
-18.7323
-18.722
-18.7103
-18.7427
-18.7443
-18.7449
-18.7519
-18.7574
-18.7901
-18.8318
-18.8464
-18.8935
-18.9465
-18.9965
-18.9921
-19.0145
-19.0247
-19.0454
-19.092
-19.1068
-19.1224
-19.0997
-19.0991
-19.084
-19.041
-19.0054
-18.9595
-18.9263
-18.902
-18.8523
-18.781
-18.755
-18.7187
-18.6799
-18.6935
-18.6945
-18.696
-18.6971
-18.7186
-18.7434
-18.7545
-18.7675
-18.7877
-18.8246
-18.8645
-18.9229
-18.9932
-19.0224
-19.0399
-19.0754
-19.0935
-19.1204
-19.139
-19.1504
-19.1765
-19.1605
-19.1669
-19.1703
-19.1409
-19.1419
-19.1069
-19.1163
-19.1014
-19.0627
-19.033
-18.9965
-18.9955
-18.9585
-18.9451
-18.9408
-18.9341
-18.9216
-18.9397
-18.9122
-18.8621
-18.8668
-18.8456
-18.8317
-18.7974
-18.7738
-18.7212
-18.6572
-18.6024
-18.549
-18.5205
-18.4744
-18.4371
-18.4226
-18.3906
-18.4063
-18.4445
-18.4566
-18.5117
-18.5417
-18.6082
-18.6635
-18.7346
-18.8093
-18.8473
-18.9031
-18.9484
-18.9912
-19.0815
-19.1037
-19.1278
-19.1367
-19.1192
-19.0962
-19.1085
-19.1012
-19.0339
-19.0313
-19.0211
-19.0135
-18.9973
-18.9857
-18.9766
-18.9574
-18.9309
-18.9152
-18.896
-18.9103
-18.9015
-18.8775
-18.8618
-18.8097
-18.79
-18.7298
-18.6778
-18.5961
-18.5047
-18.3838
-18.3649
-18.2985
-18.2593
-18.2395
-18.2402
-18.259
-18.2953
-18.3083
-18.3749
-18.4668
-18.6234
-18.7104
-18.8261
-18.9112
-18.9573
-19.0241
-19.0638
-19.1472
-19.1965
-19.2113
-19.2147
-19.1841
-19.1617
-19.1366
-19.1125
-19.0907
-19.0731
-19.058
-19.0312
-19.0241
-19.0249
-19.0547
-19.0532
-19.0636
-19.0578
-19.0453
-19.0095
-18.9585
-18.8852
-18.8284
-18.7604
-18.6739
-18.5765
-18.5167
-18.4153
-18.3357
-18.2278
-18.1728
-18.1363
-18.1165
-18.1255
-18.1387
-18.176
-18.2315
-18.2826
-18.3425
-18.3909
-18.4449
-18.5518
-18.6305
-18.7025
-18.7417
-18.8004
-18.8308
-18.8465
-18.838
-18.877
-18.9047
-18.9358
-18.916
-18.9301
-18.9484
-18.9906
-19.0169
-19.0327
-19.0385
-19.0348
-19.0399
-19.0615
-19.0735
-19.0371
-19.0174
-18.9766
-18.8952
-18.8237
-18.7336
-18.6655
-18.5782
-18.4639
-18.3904
-18.3246
-18.2906
-18.2386
-18.2299
-18.2411
-18.2541
-18.2913
-18.3452
-18.3602
-18.4085
-18.4474
-18.5232
-18.5642
-18.5908
-18.6126
-18.6182
-18.6451
-18.6676
-18.6894
-18.673
-18.6761
-18.7044
-18.7126
-18.7532
-18.7686
-18.819
-18.6597
-18.987
-19.0345
-18.8084
-19.1116
-19.1416
-19.1571
-19.1689
-19.1545
-19.127
-19.091
-19.0403
-18.928
-18.8368
-18.7059
-18.639
-18.532
-18.477
-18.3774
-18.3231
-18.2298
-17.8367
-18.084
-18.0738
-18.0842
-18.0748
-18.1209
-18.1872
-18.2139
-18.2301
-18.2522
-18.2587
-18.2617
-18.2711
-18.3109
-18.302
-18.3019
-18.324
-18.3427
-18.3667
-18.3778
-18.3707
-18.4482
-18.4682
-18.513
-18.5545
-18.6499
-18.7662
-18.8576
-18.9142
-18.9364
-18.9601
-19.0005
-19.0697
-19.0896
-19.0826
-19.0552
-19.033
-18.9986
-18.9261
-18.7863
-18.693
-18.6012
-18.5113
-18.4454
-18.3977
-18.37
-18.3108
-18.2867
-18.2753
-18.2662
-18.2577
-18.2757
-18.2867
-18.3149
-18.3274
-18.3512
-18.3332
-18.3491
-18.3575
-18.3264
-18.2754
-18.2676
-18.2556
-18.2475
-18.2405
-18.2301
-18.2438
-18.2516
-18.2336
-18.3012
-18.328
-18.3814
-18.4287
-18.4781
-18.5319
-18.6167
-18.6732
-18.7597
-18.7817
-18.7968
-18.8355
-18.8999
-18.6742
-18.9122
-18.9392
-18.9406
-18.9398
-18.9258
-18.9043
-18.8678
-18.7979
-18.7637
-18.6987
-18.6358
-18.5923
-18.5386
-18.4791
-18.3887
-18.3068
-18.2885
-18.2352
-18.2475
-18.1847
-18.1609
-18.0872
-18.0838
-17.8536
-18.1117
-18.0767
-18.067
-18.0379
-18.0464
-18.0657
-18.0745
-17.8209
-18.1076
-18.1442
-18.1803
-18.1812
-18.1998
-18.2164
-18.2569
-18.2687
-18.301
-18.3591
-18.4353
-18.4632
-18.4685
-18.4988
-18.5296
-18.5554
-18.3578
-18.6631
-18.693
-18.707
-18.7131
-18.728
-18.7426
-18.7069
-18.6785
-18.6724
-18.6588
-18.6339
-18.6208
-18.594
-18.548
-18.5188
-18.4877
-18.4482
-18.4166
-18.4118
-18.4021
-18.3731
-18.3707
-18.354
-18.3507
-18.336
-18.3238
-18.2924
-18.2612
-18.2284
-18.2208
-18.2145
-18.1998
-18.1644
-18.1282
-18.1282
-18.1134
-18.1234
-18.109
-18.0977
-18.0957
-18.0935
-18.0996
-18.1218
-18.1181
-18.1278
-18.1479
-18.1825
-18.204
-18.2134
-18.2566
-18.2877
-18.3231
-18.3243
-18.3422
-18.3254
-18.3544
-18.3651
-18.3861
-18.4023
-18.3923
-18.4294
-18.4269
-18.458
-18.4762
-18.4811
-18.4919
-18.5089
-18.4834
-18.4765
-18.5125
-18.5343
-18.5463
-18.5384
-18.5351
-18.5051
-18.5041
-18.4898
-18.4584
-18.4324
-18.4079
-18.3825
-18.3439
-18.3275
-18.3179
-18.3194
-18.3117
-18.2899
-18.276
-18.2906
-18.2382
-18.2046
-18.1917
-18.179
-18.166
-18.1481
-18.1418
-18.1073
-18.097
-18.0956
-18.0877
-18.0968
-18.1048
-18.1325
-18.1786
-18.2286
-18.2741
-18.2768
-18.2957
-18.288
-18.2977
-18.3184
-18.3659
-18.3735
-18.3808
-18.3703
-18.3782
-18.3973
-18.4322
-18.4447
-18.4395
-18.4456
-18.4652
-18.4729
-18.4705
-18.4687
-18.4801
-18.493
-18.5021
-18.4774
-18.4545
-18.468
-18.4458
-18.4561
-18.4627
-18.4588
-18.434
-18.4149
-16.4436
-18.3688
-18.3639
-18.2981
-18.2722
-18.2045
-18.2125
-18.1874
-18.1571
-18.1527
-18.1468
-18.1423
-18.1446
-18.1503
-18.1518
-17.8599
-18.1497
-18.1531
-18.1622
-18.1681
-18.1603
-18.1643
-18.182
-18.1813
-18.1929
-18.1898
-18.1827
-18.2437
-18.2997
-18.3036
-18.3185
-18.3526
-18.3615
-18.3774
-18.4167
-18.4292
-18.4292
-18.4378
-18.4487
-18.4703
-18.4939
-18.5041
-18.5171
-18.5197
-18.4994
-18.492
-18.5143
-18.5049
-18.4931
-18.4875
-18.4748
-18.4436
-18.4472
-18.4283
-18.3775
-18.3566
-18.3293
-18.2896
-18.2799
-18.2436
-17.963
-18.199
-18.1985
-18.1666
-18.1571
-18.1439
-18.109
-18.1033
-18.0839
-18.0834
-18.0773
-18.0747
-18.087
-18.0825
-18.0582
-18.0823
-17.8186
-18.1107
-18.1297
-18.1477
-17.9213
-17.9822
-18.2823
-18.0515
-18.3346
-18.3404
-18.3399
-18.3582
-18.3769
-18.3935
-18.1501
-18.435
-18.4506
-18.4619
-18.4585
-18.4951
-18.496
-18.5135
-18.4975
-18.4957
-18.4992
-18.4668
-18.2005
-18.4692
-18.474
-18.4192
-18.4148
-18.399
-18.3781
-18.3831
-18.3569
-18.3243
-18.006
-18.2742
-17.9921
-18.2808
-17.9722
-18.212
-18.1831
-18.1743
-17.8936
-18.1658
-18.148
-17.8718
-18.1555
-18.1591
-18.1583
-18.1497
-18.1897
-17.9188
-18.1921
-18.202
-18.2222
-18.226
-18.2353
-18.2629
-18.2691
-18.3058
-18.0232
-18.3317
-18.1211
-18.3944
-18.3754
-18.3956
-18.4134
-18.4351
-18.44
-18.4111
-18.3971
-18.1625
-18.4208
-18.4222
-18.4445
-18.431
-18.4285
-18.4052
-18.4033
-18.3782
-18.348
-18.3428
-18.3291
-18.342
-18.345
-18.335
-18.3108
-18.2983
-18.2661
-18.253
-18.2417
-18.2344
-18.2018
-18.1776
-18.1918
-18.2105
-18.2249
-18.2099
-18.2052
-18.1908
-18.2147
-18.2302
-18.2544
-18.2409
-18.2411
-18.258
-18.2448
-18.2631
-18.2676
-18.3224
-18.324
-18.3464
-18.3259
-18.3374
-18.3415
-18.3551
-18.3645
-18.375
-18.3748
-18.3545
-18.3549
-18.3469
-18.3605
-18.3392
-18.3602
-18.3809
-18.3598
-18.364
-18.3693
-18.3282
-18.3183
-18.3406
-18.3204
-18.3054
-18.2981
-18.3097
-18.3018
-18.3169
-18.3021
-18.2917
-18.269
-18.2507
-18.2323
-18.2272
-18.2342
-18.2364
-18.2421
-18.2339
-18.2238
-18.2139
-18.2236
-18.2312
-18.2236
-18.2405
-18.2451
-18.2914
-18.2947
-18.3188
-18.3262
-18.3357
-18.3345
-18.355
-18.3494
-18.3521
-18.3633
-18.3821
-18.3857
-18.3992
-18.4
-18.3911
-18.3829
-18.3826
-18.3787
-18.3914
-18.3523
-18.3467
-18.3461
-18.3482
-18.3479
-18.3264
-18.3413
-18.3018
-18.3014
-18.281
-18.2606
-18.2694
-18.2794
-18.2593
-18.2436
-18.2445
-18.2331
-18.2577
-18.2629
-18.2647
-18.2528
-18.2556
-18.2582
-18.2651
-18.2779
-18.2905
-18.3093
-18.3308
-18.3027
-18.3173
-18.2957
-18.293
-18.2894
-18.311
-18.3128
-18.3315
-18.3304
-18.3556
-18.3513
-18.3406
-18.3518
-18.3225
-18.3372
-18.3418
-18.3524
-18.3116
-18.3052
-18.3316
-18.3198
-18.3422
-18.3486
-18.3597
-18.3184
-18.3189
-18.3125
-18.3322
-18.3369
-18.3293
-18.3191
-18.3109
-18.314
-18.3203
-18.3137
-18.2903
-18.265
-18.2776
-18.2718
-18.2864
-18.2894
-18.2942
-18.3044
-18.3271
-18.2895
-18.2882
-18.2781
-18.2425
-18.2382
-18.2284
-18.2516
-18.2647
-18.0231
-18.3015
-18.2776
-18.2845
-18.0103
-18.2903
-18.3279
-18.3571
-18.3836
-18.3742
-18.3713
-18.3092
-18.3061
-18.3047
-18.3011
-18.3196
-18.33
-18.3175
-18.2705
-18.3021
-18.2669
-18.0291
-18.3025
-18.2831
-18.2949
-18.2884
-18.258
-18.2578
-18.2443
-18.27
-18.2634
-18.2422
-18.2284
-18.2497
-18.2666
-18.271
-18.285
-18.2869
-18.2826
-18.0134
-18.2959
-18.324
-18.3453
-18.3676
-18.384
-18.3929
-18.3729
-18.3622
-18.371
-18.3712
-18.3528
-18.3545
-18.3516
-18.3432
-18.3172
-18.3251
-18.3006
-18.281
-18.0192
-18.3178
-18.2981
-18.2973
-18.2763
-18.3104
-18.3185
-18.2859
-18.2923
-18.2929
-18.299
-18.2798
-18.2731
-18.2635
-18.2569
-18.259
-18.251
-18.2633
-18.2356
-18.2397
-18.2135
-18.2296
-18.2619
-18.2415
-18.2651
-18.2717
-18.2813
-18.2808
-18.2997
-18.0099
-18.279
-18.3026
-18.0355
-18.3285
-18.338
-18.3194
-18.3307
-18.0836
-18.3255
-18.3385
-18.3358
-18.3023
-18.2915
-18.2908
-18.2786
-18.2704
-18.2616
-18.2485
-18.2754
-17.9983
-18.2891
-18.0484
-18.3559
-18.3713
-18.3745
-18.1096
-18.3655
-18.0955
-18.0902
-18.3479
-18.3569
-18.3291
-18.3145
-18.3113
-18.2983
-18.3096
-18.0452
-18.3346
-18.3255
-18.3285
-18.3321
-18.326
-18.3398
-18.3411
-18.3067
-18.3062
-18.2809
-18.2726
-17.9891
-18.2627
-18.2616
-18.2406
-18.211
-17.9399
-18.1939
-18.2058
-18.2202
-18.2428
-18.2601
-18.2696
-18.2494
-18.2443
-18.2447
-18.221
-17.9518
-18.2462
-18.2664
-18.2877
-18.3193
-18.3301
-18.3382
-18.3477
-18.3388
-18.3324
-18.3361
-18.3396
-18.3076
-18.3044
-18.3087
-18.316
-18.2731
-18.3001
-18.3026
-18.2888
-18.2843
-18.3028
-18.0399
-18.3354
-18.3633
-18.3522
-18.3464
-18.3283
-18.0325
-18.3219
-18.2914
-18.2637
-18.2534
-18.2519
-18.2802
-18.2688
-18.2612
-18.2607
-18.2627
-18.2506
-18.2359
-18.2523
-18.2263
-18.2645
-18.2667
-18.2331
-18.2411
-18.2291
-18.2289
-18.1938
-18.1954
-18.224
-18.2127
-18.2199
-18.2163
-18.2331
-18.2115
-18.2681
-18.2617
-17.9963
-18.2423
-18.2205
-18.2307
-18.22
-18.2069
-18.2139
-18.2088
-18.2187
-18.2089
-18.2443
-18.2344
-18.2212
-18.2298
-18.2259
-18.2428
-18.2618
-18.2614
-18.2444
-18.2419
-17.9986
-18.2745
-18.2811
-18.2841
-18.3082
-18.3163
-18.3161
-18.2981
-18.3119
-18.3052
-18.2873
-18.0275
-18.302
-18.2929
-18.2786
-18.2682
-18.275
-18.2704
-18.2521
-18.2577
-18.2532
-18.246
-18.2451
-18.2188
-18.2232
-17.9506
-18.1969
-18.225
-18.1967
-18.1878
-18.1908
-18.1697
-18.1631
-18.147
-18.1447
-18.1671
-18.1795
-18.177
-18.1847
-18.1932
-18.1968
-18.2307
-18.0079
-18.2527
-18.2734
-18.2686
-18.2913
-18.2921
-18.2816
-18.2659
-18.27
-18.2656
-18.0083
-18.249
-18.239
-18.2166
-18.1857
-18.193
-18.2047
-18.189
-18.1899
-18.2083
-18.191
-18.1854
-18.2062
-18.2291
-18.2719
-18.2926
-18.316
-18.3448
-18.3388
-18.3309
-18.3339
-18.3218
-18.293
-18.2853
-18.2782
-18.2503
-18.2314
-18.2574
-18.2874
-18.2821
-18.2799
-18.2873
-18.2771
-18.2821
-18.301
-18.2663
-18.2802
-18.2868
-18.3071
-18.3303
-18.3297
-18.295
-18.2977
-18.2904
-18.285
-18.2701
-18.2589
-18.237
-18.2275
-18.2025
-18.1762
-18.1596
-18.1616
-18.1501
-18.1246
-18.1121
-18.121
-18.1377
-18.1296
-18.0994
-18.0926
-18.1049
-18.1092
-18.1097
-18.1298
-18.1713
-18.1982
-18.1929
-18.1683
-18.1953
-18.1793
-18.1846
-18.2209
-18.2272
-18.2162
-18.2064
-18.2269
-18.2857
-18.2837
-18.2986
-18.3435
-18.3525
-18.3536
-18.3778
-18.3792
-18.3984
-18.4235
-18.3868
-18.3648
-18.353
-18.3455
-18.3526
-18.3474
-18.3408
-18.3126
-18.3083
-18.2559
-18.2465
-18.2255
-18.2158
-18.1901
-18.1762
-17.891
-18.1228
-18.1004
-18.0894
-18.0713
-18.0734
-18.0648
-18.0703
-18.0899
-18.1025
-18.0701
-18.0742
-18.0825
-18.0998
-18.1334
-18.1424
-18.1212
-18.1682
-18.1904
-18.1659
-18.1468
-18.175
-18.1561
-17.9258
-18.1737
-18.1982
-18.2143
-18.2295
-18.2304
-18.2589
-18.0602
-18.3244
-18.3269
-18.3136
-18.3176
-18.3368
-18.344
-18.332
-18.3388
-18.1072
-18.3693
-18.3627
-18.3586
-18.3423
-18.3182
-18.3019
-18.2933
-18.2987
-18.3001
-18.2722
-18.288
-18.2616
-18.2265
-18.2386
-18.2221
-18.2089
-18.1494
-18.1439
-18.1346
-18.1149
-18.0917
-18.0532
-18.0392
-18.0189
-18.0366
-18.028
-18.004
-18.0299
-18.0217
-18.0466
-18.0592
-18.0895
-18.1169
-18.1437
-18.1863
-18.1954
-18.2428
-18.2611
-18.2588
-18.2642
-18.2743
-18.2762
-18.2978
-18.0396
-18.2939
-18.2912
-18.3181
-18.3477
-18.3374
-18.3696
-18.3677
-18.3881
-18.363
-18.3726
-18.3637
-18.3822
-18.3173
-18.3309
-18.3376
-18.3346
-18.3201
-18.3071
-18.2865
-18.2935
-18.2682
-18.2389
-18.237
-18.2099
-18.1827
-18.1723
-18.1789
-18.1031
-18.0935
-18.0459
-18.0056
-17.9892
-17.9737
-17.9705
-17.9904
-17.9994
-17.9879
-18.013
-18.0226
-18.0148
-17.7674
-18.0388
-18.0567
-17.8097
-18.1038
-18.1264
-18.1438
-18.1538
-18.1417
-18.1435
-18.1774
-17.9311
-17.9616
-18.2326
-18.2427
-18.0032
-18.2645
-18.2522
-18.2887
-18.2989
-18.3214
-18.3433
-18.3284
-18.3161
-18.0814
-18.345
-18.3474
-18.3777
-18.3639
-18.3703
-18.3402
-18.3221
-18.3052
-18.059
-18.289
-18.28
-18.0223
-18.2451
-18.1952
-18.1465
-18.1426
-18.1176
-18.0797
-18.0631
-18.0397
-18.0319
-18.0336
-18.0425
-18.0063
-18.0127
-18.0193
-18.0221
-18.042
-18.0368
-18.0511
-18.038
-18.0412
-18.0139
-18.036
-18.0346
-18.0549
-18.0339
-18.0561
-18.0714
-18.108
-18.1311
-18.1686
-18.1976
-18.1968
-18.2031
-18.2182
-18.2566
-18.2846
-18.3142
-18.3132
-18.2988
-18.3308
-18.3511
-18.3256
-18.311
-18.3081
-18.2845
-18.291
-18.2906
-18.2603
-18.2893
-18.3208
-18.302
-18.2978
-18.2873
-18.2891
-18.2515
-18.2117
-17.9413
-18.1942
-18.1945
-18.1818
-18.1576
-18.1394
-18.1606
-18.1721
-18.1375
-18.1194
-18.1084
-18.1029
-18.0683
-17.8368
-18.1127
-18.1034
-18.0869
-18.0546
-18.0258
-18.0239
-18.0369
-18.031
-18.0251
-18.0077
-18.0006
-18.0011
-18.0313
-18.0534
-18.0842
-18.1119
-18.1207
-18.1713
-18.1829
-18.2351
-18.2773
-18.2761
-18.2758
-18.2806
-18.2702
-18.2985
-18.3343
-18.3348
-18.3348
-18.3587
-18.3448
-18.3829
-18.3707
-18.3395
-18.322
-18.3308
-18.3069
-18.2602
-18.2666
-18.2736
-18.2571
-17.9898
-18.2455
-18.2324
-18.2335
-18.231
-18.1867
-18.1627
-18.1221
-18.1351
-18.1047
-18.1015
-18.0821
-18.0463
-17.7581
-18.0021
-17.9854
-17.7047
-17.9714
-17.9582
-17.9994
-18.0284
-18.0875
-18.0889
-18.0932
-18.1195
-18.1478
-18.1576
-18.1148
-18.1462
-18.1454
-18.1533
-18.1954
-18.227
-18.2574
-18.3067
-18.2986
-18.3216
-18.3408
-18.3824
-18.4023
-18.4266
-18.418
-18.4387
-18.4215
-18.4243
-18.4469
-18.441
-18.4409
-18.4584
-18.4385
-18.3998
-18.4129
-18.3952
-18.3558
-18.3071
-18.0286
-18.3024
-18.2704
-18.2613
-18.2444
-18.2141
-18.2068
-18.1804
-18.1641
-18.1363
-18.1191
-18.0957
-18.0779
-18.0839
-18.1165
-18.1192
-18.1245
-18.1472
-18.1638
-18.1823
-18.2037
-18.2028
-18.2288
-18.2557
-18.2515
-18.307
-18.2984
-18.2762
-18.0012
-18.2666
-18.275
-18.2881
-18.3169
-18.3342
-18.3731
-18.402
-18.4531
-18.4948
-18.5079
-18.5693
-18.601
-18.6259
-18.6543
-18.6699
-18.6662
-18.6856
-18.67
-18.6811
-18.6756
-18.666
-18.4035
-18.6758
-18.6546
-18.6677
-18.6785
-18.6677
-18.6786
-18.445
-18.6935
-18.68
-18.6504
-18.6543
-18.6564
-18.6793
-18.6776
-18.7019
-18.4948
-18.7362
-18.7241
-18.7134
-18.722
-18.7174
-18.7077
-18.7272
-18.7708
-18.769
-18.7344
-18.7489
-18.7404
-18.7513
-18.7923
-18.7933
-18.7982
-18.8017
-18.7997
-18.8158
-18.8349
-18.8322
-18.8581
-18.8819
-18.88
-18.9151
-18.939
-19.0008
-19.0527
-19.0821
-19.118
-19.143
-19.1798
-19.2264
-19.2567
-19.2833
-19.3113
-19.3522
-19.4208
-19.4531
-19.4759
-19.5023
-19.5286
-19.5697
-19.5932
-19.3799
-19.6905
-19.4841
-19.5292
-19.8108
-19.8367
-19.8975
-19.8917
-19.9013
-19.9214
-19.962
-20.0045
-20.0079
-20.0406
-20.0935
-20.0983
-20.1581
-20.1802
-20.2618
-20.265
-20.2939
-20.3069
-20.3558
-20.39
-20.4372
-20.4666
-20.508
-20.5298
-20.5498
-20.5837
-20.63
-20.6798
-20.6963
-20.7041
-20.7514
-20.799
-20.6275
-20.9537
-21.0232
-21.1017
-21.1719
-21.2347
-21.3044
-21.3755
-21.4745
-21.5451
-21.3705
-21.6973
-21.8044
-21.8987
-21.9798
-22.0482
-22.1199
-22.1941
-22.264
-22.3526
-22.4315
-22.5135
-22.6194
-22.6847
-22.7592
-22.8213
-22.9096
-23.0042
-23.0879
-23.1686
-23.2434
-23.3372
-23.444
-23.5449
-23.3903
-23.6931
-23.7799
-23.8911
-24.0076
-24.0924
-24.1907
-24.2791
-24.3664
-24.4929
-24.5994
-24.7103
-24.8314
-24.9492
-25.0488
-24.9264
-25.2981
-25.4793
-25.6599
-25.8269
-26.0138
-26.1988
-26.3559
-26.555
-26.5481
-27.021
-27.2536
-27.4477
-27.6252
-27.8195
-28.0279
-28.2408
-28.5051
-28.7306
-28.9449
-29.1594
-29.3672
-29.5551
-29.7079
-29.8914
-30.0782
-30.2206
-30.3749
-30.5404
-30.6129
-30.7578
-30.8928
-31.0308
-31.1676
-31.3051
-31.447
-31.5533
-31.661
-31.7924
-31.9342
-32.0616
-32.1845
-32.3382
-32.5508
-32.715
-32.9221
-33.1344
-33.3193
-33.5236
-33.7456
-33.9887
-34.2312
-34.4774
-34.7787
-35.0717
-35.3677
-35.639
-35.9608
-36.267
-36.5672
-36.6667
-37.1668
-37.4575
-37.7419
-38.0412
-38.3516
-38.6201
-38.9163
-39.1774
-39.491
-39.7886
-40.0856
-40.4169
-40.7326
-41.0606
-41.24
-41.7791
-42.1927
-42.6272
-42.9733
-43.3169
-43.6343
-43.9557
-44.291
-44.5977
-44.8814
-45.1718
-45.4475
-45.5534
-45.977
-46.147
-46.5486
-46.8077
-47.0798
-47.3599
-47.6334
-47.9227
-48.1904
-48.457
-48.7029
-48.969
-49.2863
-49.553
-49.8394
-50.1096
-50.3618
-50.6277
-50.9057
-51.0193
-51.4462
-51.6955
-51.9817
-52.2437
-52.5141
-52.7818
-53.0893
-53.3422
-53.6313
-53.9347
-54.2468
-54.5528
-54.8641
-55.2351
-55.5476
-55.9074
-56.2763
-56.6809
-57.0925
-57.4818
-57.8221
-58.2111
-58.5875
-58.8942
-59.2375
-59.6074
-59.9356
-60.2253
-60.5355
-60.7575
-61.1485
-61.4644
-61.8089
-62.1323
-62.4419
-62.7007
-62.9833
-63.2574
-63.5451
-63.8725
-64.2136
-64.5295
-64.8034
-65.061
-65.323
-65.58
-65.8354
-66.0879
-66.3466
-66.5969
-66.8596
-67.1099
-67.3873
-67.6543
-67.928
-68.1719
-68.4219
-68.6515
-68.9343
-69.1753
-69.4151
-69.6621
-69.8885
-70.1229
-70.3749
-70.6178
-70.8235
-71.0586
-71.2797
-71.5087
-71.7166
-71.9199
-72.1061
-72.3206
-72.5443
-72.7822
-73.0145
-73.3974
-73.6223
-73.8168
-74.0152
-74.2528
-74.4814
-74.7187
-74.9439
-75.1986
-75.475
-75.7051
-75.963
-76.2079
-76.4593
-76.6753
-76.9123
-77.1755
-77.4626
-77.7055
-77.9391
-78.1602
-78.4183
-78.6558
-78.9106
-79.1498
-79.347
-79.5805
-79.7858
-80.0183
-80.2313
-80.4645
-80.6852
-80.9098
-81.1131
-81.3219
-81.516
-81.7368
-81.963
-82.1694
-82.4032
-82.6006
-82.7876
-82.9857
-83.1916
-83.3938
-83.6047
-83.8076
-83.9974
-84.1841
-84.3769
-84.5645
-84.7822
-84.9838
-85.1795
-85.3762
-85.5542
-85.7227
-85.8984
-86.0551
-86.2108
-86.3729
-86.5209
-86.6955
-86.8578
-87.0295
-87.1891
-87.3475
-87.5024
-87.638
-87.7849
-87.9376
-88.0944
-88.2449
-88.379
-88.5209
-88.6354
-88.7402
-88.8464
-88.9584
-89.0721
-89.1847
-89.3064
-89.4031
-89.4763
-89.5668
-89.6662
-89.7516
-89.8301
-89.896
-89.981
-90.0676
-90.1598
-90.2258
-90.2639
-90.2976
-90.3611
-90.4171
-90.4914
-90.5324
-90.5676
-90.6011
-90.6364
-90.6899
-90.7459
-90.7769
-90.8259
-90.861
-90.9175
-90.9525
-90.9922
-91.043
-91.092
-91.1469
-91.1908
-91.2439
-91.2871
-91.3434
-91.3891
-91.4487
-91.5154
-91.581
-91.6285
-91.6827
-91.7589
-91.8131
-91.8636
-91.9262
-92.0017
-92.0513
-92.1046
-92.1543
-92.2185
-92.2925
-92.3358
-92.3756
-92.4256
-92.479
-92.5327
-92.5837
-92.6417
-92.6931
-92.7415
-92.794
-92.8158
-92.871
-92.9155
-92.9656
-92.9989
-93.0407
-93.0782
-93.1257
-93.1808
-93.2444
-93.2981
-93.3448
-93.4093
-93.4665
-93.5422
-93.6087
-93.666
-93.7316
-93.8094
-93.8758
-93.9556
-94.0184
-94.1102
-94.1941
-94.2817
-94.3657
-94.4595
-94.5586
-94.6232
-94.6999
-94.7773
-94.8496
-94.9212
-95.0195
-95.115
-95.2052
-95.274
-95.3518
-95.4257
-95.5032
-95.5784
-95.6846
-95.7759
-95.8565
-95.9365
-96.0269
-96.1114
-96.1937
-96.2707
-96.3418
-96.3966
-96.4686
-96.5236
-96.5916
-96.6431
-96.6934
-96.7511
-96.7907
-96.84
-96.8899
-96.9368
-96.9906
-97.052
-97.1094
-97.1595
-97.217
-97.2905
-97.3445
-97.4193
-97.4779
-97.5438
-97.5909
-97.64
-97.7058
-97.7537
-97.8003
-97.8491
-97.8969
-97.9435
-97.9874
-98.0265
-98.0694
-98.1085
-98.1408
-98.1834
-98.2187
-98.2502
-98.2705
-98.2804
-98.2968
-98.314
-98.3302
-98.3356
-98.3596
-98.3664
-98.3755
-98.3674
-98.3625
-98.3701
-98.3956
-98.4068
-90.7899
-98.4373
-98.4429
-98.4407
-98.4545
-98.4652
-98.4667
-98.4634
-98.4593
-98.4499
-98.4542
-98.4465
-98.4439
-98.451
-98.4489
-98.4378
-98.4179
-98.4014
-98.392
-98.3722
-98.3618
-98.3598
-98.3576
-98.3565
-98.3506
-98.3339
-98.3319
-98.3224
-98.3254
-98.3183
-98.3158
-98.3197
-98.3095
-98.3035
-98.3068
-98.3006
-98.2901
-98.2892
-98.2851
-98.2917
-98.2991
-98.302
-98.317
-98.3341
-98.3608
-98.3702
-98.3705
-98.3807
-98.3856
-98.3933
-98.3943
-98.3875
-98.4008
-98.4094
-98.422
-98.434
-98.4562
-98.466
-98.4628
-98.4648
-98.469
-98.4691
-98.4759
-98.4795
-98.4819
-98.4956
-98.5032
-98.506
-98.5176
-98.5296
-98.5494
-98.5533
-98.5555
-98.5634
-98.58
-98.5912
-98.5963
-98.6093
-98.6314
-98.6317
-98.6361
-98.6403
-98.6472
-98.6465
-98.6448
-98.6467
-98.6456
-98.6575
-98.6607
-98.6555
-98.6586
-98.6589
-98.6698
-98.67
-98.6845
-98.7013
-98.7101
-98.7152
-98.7314
-98.7438
-98.7467
-98.7454
-98.75
-98.7529
-98.7458
-98.7559
-98.7675
-98.7954
-98.8113
-98.8184
-98.8352
-98.8484
-98.8576
-98.8559
-98.8567
-98.8739
-98.8733
-98.8724
-98.8844
-98.881
-98.8933
-98.8792
-98.876
-98.8865
-98.8799
-98.8797
-98.8817
-98.891
-98.899
-98.9016
-98.8949
-98.8969
-98.8991
-98.8874
-98.8853
-98.8761
-98.8644
-98.8593
-98.8463
-98.8333
-98.8231
-98.7969
-98.7769
-98.7611
-98.7405
-98.7292
-98.7213
-98.7174
-98.7087
-98.6876
-98.6703
-98.656
-98.6362
-98.6232
-98.6089
-98.5961
-98.5806
-98.5618
-98.5507
-98.534
-98.5051
-98.4887
-98.4653
-98.4511
-98.4288
-98.4158
-98.3992
-98.3772
-98.3664
-98.3514
-98.3376
-98.3157
-98.3111
-98.2901
-98.2796
-98.2613
-98.2507
-98.2323
-98.2275
-98.2152
-98.2019
-98.1939
-98.2075
-98.1929
-98.1886
-98.1801
-98.1709
-98.1755
-98.1747
-98.1738
-98.178
-98.1827
-98.1848
-98.1887
-98.188
-98.1965
-98.198
-98.2063
-98.1928
-98.1856
-98.1723
-98.1677
-98.1769
-98.1779
-98.1826
-98.1802
-98.1793
-98.1758
-98.1779
-98.1781
-98.1795
-98.1869
-98.1783
-98.1862
-98.1854
-98.1911
-98.1996
-98.213
-98.2125
-98.2134
-98.2313
-98.2343
-98.2405
-98.2467
-98.2681
-98.2722
-98.2843
-98.2869
-98.2863
-98.2888
-98.2985
-98.2995
-98.2904
-98.2957
-98.2974
-98.2953
-98.2913
-98.2999
-98.3061
-98.3039
-98.3086
-98.3098
-98.3147
-98.3183
-98.3277
-98.3301
-98.3288
-98.3406
-98.3426
-98.3414
-98.3281
-98.335
-98.3191
-98.3241
-98.3256
-98.3208
-98.3162
-98.3171
-98.3114
-98.2939
-98.2863
-98.2761
-98.2586
-98.2449
-98.2257
-98.2056
-98.196
-98.1906
-98.1851
-98.1644
-98.1575
-98.1337
-98.118
-98.111
-98.095
-98.0926
-98.0821
-98.0739
-98.0699
-98.0527
-98.0524
-98.0309
-98.0263
-98.0118
-98.0097
-98.0045
-97.9981
-97.9866
-97.9764
-97.9726
-97.9663
-97.9531
-97.9434
-97.9305
-97.9287
-97.9155
-97.9123
-97.8976
-97.8964
-97.8859
-97.8819
-97.8746
-97.8663
-97.8659
-97.8764
-97.8773
-97.8887
-97.8952
-97.9036
-97.9245
-97.933
-97.9326
-97.9399
-97.9521
-97.9711
-97.9754
-97.9797
-97.9914
-98.0106
-98.0288
-98.0568
-98.0687
-98.087
-98.0983
-98.1139
-98.1284
-98.1531
-98.1664
-98.181
-98.2027
-98.2258
-98.2512
-98.2777
-98.3063
-98.33
-98.3599
-98.3726
-98.3904
-98.4113
-98.4436
-98.4646
-98.4955
-98.5123
-98.5329
-98.5561
-98.5731
-98.5861
-98.5999
-98.6201
-98.6407
-98.6689
-98.6897
-98.711
-98.7421
-98.7672
-98.7786
-98.7955
-98.8193
-98.8429
-98.8588
-98.9024
-98.9145
-98.9552
-98.9797
-99.0137
-99.0491
-99.0671
-99.082
-99.1011
-99.1265
-99.1477
-99.169
-99.1823
-99.2039
-99.2329
-99.2547
-99.2788
-99.2906
-99.3283
-99.3401
-99.3478
-99.3707
-99.3975
-99.4201
-99.4351
-99.4533
-99.4681
-99.4821
-99.502
-99.5216
-99.5413
-99.5608
-99.5883
-99.6057
-99.6303
-99.6637
-99.687
-99.6977
-99.7117
-99.7322
-99.7484
-99.7638
-99.7884
-99.7977
-99.814
-99.8409
-99.8585
-99.8771
-99.9005
-99.9142
-99.945
-99.9714
-99.9768
-100.008
-100.043
-100.066
-100.082
-100.112
-100.131
-100.154
-100.186
-100.217
-100.249
-100.276
-100.311
-100.353
-100.39
-100.421
-100.458
-100.503
-100.553
-100.594
-100.64
-100.715
-100.753
-100.798
-100.843
-100.887
-100.926
-100.97
-101.022
-101.042
-101.081
-101.108
-101.139
-101.175
-101.203
-101.236
-101.271
-101.295
-101.326
-101.353
-101.386
-101.411
-101.445
-101.479
-101.525
-101.561
-101.602
-101.64
-101.657
-101.691
-101.71
-101.746
-101.771
-101.801
-101.837
-101.88
-101.914
-101.943
-101.982
-102.008
-102.041
-102.081
-102.139
-102.18
-102.221
-102.262
-102.308
-102.345
-102.401
-102.465
-102.513
-102.559
-102.601
-102.634
-102.675
-102.719
-102.771
-102.799
-102.826
-102.862
-102.901
-102.934
-102.974
-102.996
-103.012
-103.04
-103.058
-103.081
-103.095
-103.112
-103.125
-103.14
-103.161
-103.172
-103.169
-103.183
-103.195
-103.202
-103.221
-103.221
-103.236
-103.241
-103.252
-103.257
-103.272
-103.286
-103.297
-103.299
-103.312
-103.311
-103.312
-103.313
-103.308
-103.306
-102.953
-102.815
-102.729
-102.558
-102.409
-102.277
-102.125
-102.025
-101.971
-101.871
-101.759
-101.671
-101.583
-101.516
-101.506
-101.452
-101.418
-101.384
-101.404
-101.441
-101.429
-101.447
-101.504
-101.569
-101.657
-101.748
-101.883
-102.002
-102.124
-102.271
-102.471
-102.666
-102.824
-102.93
-103.02
-103.129
-103.264
-103.378
-103.493
-103.656
-103.782
-103.893
-104.007
-104.097
-104.23
-104.266
-104.358
-104.408
-104.442
-104.489
-104.501
-104.558
-104.578
-104.621
-104.626
-104.606
-104.552
-104.496
-104.448
-104.341
-104.263
-104.185
-104.119
-104.002
-103.899
-103.74
-103.608
-103.459
-103.354
-103.22
-103.075
-102.92
-102.716
-102.511
-102.317
-102.188
-102.032
-101.837
-101.637
-101.489
-101.239
-101.062
-100.854
-100.696
-100.463
-100.31
-100.115
-99.9322
-99.8103
-99.6197
-99.4635
-99.32
-99.1386
-98.9497
-98.8273
-98.6856
-98.5712
-98.4124
-98.3055
-98.1444
-98.005
-97.8822
-97.7961
-97.7199
-97.6387
-97.577
-97.5062
-97.5102
-97.4881
-97.4188
-97.4025
-97.385
-97.3896
-97.3503
-97.3257
-97.3874
-97.3586
-97.3312
-97.3034
-97.2622
-97.2121
-97.1653
-97.1476
-97.0843
-97.0365
-96.9847
-96.8851
-96.8442
-96.7728
-96.7147
-96.6633
-96.6568
-96.5853
-96.519
-96.4629
-96.3661
-96.2943
-96.197
-96.0845
-95.9517
-95.8477
-95.7305
-95.6159
-95.459
-95.3407
-95.2008
-95.1145
-94.9712
-94.8106
-94.6341
-94.441
-94.2195
-94.0244
-93.8116
-93.6154
-93.3753
-93.1993
-92.9479
-92.759
-92.553
-92.3211
-92.0742
-91.8508
-91.628
-91.3823
-91.1727
-90.9478
-90.738
-90.5121
-90.248
-90.0086
-89.7981
-89.5761
-89.3785
-89.1031
-88.8368
-88.5732
-88.3327
-88.1154
-87.8591
-87.6352
-87.4232
-87.1918
-87.0033
-86.7958
-86.5406
-86.343
-86.1214
-85.8387
-85.6294
-85.4054
-85.1705
-84.9531
-84.7725
-84.5772
-84.4011
-84.2449
-84.0774
-83.9549
-83.7986
-83.6692
-83.5292
-83.3836
-83.2267
-83.0498
-82.952
-82.8039
-82.6186
-82.4423
-82.2663
-82.1387
-81.9773
-81.8009
-81.6646
-81.4587
-81.2994
-81.1426
-80.9603
-80.7659
-80.597
-80.4316
-80.2324
-80.0571
-79.8347
-79.6452
-79.4087
-79.1957
-78.9779
-78.7826
-78.5355
-78.3011
-78.0114
-77.7278
-77.4468
-77.1776
-76.8715
-76.5217
-76.1652
-75.7951
-75.4568
-75.057
-74.71
-74.3344
-73.9411
-73.5692
-73.1879
-72.8124
-72.3945
-72.0106
-71.5819
-71.1354
-70.763
-70.3104
-69.8658
-69.4328
-68.9979
-68.6144
-68.2086
-67.8244
-67.4341
-66.9985
-66.5406
-66.0966
-65.6537
-65.1934
-64.6992
-64.2723
-63.7857
-63.2932
-62.8451
-62.4448
-62.0365
-61.6112
-61.2214
-60.8216
-60.4314
-60.0691
-59.6843
-59.2748
-58.8613
-58.4544
-57.9655
-57.4789
-56.9874
-56.5319
-56.0441
-55.5577
-55.0839
-54.6289
-54.1894
-53.7314
-53.3182
-52.9191
-52.4801
-52.0403
-51.5478
-51.0865
-50.5784
-50.0536
-49.6013
-49.1301
-48.6647
-48.1964
-47.7348
-47.2637
-46.7949
-46.3633
-45.8996
-45.4053
-44.931
-44.4132
-43.8622
-43.3027
-42.7081
-42.1442
-41.5091
-40.9337
-40.3614
-39.8204
-39.2302
-38.7321
-38.3091
-37.9398
-37.4263
-36.9375
-36.4059
-35.7806
-35.1131
-34.4917
-33.8454
-33.1899
-32.5422
-31.9702
-31.4219
-30.827
-30.2529
-29.6658
-29.0509
-28.4476
-27.8748
-27.3033
-26.6925
-26.1561
-25.6126
-25.0786
-24.4909
-23.962
-23.4187
-22.8458
-22.2114
-21.6563
-21.0576
-20.4884
-19.9438
-19.3737
-18.8612
-18.2769
-17.6868
-17.1018
-16.5009
-15.9144
-15.3577
-14.7389
-14.1744
-13.5858
-13.0165
-12.4858
-11.9525
-11.3983
-10.7869
-10.2236
-9.68017
-9.06914
-8.40006
-7.84018
-7.22675
-6.67158
-6.08261
-5.50538
-4.94305
-4.38457
-3.84902
-3.29266
-2.73809
-2.15679
-1.58635
-0.976498
-0.464294
0.0635567
0.590345
1.1398
1.65413
2.2012
2.81535
3.34805
3.88363
4.45074
5.03969
5.61063
6.14831
6.64645
7.13906
7.65728
8.15474
8.64949
9.12223
9.61757
10.1791
10.7304
11.2792
11.7866
12.3503
12.8814
13.4345
13.93
14.4066
14.8356
15.3018
15.7304
16.1739
16.6483
17.1128
17.5721
18.0189
18.4915
18.9649
19.4587
19.9342
20.4468
20.9193
21.3425
21.7607
22.1901
22.6186
23.0547
23.5109
23.9473
24.3719
24.7894
25.2395
25.6669
26.1581
26.599
27.0512
27.459
27.9405
28.3186
28.7603
29.1361
29.5474
29.9361
30.3231
30.7679
31.0967
31.5005
31.8727
32.2739
32.6311
33.0562
33.4439
33.8035
34.171
34.6082
34.9638
35.3271
35.6866
36.0472
36.3126
36.6083
36.9488
37.2143
37.4915
37.7735
38.0477
38.3404
38.6352
38.9219
39.1834
39.4784
39.749
40.0242
40.354
40.6129
40.8852
41.1613
41.4373
41.6916
41.978
42.2317
42.4628
42.7342
42.9482
43.1758
43.3893
43.6198
43.8084
44.0052
44.212
44.4179
44.6097
44.8091
45.0062
45.4481
45.6181
45.8052
46.0076
46.2078
46.3976
46.5883
46.772
46.9569
47.159
47.3503
47.5551
47.744
47.962
48.1613
48.3651
48.5568
48.7518
48.9023
49.0887
49.2596
49.4376
49.6071
49.7741
49.9362
50.1002
50.2684
50.4135
50.5509
50.6968
50.8401
50.9894
51.1231
51.2524
51.389
51.528
51.6555
51.7961
51.903
52.0372
52.178
52.3063
52.4337
52.5644
52.6966
52.8213
52.9489
53.0664
53.1907
53.33
53.4723
53.609
53.7527
53.8944
54.0345
54.1728
54.316
54.4617
54.6094
54.743
54.8868
55.0384
55.1852
55.3319
55.463
55.614
55.7372
55.8691
55.9991
56.1452
56.2821
56.4165
56.5584
56.6794
56.8209
56.9319
57.0628
57.1846
57.3085
57.4453
57.5835
57.7039
57.8461
57.9779
58.1084
58.2408
58.3538
58.4816
58.5996
58.7127
58.8343
58.9596
59.0706
59.2023
59.3236
59.4303
59.5502
59.6852
59.8217
59.9534
60.0707
60.1971
60.3185
60.4544
60.5831
60.7214
60.8653
61.0126
61.147
61.277
61.4001
61.5175
61.6484
61.77
61.8993
62.0033
62.1209
62.2471
62.3859
62.5041
62.6413
62.7475
62.8445
62.9444
63.0446
63.1492
63.2672
63.3811
63.5087
63.6046
63.6995
63.7968
63.8712
63.9504
64.0359
64.1121
64.1986
64.2724
64.3508
64.4257
64.4922
64.5443
64.6013
64.6698
64.7316
64.7824
64.8487
64.8952
64.9616
65.0056
65.0575
65.1107
65.1529
65.1986
65.2323
65.2705
65.2963
65.3281
65.3512
65.3794
65.4015
65.42
65.4458
65.4547
65.4825
65.5139
65.5365
65.5506
65.5703
65.5912
65.6114
65.626
65.6392
65.6599
65.6715
65.6729
65.6782
65.6768
65.6778
65.6637
65.6586
65.645
65.6468
65.634
65.626
65.6038
65.5953
65.5838
65.5703
65.5399
65.521
65.4913
65.4802
65.4583
65.4461
65.4359
65.4189
65.4141
65.4025
65.3861
65.3725
65.3602
65.3486
65.3413
65.326
65.3085
65.3083
65.2885
65.2737
65.23
65.1947
65.166
65.1446
65.1278
65.108
65.0948
65.0694
65.0426
65.0169
65.0127
65.0024
64.9884
64.9842
64.9816
64.9833
64.983
64.9706
64.9744
64.9679
64.9749
64.9847
64.9917
64.9956
65.0005
65.0073
65.0103
65.0015
65.0031
64.9949
64.9867
64.9688
64.9824
64.9937
64.9946
64.9958
64.9922
64.9952
64.9943
64.9893
64.9897
64.9917
64.9841
64.9838
64.9676
64.9594
64.9448
64.9342
64.9266
64.9268
64.9426
64.9341
64.9286
64.9186
64.9206
64.9014
64.8982
64.8905
64.8838
64.8536
64.828
64.8032
64.7883
64.7519
64.7392
64.7087
64.682
64.6619
64.6305
64.5946
64.5664
64.5473
64.5055
64.4582
64.4155
64.3762
64.3412
64.3127
64.2771
64.2324
64.1766
64.1316
64.0949
64.049
64.01
63.9678
63.9226
63.8651
63.812
63.7478
63.6982
63.6111
63.5425
63.4573
63.3977
63.3226
63.2626
63.211
63.1274
63.0334
62.9611
62.879
62.8021
62.7124
62.6488
62.5697
62.4967
62.408
62.3377
62.255
62.1895
62.1022
62.0156
61.93
61.8394
61.7694
61.7271
61.6859
61.6291
61.5894
61.5476
61.5126
61.5071
61.488
61.4742
61.4649
61.4639
61.4553
61.451
61.4532
61.4553
61.4534
61.4518
61.4462
61.4565
61.4491
61.4496
61.4415
61.4346
61.4215
61.4283
61.415
61.3974
61.3812
61.3643
61.349
61.3357
61.3216
61.3254
61.2994
61.273
61.2414
61.2131
61.1667
61.1326
61.1013
61.0701
61.0343
60.9962
60.9674
60.9237
60.8822
60.8407
60.8124
60.7726
60.7232
60.6635
60.6231
60.5382
60.4872
60.4309
60.3625
60.3107
60.2413
60.1703
60.0989
60.0215
59.9568
59.8991
59.8321
59.7879
59.7271
59.6444
59.5868
59.5073
59.4565
59.3928
59.3415
59.2716
59.2175
59.1495
59.0843
59.0375
58.9722
58.9346
58.8691
58.7823
58.7183
58.6793
58.6081
58.524
58.4036
58.3028
58.1979
58.0932
58.0275
57.9785
57.9494
57.9292
57.9439
57.9704
58.0314
58.0868
58.1762
58.2362
58.3155
58.4229
58.5327
58.6528
58.7138
58.8489
58.9524
59.0766
59.1953
59.3411
59.4195
59.4902
59.6144
59.7449
59.8867
60.0458
60.1685
60.2874
60.3931
60.5122
60.6007
60.7099
60.8303
60.9394
61.0154
61.0829
61.1624
61.2263
61.3059
61.3942
61.4799
61.5475
61.6229
61.6686
61.7473
61.8075
61.879
61.9506
62.0147
62.0817
62.1677
62.2485
62.3172
62.4035
62.4947
62.5699
62.6492
62.7782
62.8659
62.9443
63.0939
63.2077
63.3143
63.4139
63.4882
63.56
63.6225
63.6685
63.714
63.728
63.7467
63.7516
63.7508
63.734
63.701
63.6707
63.6135
63.5709
63.5086
63.435
63.321
63.228
63.1132
63.0592
62.9411
62.8638
62.8092
62.7175
62.5766
62.4867
62.405
62.359
62.2362
62.1673
62.0763
62.0001
61.9425
61.8923
61.8678
61.8248
61.8049
61.7707
61.732
61.689
61.648
61.6092
61.5802
61.5502
61.5028
61.4349
61.3844
61.341
61.2997
61.2719
61.2291
61.1575
61.1053
61.0589
61.0184
60.9884
60.9304
60.8653
60.8058
60.7492
60.6782
60.6348
60.5922
60.5455
60.5255
60.4742
60.4262
60.3713
60.3582
60.3168
60.2907
60.2421
60.214
60.1473
60.1059
60.058
60.0159
59.9883
59.9444
59.914
59.8855
59.8545
59.8194
59.8098
59.7914
59.7678
59.7585
59.729
59.7052
59.6997
59.7016
59.6961
59.6906
59.6643
59.6563
59.6609
59.6754
59.6853
59.6963
59.7079
59.7266
59.7477
59.7607
59.7812
59.7747
59.7757
59.7937
59.7995
59.8026
59.8326
59.8516
59.882
59.9231
59.9714
60.0519
60.1492
60.2216
60.2774
60.3746
60.4396
60.5682
60.6964
60.8323
60.9811
61.1629
61.2686
61.4461
61.6065
61.8251
62.0506
62.2329
62.4732
62.6584
62.8694
63.0788
63.3681
63.6233
63.8452
64.0381
64.2399
64.4722
64.7016
64.9183
65.134
65.3106
65.449
65.6359
65.7891
65.9885
66.2535
67.3209
66.6997
66.8457
67.0665
67.1947
67.4161
67.596
67.7977
67.9406
68.1244
68.2242
68.3753
68.5123
68.671
68.8146
68.9368
69.0041
69.1008
69.1908
69.3083
69.3976
69.465
69.5064
69.5604
69.6081
69.6309
69.6724
69.6978
69.7258
69.723
69.7272
69.7165
69.6835
69.659
69.5848
69.5192
69.4318
69.3484
69.2516
69.1677
69.1
68.9774
68.8117
68.7046
68.6139
68.4645
68.3601
68.1843
67.9238
67.7538
67.6278
67.5373
67.3967
67.2511
67.0635
66.9434
66.837
66.745
66.6481
66.5652
66.4686
66.3963
66.298
66.1761
66.0725
65.9749
65.8919
65.8221
65.7692
65.6943
65.6202
65.1653
64.9404
64.7258
64.4734
64.2604
63.8455
63.5972
63.2969
63.0864
62.7355
62.5155
62.1811
61.8452
61.497
61.3215
61.0694
60.9193
60.7056
60.5812
60.4187
60.3617
60.2826
60.2438
60.215
60.2409
60.2944
60.3294
60.4617
60.5151
60.5785
60.6465
60.7998
61.0201
61.1643
61.3624
61.5052
61.7508
61.9395
62.2564
62.5947
63.1731
63.6593
63.903
64.2317
64.4965
64.9515
65.5546
65.9653
66.5227
66.9066
67.1439
67.7661
67.9043
68.1038
68.2127
68.4068
68.5139
68.6072
68.6885
68.7166
68.7659
68.796
68.8484
68.8567
68.8738
68.8875
68.8881
68.8759
68.8513
68.8118
68.768
68.7021
68.6429
68.5663
68.4728
68.3887
68.3003
68.2178
68.1025
67.9907
67.8692
67.7486
67.6113
67.4782
67.3416
67.2156
66.6644
66.4655
66.1805
65.9204
65.6512
65.4307
65.1684
64.9146
64.5947
64.3248
63.9884
63.6153
63.2399
62.8748
62.4651
62.0668
61.636
61.2658
60.7904
60.4291
60.1341
59.7874
59.5442
59.2238
58.9718
58.6147
58.2725
57.9451
57.6832
57.2588
57.0163
56.6917
56.3671
56.1177
55.8371
55.5131
55.2849
54.9237
54.6891
54.3948
54.1447
53.9214
53.6557
53.3478
53.1059
52.8407
52.6294
52.3928
52.2096
52.0584
51.9414
51.8664
51.8401
51.8539
51.9247
52.029
52.0377
52.1123
52.1263
52.2212
52.2384
52.3464
52.4606
52.4713
52.6079
52.6356
52.8192
52.8768
53.0618
53.1317
53.3041
53.3979
53.5851
53.9509
54.1845
54.392
54.4851
54.6078
54.653
54.7823
54.8577
54.9858
55.0802
55.1951
55.2271
55.3227
55.3609
55.4893
55.5198
55.6006
55.6246
55.7217
55.7311
55.7631
55.8468
55.8992
55.8203
55.7282
55.7221
55.5441
55.3918
55.1974
55.0077
54.874
54.6772
54.4976
54.2545
54.0242
53.8171
53.5999
53.406
53.1632
52.9013
52.602
52.2602
51.9294
51.6827
51.3053
50.9708
50.5068
50.072
49.6309
49.215
48.7031
48.1464
47.6462
47.032
46.5293
45.945
45.4641
44.859
44.3025
43.6574
43.117
42.4367
41.7282
41.0205
40.403
39.839
39.2616
38.7779
38.258
37.819
37.3127
36.8428
36.2664
35.7829
35.2056
34.6724
34.0753
33.4695
32.8367
32.3101
31.5578
30.9621
30.3162
29.6968
29.1575
29.1559
28.3884
28.0643
28.1672
27.5134
27.2915
27.0776
26.8205
26.5849
26.3141
26.1057
25.8828
25.701
25.534
25.3135
25.1798
25.4637
24.9036
24.7683
24.6547
24.4414
24.2568
24.0542
23.9681
23.8382
23.7987
23.8551
23.8052
23.7638
23.6388
23.5767
23.4363
23.3691
23.4429
23.3013
23.1934
22.9975
22.7822
22.6104
22.3372
22.1308
21.9147
21.6815
21.4063
21.2025
20.9473
20.7442
20.4738
20.1151
19.7026
19.2894
18.8222
18.3413
17.8102
17.2979
16.7114
16.2009
15.6636
15.148
14.6376
14.0823
13.5211
12.9165
12.3547
11.7567
11.1767
10.5377
9.86422
9.15897
8.47729
7.83445
7.19504
6.41646
5.72773
5.01308
4.12171
3.39287
2.59373
1.71657
0.934063
0.0547212
-0.75277
-1.57227
-2.29332
-3.08952
-3.82609
-4.49242
-5.28508
-6.12774
-6.92733
-7.60451
-8.24363
-8.94047
-9.62383
-10.3831
-11.2022
-11.9671
-12.6798
-13.3782
-14.0463
-14.7098
-15.3284
-15.9991
-16.4898
-17.3311
-18.0039
-18.6667
-19.2971
-19.8777
-20.4966
-21.063
-21.6194
-22.1524
-22.6667
-23.1634
-23.6615
-24.1311
-24.6284
-25.0886
-25.4771
-25.9296
-26.3941
-26.8006
-27.2754
-27.7243
-28.1923
-28.6618
-29.1629
-29.6485
-30.1055
-30.5851
-31.0602
-31.5623
-32.0782
-32.5835
-33.0726
-33.576
-34.0857
-34.6153
-35.0973
-35.6063
-36.1308
-36.6195
-37.145
-37.6658
-38.202
-38.7109
-39.2301
-39.7376
-40.3134
-40.8931
-41.4943
-42.0613
-42.5753
-43.1399
-43.6431
-44.1917
-44.7581
-45.3044
-45.822
-46.3024
-46.7904
-47.2695
-47.7476
-48.2104
-48.6901
-49.1413
-49.6344
-50.0917
-50.5294
-50.9821
-51.4137
-51.8435
-52.2934
-52.7396
-53.2086
-53.6488
-54.1269
-54.5897
-55.0821
-55.5516
-56.0289
-56.4691
-56.9068
-57.3227
-57.7127
-58.1044
-58.4867
-58.8912
-59.3335
-59.7419
-60.1649
-60.6016
-61.0323
-61.4585
-61.8219
-62.2095
-62.5521
-62.9622
-63.3798
-63.7659
-64.1357
-64.5236
-64.8687
-65.239
-65.6129
-65.994
-66.3917
-66.8018
-67.1495
-67.5021
-67.8939
-68.2681
-68.7088
-69.1192
-69.486
-69.8342
-70.198
-70.5706
-70.9563
-71.3147
-71.6504
-72.0827
-72.5151
-72.9075
-73.2976
-73.7692
-74.3558
-74.8316
-75.329
-75.7713
-76.2483
-76.6652
-77.1754
-77.9332
-78.4128
-78.8415
-79.2332
-79.6075
-80.0293
-80.452
-80.8696
-81.3218
-81.7152
-82.124
-82.4904
-82.5614
-82.9361
-83.3036
-83.6352
-83.9523
-84.3072
-84.6896
-85.0016
-85.6558
-85.9834
-86.2403
-86.5819
-86.8634
-87.1479
-87.4366
-87.7421
-87.9966
-88.2717
-88.5165
-88.758
-88.9968
-89.2333
-89.4672
-89.6899
-89.8892
-90.1118
-90.3052
-90.5027
-90.7041
-90.8898
-91.0652
-91.2384
-91.4265
-91.5824
-91.7436
-91.8778
-92.0136
-92.1623
-92.2992
-92.4393
-92.5692
-92.7097
-92.7981
-92.9072
-93.0228
-93.14
-93.2409
-93.332
-93.4416
-93.5157
-93.5837
-93.68
-93.7557
-93.843
-93.9251
-93.9919
-94.0454
-94.0618
-94.1024
-94.1523
-94.1489
-94.1969
-94.2453
-94.2572
-94.2876
-94.3215
-94.3682
-94.3825
-94.3506
-94.455
-94.4775
-94.5166
-94.502
-94.5576
-94.5754
-94.608
-94.6623
-94.698
-94.7367
-94.79
-94.8263
-94.8703
-94.9014
-94.9331
-94.9564
-94.9855
-94.9826
-95.0247
-95.0812
-95.1212
-95.1567
-95.157
-95.1861
-95.2238
-95.2801
-95.294
-95.3361
-95.3994
-95.4585
-95.5119
-95.5804
-95.6475
-95.7485
-95.8509
-95.9244
-96.0212
-96.1081
-96.2161
-96.3053
-96.4131
-96.5226
-96.6655
-96.796
-96.9305
-97.0695
-97.2199
-97.3492
-97.4891
-97.6143
-97.7786
-97.9774
-98.1445
-98.3024
-90.7119
-98.6545
-98.8179
-99.0054
-99.168
-99.3626
-99.5475
-99.7122
-99.8911
-100.099
-100.294
-100.505
-100.677
-100.86
-101.059
-101.247
-101.443
-101.618
-101.792
-101.988
-102.198
-102.381
-102.532
-102.736
-102.929
-103.077
-103.244
-103.351
-103.518
-103.633
-103.801
-104
-104.14
-104.299
-104.477
-104.581
-104.728
-104.876
-105.03
-105.192
-105.34
-105.493
-105.592
-105.738
-105.861
-105.998
-106.127
-106.245
-106.348
-106.458
-106.557
-106.665
-106.766
-106.863
-106.966
-107.017
-107.088
-107.129
-107.185
-107.249
-107.311
-107.378
-107.414
-107.446
-107.48
-107.424
-107.503
-107.46
-107.553
-107.553
-107.554
-107.527
-107.484
-107.426
-107.371
-107.314
-107.305
-107.251
-107.219
-107.137
-107.064
-106.966
-106.807
-106.81
-106.765
-106.709
-106.638
-106.557
-106.457
-106.361
-106.277
-106.213
-106.132
-106.03
-105.832
-105.827
-105.761
-105.653
-105.558
-105.472
-105.413
-105.311
-105.194
-105.108
-105.02
-104.914
-104.818
-104.712
-104.623
-104.512
-104.392
-104.321
-104.203
-104.128
-104.038
-103.937
-103.836
-103.785
-103.73
-103.658
-103.591
-103.505
-103.417
-103.353
-103.281
-103.221
-103.169
-103.108
-103.043
-102.982
-102.835
-102.864
-102.823
-102.789
-102.746
-102.709
-102.68
-102.656
-102.614
-102.591
-102.571
-102.552
-102.538
-102.522
-102.518
-102.524
-102.532
-102.535
-102.548
-102.555
-102.569
-102.573
-102.573
-102.583
-102.599
-102.617
-102.631
-102.673
-102.705
-102.745
-102.765
-102.762
-102.797
-102.82
-102.835
-102.869
-102.868
-102.891
-102.904
-102.934
-102.937
-102.981
-103.001
-103.038
-103.039
-103.027
-103.05
-103.055
-103.082
-103.115
-103.15
-103.158
-103.151
-103.176
-103.184
-103.213
-103.232
-103.236
-103.25
-103.242
-103.228
-103.217
-103.22
-103.22
-103.206
-103.183
-103.158
-103.128
-103.101
-103.074
-103.054
-103.036
-103.018
-102.989
-102.962
-102.923
-102.887
-102.868
-102.835
-102.801
-102.763
-102.703
-102.651
-102.599
-102.555
-102.501
-102.45
-102.407
-102.374
-102.324
-102.255
-102.191
-102.117
-102.064
-102.005
-101.946
-101.882
-101.816
-101.74
-101.681
-101.612
-101.546
-101.472
-101.411
-101.296
-101.303
-101.248
-101.128
-101.141
-101.079
-101.01
-100.877
-100.902
-100.864
-100.8
-100.748
-100.694
-100.632
-100.509
-100.517
-100.469
-100.405
-100.353
-100.297
-100.236
-100.157
-100.031
-99.967
-99.9911
-99.9517
-99.9164
-99.7765
-99.8037
-99.7513
-99.6973
-99.6311
-99.577
-99.5285
-99.4271
-99.4629
-99.4244
-99.3186
-99.3607
-99.3248
-99.29
-99.2525
-99.2056
-99.1652
-99.1406
-99.127
-99.1153
-99.0431
-99.0925
-99.0019
-99.0503
-99.0454
-99.0375
-99.0205
-99.0083
-99.0109
-99.0151
-99.0151
-99.0162
-99.0087
-99.0135
-99.0216
-99.0282
-99.0559
-99.0762
-99.1023
-99.1158
-99.1435
-99.1707
-99.2185
-99.2534
-99.3004
-99.3361
-99.3669
-99.4111
-99.4409
-99.5201
-99.545
-99.592
-99.6297
-99.6951
-99.7403
-99.8046
-99.865
-99.9075
-99.9555
-99.9863
-100.039
-100.011
-100.111
-100.17
-100.215
-100.282
-100.302
-100.332
-100.37
-100.398
-100.448
-100.495
-100.536
-100.562
-100.589
-100.619
-100.632
-100.653
-100.673
-100.693
-100.722
-100.722
-100.738
-100.756
-100.766
-100.77
-100.785
-100.81
-100.825
-100.831
-100.846
-100.862
-100.869
-100.878
-100.873
-100.902
-100.914
-100.907
-100.906
-100.908
-100.916
-100.92
-100.92
-100.913
-100.912
-100.913
-100.912
-100.918
-100.893
-100.89
-100.886
-100.882
-100.871
-100.859
-100.846
-100.832
-100.808
-100.783
-100.762
-100.729
-100.703
-100.66
-100.656
-100.637
-100.625
-100.606
-100.576
-100.562
-100.537
-100.501
-100.486
-100.455
-100.441
-100.414
-100.391
-100.369
-100.35
-100.323
-100.289
-100.277
-100.261
-100.233
-100.212
-100.195
-100.186
-100.166
-100.156
-100.13
-100.053
-100.131
-100.123
-100.119
-100.104
-100.101
-100.109
-100.127
-100.14
-100.07
-100.155
-100.161
-100.176
-100.182
-100.123
-100.217
-100.24
-100.254
-100.283
-100.305
-100.321
-100.335
-100.367
-100.393
-100.357
-100.461
-100.499
-100.535
-100.587
-100.625
-100.693
-100.729
-100.772
-100.816
-100.849
-100.913
-100.96
-101.017
-101.068
-101.125
-101.164
-101.224
-101.297
-101.352
-101.422
-101.486
-101.56
-101.623
-101.705
-101.773
-101.853
-101.91
-101.972
-102.03
-102.109
-102.181
-102.254
-102.265
-102.324
-102.457
-102.519
-102.513
-102.648
-102.729
-102.802
-102.871
-102.917
-102.983
-102.978
-103.047
-103.18
-103.242
-103.312
-103.364
-103.421
-103.477
-103.528
-103.584
-103.648
-103.706
-103.767
-103.812
-103.872
-103.924
-103.977
-104.025
-104.078
-104.129
-104.188
-104.245
-104.312
-104.351
-104.385
-104.43
-104.469
-104.529
-104.589
-104.644
-104.684
-104.714
-104.749
-104.772
-104.806
-104.845
-104.889
-104.862
-104.891
-104.989
-105.02
-105.05
-105.068
-105.092
-105.131
-105.158
-105.183
-105.203
-105.224
-105.24
-105.241
-105.267
-105.287
-105.305
-95.3088
-105.332
-105.318
-105.33
-105.345
-105.346
-105.35
-105.364
-105.371
-105.379
-105.322
-105.393
-105.391
-105.405
-105.406
-105.409
-105.415
-105.425
-105.438
-105.438
-105.451
-105.456
-105.449
-105.457
-105.46
-105.449
-105.382
-105.447
-105.437
-105.429
-105.417
-105.408
-105.403
-105.399
-105.394
-105.382
-105.359
-105.334
-105.322
-105.302
-105.291
-105.278
-105.264
-105.252
-105.232
-105.229
-105.209
-105.198
-105.186
-105.154
-105.132
-105.128
-105.101
-105.106
-105.091
-105.079
-105.056
-105.03
-105.017
-105.008
-105.004
-104.991
-104.973
-104.9
-104.954
-104.573
-104.438
-104.325
-104.237
-104.135
-104.035
-103.891
-103.609
-103.676
-103.608
-103.56
-103.331
-103.469
-103.437
-103.413
-103.199
-103.419
-103.403
-103.397
-103.429
-103.498
-103.552
-103.599
-103.602
-103.589
-103.632
-103.685
-103.713
-103.818
-103.925
-104.082
-104.186
-104.315
-104.383
-104.486
-104.539
-104.713
-104.886
-104.991
-105.075
-105.154
-105.319
-105.485
-105.604
-105.72
-105.658
-105.892
-95.8551
-105.957
-105.995
-106.01
-106.056
-106.029
-106.067
-106.077
-106.058
-106.078
-106.038
-106
-105.941
-105.934
-105.869
-105.853
-105.749
-105.66
-105.585
-105.49
-105.38
-105.284
-105.151
-105.045
-104.907
-104.747
-104.623
-104.499
-104.384
-103.992
-104.07
-103.908
-103.776
-103.661
-103.486
-103.322
-103.185
-103.056
-102.941
-102.757
-102.312
-102.149
-102.3
-102.14
-101.955
-101.825
-101.697
-96.3839
-101.396
-101.231
-101.121
-100.996
-100.863
-100.742
-100.622
-100.501
-100.395
-100.275
-99.8928
-100.134
-100.037
-99.9394
-99.8744
-99.8476
-99.8223
-99.7456
-99.6869
-99.6287
-99.5577
-99.4689
-99.4022
-99.2981
-99.2268
-99.121
-99.0412
-98.9587
-98.8867
-98.8014
-98.7126
-98.6304
-98.5633
-98.4657
-98.3238
-98.2669
-98.2018
-98.097
-97.9767
-97.8521
-97.7136
-97.5701
-97.4588
-97.3137
-97.1831
-97.0571
-96.9053
-96.7212
-96.5299
-96.3942
-96.2483
-96.1018
-95.9435
-95.7675
-95.5863
-95.4346
-95.2333
-95.0014
-94.7846
-94.6407
-94.4181
-93.9822
-94.0496
-93.7893
-93.5657
-93.3533
-93.0689
-92.8447
-92.5929
-92.389
-92.1968
-91.9321
-91.6983
-91.4259
-91.1668
-90.9568
-90.7386
-90.5354
-90.3219
-90.064
-89.7815
-89.5058
-89.2658
-88.9797
-88.7089
-88.4109
-88.1084
-87.7803
-87.5595
-87.2722
-87.0607
-86.8398
-86.595
-86.397
-86.1714
-85.9449
-85.7048
-85.4883
-85.2322
-84.9746
-84.742
-84.5114
-84.3008
-84.0842
-83.8556
-83.6766
-83.4751
-83.261
-82.7882
-82.6424
-82.4654
-82.5879
-82.3891
-82.1977
-81.999
-81.7835
-81.618
-81.3936
-81.1864
-80.708
-80.8154
-80.6637
-80.4659
-80.2575
-80.0516
-79.839
-79.6693
-79.437
-79.1628
-78.9164
-78.7003
-78.4606
-78.2141
-77.9248
-77.6688
-77.3787
-77.0969
-76.8333
-76.5336
-76.2212
-75.9228
-75.596
-75.3117
-75.0096
-74.6621
-74.3028
-73.9512
-73.6056
-73.2292
-72.8881
-72.5501
-72.236
-71.8727
-71.5063
-71.1587
-70.8213
-70.3785
-70.0121
-69.5504
-69.1314
-68.6938
-68.2518
-67.8077
-67.3608
-66.9102
-66.1005
-66.03
-65.6454
-65.2379
-64.8689
-64.5036
-64.0646
-63.6659
-63.2578
-62.8169
-62.3753
-58.5155
-61.4366
-60.9273
-60.3694
-59.4867
-59.3503
-58.8387
-58.3043
-57.8084
-57.3421
-56.8553
-56.3653
-55.8939
-55.0724
-54.9744
-54.4522
-53.9294
-53.44
-52.9442
-52.4174
-51.9314
-51.4149
-50.873
-50.3995
-49.896
-49.3953
-48.8971
-48.388
-47.8887
-47.3526
-46.8563
-46.2957
-45.7493
-45.1902
-44.6521
-44.0394
-43.4651
-42.8952
-42.3609
-41.8136
-41.3326
-40.8088
-40.2801
-39.7346
-39.1988
-38.6332
-38.0283
-37.401
-36.7209
-36.1087
-35.0421
-34.9135
-34.27
-33.6917
-33.1242
-32.4841
-31.8187
-31.2213
-30.6094
-29.9924
-29.3495
-28.7364
-28.1149
-27.5166
-26.8975
-26.2736
-25.6898
-24.5541
-24.4419
-23.7984
-23.1712
-22.5427
-21.9164
-21.3003
-20.6902
-20.0928
-19.4265
-18.7433
-18.0979
-17.377
-16.7244
-16.0724
-15.4143
-14.7466
-14.1353
-13.5081
-12.9214
-12.3527
-11.7298
-11.1367
-10.5315
-9.93104
-9.28693
-8.69675
-8.11637
-7.5623
-8.71613
-6.50294
-5.95335
-5.41272
-4.2324
-4.27505
-3.72302
-3.14617
-2.58464
-1.98043
-1.47396
-0.958002
-0.462942
0.0388621
0.545882
1.02618
1.52962
2.03724
2.56795
3.08737
3.59375
4.06802
4.57432
5.03341
6.15865
5.97732
6.40093
6.87098
7.31511
8.47964
8.29613
8.81054
9.34101
9.85411
10.3612
10.8599
11.389
11.8495
12.3205
12.7388
13.1564
13.545
13.9628
14.3808
14.7942
15.9434
15.7157
16.1662
16.6411
17.11
17.5689
18.0363
18.474
18.926
19.3489
19.8018
20.2125
20.5847
20.994
21.3885
21.8232
22.2486
22.672
23.1331
23.5904
23.9789
24.3999
24.8204
25.2474
25.6549
26.0856
26.483
26.8555
27.2389
27.6031
27.9626
28.3633
28.7204
29.0619
29.4442
29.8057
30.1836
31.3767
30.945
31.3114
31.6582
32.0591
32.3775
32.7316
33.0265
33.3313
33.6517
33.9551
34.2543
35.3727
34.8692
35.2021
35.4974
35.7888
36.0997
36.4151
36.7223
36.9703
37.2846
37.5554
37.8264
38.1189
38.4269
38.7189
39.0132
39.2933
39.5995
39.8754
40.1649
40.433
40.6705
40.9399
41.1913
41.448
41.7026
41.9656
42.2147
42.6865
42.9056
43.1482
43.3831
43.625
43.8509
44.0836
44.3232
44.5508
44.7839
45.0064
45.2343
45.4668
45.6962
45.9368
46.1799
46.4057
47.4597
46.874
47.0935
47.3365
47.5267
47.7403
47.9328
48.1363
48.3166
48.5164
48.6983
48.8883
49.0611
49.2317
49.3978
49.5407
49.7041
49.8684
50.011
50.1526
50.2923
50.4453
50.5731
50.7193
50.8481
50.9839
51.1104
51.2343
51.3675
51.5081
51.6283
51.7478
51.866
52.0101
52.1433
52.2646
52.3996
52.5261
52.6333
52.7601
52.8931
53.025
53.1614
53.2897
53.4214
53.553
53.6468
53.7788
53.9218
54.031
54.1591
54.2699
54.3705
54.4846
54.5977
54.7144
54.8217
54.9465
55.0444
55.1383
55.2396
55.339
55.4286
55.5324
55.6426
55.7506
55.8458
55.9551
56.0585
56.1565
56.2624
56.3642
56.4502
56.5407
56.6416
56.7543
56.8492
56.9567
57.0656
57.1697
57.2746
57.3705
57.4758
57.5867
57.6952
57.8169
57.9252
58.0355
58.1446
58.2455
58.3588
58.458
58.5666
58.6902
58.8203
58.9436
59.0688
59.1645
59.2693
59.3875
59.5142
59.649
59.7589
59.8773
59.9966
60.1236
60.2545
60.3898
60.5207
60.6422
60.7739
60.9016
61.0136
61.9557
61.2623
61.3738
61.5094
61.6307
61.7332
61.844
61.9514
62.0607
62.1535
62.2667
62.3547
62.4465
62.5302
62.6425
62.7333
62.8127
62.8867
62.9682
63.0541
63.1401
63.1977
63.2707
63.3155
63.3708
63.4188
63.4759
63.5414
63.6068
63.6557
63.7297
63.7583
63.7937
63.8354
63.8799
63.918
63.9587
64.0003
64.0351
64.0645
64.0814
64.1055
64.1154
64.1611
64.1747
64.2051
64.2287
64.2433
64.2535
64.2749
64.2958
64.3002
64.3285
64.3436
65.1739
64.3692
64.3812
64.3797
64.3789
64.365
64.3583
64.3635
64.3522
64.354
64.3336
64.3036
64.2953
64.2892
64.271
64.2613
64.2464
64.2
64.1797
64.1542
64.1373
64.123
64.0912
64.0586
64.0126
63.9775
63.9343
63.9067
63.8816
63.8529
63.8213
63.7993
63.7691
63.7278
63.7083
63.6706
64.4628
63.6221
63.579
63.5538
63.5238
63.5171
63.4918
63.464
63.439
63.4219
63.4137
63.3852
63.3686
63.3556
63.3316
63.3122
63.3019
63.288
63.2615
63.2469
63.2294
63.2121
63.1886
63.1678
63.1474
63.1287
63.1258
63.1104
63.1
63.0982
63.089
63.095
63.0899
63.0617
63.0492
63.0272
63.012
62.9908
62.9772
62.9658
62.9525
62.9409
62.924
62.9105
62.8926
62.8771
62.857
62.8477
62.8275
62.8049
62.7748
62.7631
62.7594
62.7375
62.724
62.6842
62.6647
62.6476
62.6129
62.5785
62.5684
62.5435
62.5312
62.4945
62.4739
62.4527
62.4161
62.3961
62.3565
62.3268
62.2959
62.2566
62.2221
62.1753
62.1211
62.0978
62.0422
62.0038
61.9584
61.9142
61.8739
61.8196
61.7424
61.7035
61.6519
61.5989
61.5342
61.4848
61.4266
61.3592
61.2881
61.2339
61.1755
61.1174
61.059
61.0075
60.9639
60.9199
60.8748
60.8183
60.7528
60.689
60.6357
60.5814
60.5422
60.5083
60.462
60.4175
60.3702
60.3209
60.2728
60.2211
60.1733
60.118
60.0635
60.0368
59.9922
59.9651
59.9363
59.9005
59.8612
59.8183
59.7746
59.7434
59.7089
59.6755
59.647
59.6005
59.6006
59.5796
59.5533
59.533
59.513
59.4624
59.4359
59.3999
59.3711
59.3441
59.3336
59.3247
59.304
59.3004
59.305
59.2882
59.2705
59.2298
59.2198
59.1955
59.186
59.1989
59.195
59.2062
59.208
59.2181
59.2195
59.2191
59.2104
59.2104
59.2048
59.1997
59.1965
59.1942
59.1802
59.2122
59.2238
59.2192
59.2062
59.1805
59.1693
59.1702
59.1838
59.1934
59.195
59.2063
59.2223
59.2252
59.2348
59.2261
59.2276
59.2291
59.2177
59.2131
59.2203
59.2171
59.2083
59.2275
59.2217
59.2101
59.2079
59.2143
59.211
59.2144
59.2096
59.2103
59.2133
59.2053
59.2028
59.1837
59.1797
59.1668
59.1554
59.1398
59.1439
59.1375
59.1305
59.1237
59.1015
59.0929
59.0943
59.0794
59.0733
59.0602
59.0535
59.0234
59.0138
59.0031
58.9943
58.9767
58.9635
58.938
58.9189
58.9016
58.8728
58.8571
58.8321
58.8304
58.8055
58.7727
58.7524
58.7247
58.7096
58.6976
58.6606
58.6405
58.6077
58.5814
58.5654
58.547
58.5242
58.4983
58.4698
58.4513
58.4424
58.4181
58.3982
58.3893
58.3722
58.3559
58.3572
58.3477
58.3252
58.3148
58.3025
58.287
58.2885
58.2758
58.2675
58.2768
58.263
58.2664
58.2725
58.2673
58.2528
58.2675
58.2654
58.2724
58.2831
58.2911
58.2915
58.3016
58.304
58.3214
58.3227
58.3173
58.3291
58.3328
58.3505
58.3707
58.3691
58.3747
58.3915
58.3912
58.4068
58.4038
58.4197
58.436
58.4507
58.4775
58.4899
58.5113
58.5294
58.5429
58.5587
58.5743
58.5815
58.6002
58.627
58.6221
58.6332
58.6534
58.6602
58.6631
58.6743
58.6759
58.6714
58.6836
58.693
58.7074
58.7238
58.7347
58.7575
58.7663
58.7828
58.7911
58.7949
58.8009
58.8147
58.8303
58.8549
58.8693
58.9068
58.9086
58.9157
58.9355
58.9583
58.9632
58.9995
59.0238
59.0352
59.0512
59.0756
59.0992
59.1228
59.1198
59.127
59.1417
59.1523
59.1703
59.1803
59.1934
59.2094
59.2094
59.2133
59.222
59.2149
59.2126
59.219
59.2098
59.2063
59.2155
59.2178
59.212
59.2137
59.2005
59.1852
59.1886
59.1936
59.1837
59.1807
59.184
59.1699
59.1573
59.1416
59.1402
59.1343
59.1045
59.093
59.0902
59.0717
59.0625
59.0612
59.0447
59.0335
59.0356
59.0232
59.0148
59.0212
59.0074
59.0151
59.0079
59.0034
59.0047
59.0164
59.0103
59.0017
58.9932
58.9925
58.9851
58.9812
58.9705
58.9648
58.9701
58.9615
58.9729
58.9848
58.9745
58.977
58.974
58.9854
58.9905
58.9917
58.9988
59.0055
59.0146
59.0239
59.0405
59.0559
59.0779
59.0819
59.0819
59.0897
59.0976
59.1136
59.1358
59.1305
59.1598
59.1707
59.1778
59.1945
59.2168
59.2176
59.2342
59.2437
59.2563
59.2569
59.2732
59.2785
59.2692
59.2851
59.2918
59.2923
59.3025
59.3269
59.3164
59.31
59.3096
59.3087
59.3073
59.3146
59.3256
59.3266
59.334
59.3402
59.3478
59.3488
59.3486
59.3637
59.3868
59.3837
59.4044
59.4192
59.4377
59.4474
59.4764
59.4927
59.5206
59.5438
59.5824
59.604
59.6324
59.6526
59.6772
59.692
59.7199
59.7414
59.7471
59.7672
59.7874
59.804
59.8029
59.8314
59.8311
59.8354
59.8519
59.8651
59.8517
59.8591
59.8787
59.8918
59.9019
59.9107
59.916
59.9041
59.9028
59.8901
59.8629
59.8512
59.8348
59.8097
59.7911
59.7731
59.7348
59.6986
59.6688
59.6281
59.6106
59.5771
59.5412
59.5121
59.4662
59.4267
59.3887
59.3544
59.3147
59.2861
59.2384
59.1859
59.1552
59.1055
59.0752
59.0344
59.003
58.9588
58.9157
58.8728
58.8335
58.7962
58.7741
58.7336
58.6865
58.669
58.6276
58.6002
58.5724
58.5492
58.5374
58.5244
58.4892
58.4734
58.4584
58.4217
58.3931
58.3711
58.3326
58.2995
58.2801
58.2501
58.2165
58.1858
58.1475
58.1163
58.0788
58.0341
58.0053
57.9679
57.9212
57.8821
57.85
57.8046
57.7497
57.7042
57.6555
57.6083
57.5603
57.5016
57.4763
57.416
57.3661
57.312
57.2364
57.1867
57.1337
57.0747
57.0101
56.9575
56.8908
56.8501
56.7794
56.7237
56.6646
56.6055
56.5588
56.5082
56.4497
56.3897
56.3492
56.3058
56.2666
56.2201
56.1713
56.133
56.0871
56.0487
56.0037
55.9492
55.9184
55.8819
55.8196
55.7674
55.7146
55.6514
55.5948
55.5377
55.4725
55.4245
55.3487
55.2975
55.2372
55.1497
55.0726
55.0163
54.9566
54.8921
54.8323
54.7631
54.6793
54.6169
54.5561
54.4957
54.4411
54.3731
54.2971
54.2357
54.16
54.0983
54.0249
53.951
53.8847
53.8325
53.7612
53.6802
53.6068
53.528
53.4555
53.3732
53.2898
53.2198
53.1498
53.0792
52.9966
52.9233
52.8446
52.7777
52.6873
52.6109
52.5315
52.4516
52.3669
52.2953
52.2349
52.1524
52.053
51.9733
51.8953
51.8086
51.7298
51.6391
51.5378
51.4427
51.3719
51.2772
51.192
51.1052
50.9899
50.8848
50.8042
50.7068
50.6028
50.4981
50.401
50.2886
50.1976
50.1122
50.0221
49.9493
49.8758
49.7943
49.7097
49.6413
49.5714
49.4941
49.4226
49.3331
49.251
49.1835
49.1175
49.0193
48.9249
48.8457
48.7645
48.6887
48.6004
48.5074
48.4155
48.3111
48.2274
48.1238
48.0094
47.9192
47.7981
47.6842
47.55
47.4197
47.2872
47.1425
46.9884
46.8471
46.7171
46.5989
46.4606
46.3351
46.2045
46.0579
45.9237
45.7945
45.6553
45.5082
45.3642
45.2174
45.0872
44.9288
44.7886
44.6478
44.4946
44.3122
44.162
43.9606
43.7841
43.6085
43.4259
43.2274
43.0403
42.8069
42.6038
42.4014
42.2072
42.0202
41.8328
41.6342
41.4364
41.2612
41.098
40.9036
40.7351
40.5646
40.4011
40.2249
40.0252
39.8499
39.6762
39.4921
39.323
39.153
38.9729
38.7831
38.6126
38.4041
38.2247
38.0416
37.8505
37.6572
37.481
37.3031
37.1401
36.9586
36.7883
36.5698
36.3441
36.1115
35.88
35.6349
35.39
35.144
34.9001
34.6649
34.4349
34.1875
33.7759
33.528
33.3036
33.0661
32.7913
32.5974
32.3503
32.1342
31.9277
31.7099
31.5071
31.3126
31.0996
30.9428
30.7223
30.4814
30.3048
30.0659
29.8608
29.6465
29.3976
29.1394
29.0736
28.8165
28.5509
28.0211
27.6784
27.3688
27.0345
26.697
26.356
26.0406
25.6878
25.4316
25.1164
24.8341
24.5256
24.291
24.0622
23.7915
23.5472
23.3283
23.0776
22.8596
22.5877
22.3775
22.1186
21.8554
21.5502
21.2374
20.9131
20.5646
20.2256
19.885
19.4941
19.0686
18.7251
18.3906
18.0654
17.7284
17.3881
17.1019
16.8135
16.573
16.3315
16.0659
15.872
15.6843
15.4577
15.2384
14.9929
14.7658
14.5036
14.2326
13.9577
13.6155
13.2394
12.9028
12.6421
12.2302
11.943
11.5625
11.2596
10.9
10.6754
10.2982
10.0216
9.75062
9.55724
9.27357
9.00663
8.77559
8.55657
8.24887
8.01534
7.76977
7.49983
7.19117
6.94736
6.6808
6.39659
6.09161
5.79817
5.51521
5.23682
4.93736
4.66544
4.37548
4.11805
3.85341
3.61777
3.37139
3.10594
2.89482
2.67021
2.40317
2.16069
1.93391
1.71365
1.471
1.24368
1.04121
0.818134
0.555487
0.278543
0.0427662
-0.243052
-0.49194
-0.701608
-0.995806
-1.29474
-1.50084
-1.75653
-2.00733
-2.26049
-2.4947
-2.72613
-2.95141
-3.17129
-3.40478
-3.60545
-3.78948
-4.00702
-4.15363
-4.34274
-4.53977
-4.73196
-4.91684
-5.11184
-5.29067
-5.46447
-5.68173
-5.8476
-6.05852
-6.26069
-6.45094
-6.65594
-6.8559
-7.04837
-7.27241
-7.45518
-7.64291
-7.85998
-8.04538
-8.26591
-8.4834
-8.68834
-8.88495
-9.01933
-9.20528
-9.35812
-9.51108
-9.66719
-9.84546
-10.006
-10.1566
-10.275
-10.4071
-10.5811
-10.7052
-10.8371
-10.9791
-11.0785
-11.232
-11.3894
-11.5091
-11.6317
-11.7489
-11.8885
-12.0147
-12.1659
-12.2894
-12.4195
-12.5497
-12.6886
-12.8425
-12.9578
-13.0894
-13.2099
-13.3274
-13.4458
-13.5675
-13.6419
-13.7938
-13.9267
-14.0413
-14.1453
-14.2768
-14.3765
-14.4744
-14.6188
-14.7208
-14.8131
-14.9216
-15.0311
-15.1232
-15.218
-15.3331
-15.424
-15.5368
-15.6045
-15.6858
-15.8042
-15.8913
-15.9721
-16.0304
-16.1106
-16.1922
-16.2757
-16.3095
-16.3683
-16.4228
-16.4769
-16.547
-16.6211
-16.6925
-16.7332
-16.791
-16.8641
-16.9312
-16.9632
-17.0075
-17.0439
-17.0892
-17.1163
-17.1816
-17.2166
-17.262
-17.3413
-17.3796
-17.4188
-17.4627
-17.4965
-17.5692
-17.5956
-17.6195
-17.6612
-17.6993
-17.7089
-17.7381
-17.7495
-17.8017
-17.8522
-17.873
-17.9131
-17.9281
-17.9502
-17.993
-18.0359
-18.0751
-18.0946
-18.1305
-18.1261
-18.1597
-18.1953
-18.2055
-18.2343
-18.2752
-18.3005
-18.33
-18.3623
-18.3938
-18.4036
-18.4921
-18.5114
-18.5289
-18.5416
-18.5703
-18.5816
-18.6015
-18.6314
-18.6732
-18.729
-18.7326
-18.7521
-18.7677
-18.8072
-18.8508
-18.8608
-18.8563
-18.8781
-18.8891
-18.9099
-18.9419
-18.9556
-18.9809
-18.9928
-19.0015
-18.9912
-19.0271
-19.0366
-19.0896
-19.1011
-19.0952
-19.0906
-19.1303
-19.1081
-19.1241
-19.1426
-19.1676
-19.2011
-19.2234
-19.2477
-19.2735
-19.2671
-19.2456
-19.289
-19.3177
-19.3037
-19.3238
-19.3356
-19.3019
-19.3133
-19.3257
-19.3517
-19.3704
-19.3847
-19.4235
-19.4314
-19.4627
-19.4475
-19.4572
-19.4645
-19.4653
-19.4719
-19.4892
-19.4948
-19.5085
-19.5108
-19.5302
-19.5307
-19.5295
-19.553
-19.5585
-19.5732
-19.5891
-19.5805
-19.57
-19.5689
-19.5875
-19.6247
-19.6187
-19.5997
-19.6091
-19.6082
-19.6083
-19.6115
-19.6183
-19.6264
-19.6304
-19.6417
-19.6501
-19.6486
-19.661
-19.6717
-19.6684
-19.6993
-19.7056
-19.7042
-19.6883
-19.7067
-19.7063
-19.7199
-19.723
-19.7411
-19.7538
-19.7476
-19.7458
-19.7334
-19.7436
-19.7608
-19.7234
-19.7483
-19.7599
-19.7782
-19.7911
-19.7929
-19.7615
-19.7797
-19.7739
-19.7621
-19.7712
-19.7684
-19.7528
-19.748
-19.7342
-19.7142
-19.7192
-19.7134
-19.7357
-19.7368
-19.7823
-19.7947
-19.7991
-19.8054
-19.8012
-19.8099
-19.8027
-19.7961
-19.8102
-19.8152
-19.8197
-19.8071
-19.7981
-19.8062
-19.8289
-19.8167
-19.833
-19.8438
-19.8426
-19.8326
-19.8376
-19.858
-19.8638
-19.8669
-19.8765
-19.8792
-19.8959
-19.9206
-19.9004
-19.9023
-19.9017
-19.8811
-19.8768
-19.8615
-19.871
-19.8935
-19.8398
-19.8428
-19.8465
-19.8712
-19.8869
-19.8796
-19.8989
-19.9138
-19.9029
-19.8848
-19.9211
-19.9382
-19.9156
-19.8961
-19.8809
-19.8885
-19.8745
-19.8834
-19.9025
-19.9182
-19.9374
-19.9424
-19.9239
-19.9539
-19.9476
-19.9351
-19.9354
-19.9476
-19.9415
-19.954
-19.9737
-19.9986
-20.0183
-20.028
-20.0126
-20.0169
-19.9993
-19.9744
-19.9762
-19.9994
-19.9645
-19.9646
-19.9404
-19.9165
-19.9071
-19.9166
-19.919
-19.9255
-19.9271
-19.9282
-19.9252
-19.9286
-19.9531
-19.958
-19.938
-19.9436
-19.9491
-19.9549
-19.9722
-19.9799
-19.9759
-19.9679
-20.0089
-19.9995
-19.9779
-19.98
-20.002
-19.9907
-19.9955
-19.9992
-20.0011
-19.9874
-19.9906
-20.0046
-20.0297
-20.0239
-20.0029
-19.9768
-19.9833
-19.9782
-19.9709
-19.9581
-19.9643
-19.993
-19.9617
-19.9912
-19.9856
-19.9671
-19.968
-19.9718
-19.964
-19.9748
-19.9858
-20.0056
-20.0064
-19.9939
-19.9892
-19.9821
-19.9992
-20.0099
-19.9886
-19.9977
-19.9769
-19.9922
-20.0036
-20.0073
-20.0021
-19.9728
-19.9849
-19.988
-19.9776
-19.9493
-19.9567
-19.9523
-19.9507
-19.9238
-19.9296
-19.9174
-19.9457
-19.9647
-19.9447
-19.9454
-19.9471
-19.9688
-19.9706
-19.9729
-19.9745
-19.9682
-19.9652
-19.9421
-19.9448
-19.9431
-19.9386
-19.9532
-19.9616
-19.9673
-19.9739
-20.0007
-19.9745
-19.9814
-19.9952
-20.0213
-20.0113
-20.0188
-20.0209
-20.0048
-19.997
-20.0427
-20.0509
-20.045
-20.0624
-20.0529
-20.0368
-20.0947
-20.0968
-20.1267
-20.0998
-20.0979
-20.1067
-20.0986
-20.088
-20.1074
-20.0906
-20.096
-20.0846
-20.0842
-20.0773
-20.0868
-20.0824
-20.0794
-20.0951
-20.1119
-20.0976
-20.0825
-20.0829
-20.0878
-20.0903
-20.1001
-20.1338
-20.1064
-20.1267
-20.1131
-20.1232
-20.113
-20.097
-20.0865
-20.0827
-20.0966
-20.0764
-20.0975
-20.1226
-20.1216
-20.0808
-20.0788
-20.0874
-20.1032
-20.1102
-20.1097
-20.1065
-20.092
-20.0949
-20.1184
-20.1196
-20.1445
-20.1264
-20.1171
-20.1184
-20.1306
-20.1326
-20.1419
-20.1696
-20.1552
-20.1237
-20.1266
-20.103
-20.1047
-20.1212
-20.1414
-20.1417
-20.1406
-20.1553
-20.1563
-20.134
-20.1567
-20.1362
-20.1549
-20.1478
-20.1448
-20.1733
-20.1767
-20.1788
-20.1742
-20.1736
-20.1671
-20.1595
-20.1638
-20.1792
-20.185
-20.1838
-20.1563
-20.1266
-20.1261
-20.1324
-20.1535
-20.1586
-20.1555
-20.1487
-20.1443
-20.1295
-20.137
-20.1173
-20.1168
-20.0952
-20.0757
-20.0912
-20.0999
-20.1148
-20.1281
-20.1293
-20.1422
-20.1379
-20.1378
-20.117
-20.1433
-20.1048
-20.1059
-20.1167
-20.1383
-20.1135
-20.1166
-20.0986
-20.0818
-20.0748
-20.0971
-20.0882
-20.0994
-20.0843
-20.0894
-20.0871
-20.0784
-20.0928
-20.1242
-20.1234
-20.1194
-20.1221
-20.1396
-20.119
-20.123
-20.1074
-20.0969
-20.1082
-20.1258
-20.1139
-20.1584
-20.1624
-20.1663
-20.1764
-20.1711
-20.1474
-20.1591
-20.1772
-20.171
-20.1692
-20.2139
-20.2251
-20.2223
-20.2237
-20.2289
-20.2363
-20.2503
-20.2403
-20.2394
-20.2631
-20.2534
-20.2738
-20.2623
-20.2377
-20.2394
-20.2161
-20.2322
-20.2161
-20.2285
-20.2383
-20.2231
-20.22
-20.225
-20.2178
-20.2505
-20.2424
-20.2298
-20.2292
-20.2311
-20.232
-20.2324
-20.2318
-20.2092
-20.221
-20.2168
-20.2193
-20.2448
-20.2
-20.1969
-20.2132
-20.2248
-20.2203
-20.1827
-20.1862
-20.1693
-20.1494
-20.1399
-20.1535
-20.1702
-20.1602
-20.1745
-20.1736
-20.1861
-20.1641
-20.1736
-20.1983
-20.2055
-20.1894
-20.1854
-20.1762
-20.2094
-20.2191
-20.1984
-20.2249
-20.2277
-20.2009
-20.1999
-20.1896
-20.1603
-20.1979
-20.1882
-20.1858
-20.2026
-20.1764
-20.2019
-20.2074
-20.227
-20.2289
-20.2419
-20.2221
-20.2167
-20.1971
-20.2107
-20.2346
-20.2496
-20.2526
-20.237
-20.2312
-20.2229
-20.2656
-20.2787
-20.2704
-20.3116
-20.3046
-20.2665
-20.268
-20.2662
-20.2555
-20.2524
-20.2437
-20.2698
-20.2798
-20.2738
-20.2783
-20.2821
-20.2725
-20.2889
-20.2792
-20.2978
-20.2889
-20.2746
-20.2446
-20.2385
-20.2426
-20.2475
-20.2636
-20.2456
-20.2509
-20.2324
-20.2674
-20.2667
-20.2549
-20.2842
-20.2862
-20.2872
-20.2929
-20.274
-20.2678
-20.2519
-20.2426
-20.2404
-20.2564
-20.2586
-20.2669
-20.2802
-20.2676
-20.2598
-20.2637
-20.2662
-20.2677
-20.283
-20.2704
-20.2948
-20.2763
-20.2612
-20.2797
-20.2536
-20.2689
-20.2783
-20.2875
-20.2815
-20.2973
-20.2969
-20.3048
-20.2984
-20.2919
-20.2821
-20.3
-20.2892
-20.2796
-20.2768
-20.2729
-20.2889
-20.2951
-20.347
-20.3433
-20.3259
-20.3157
-20.3164
-20.2942
-20.2867
-20.279
-20.279
-20.2743
-20.3039
-20.3224
-20.3021
-20.34
-20.3444
-20.3424
-20.3527
-20.342
-20.3313
-20.3342
-20.3331
-20.3144
-20.3206
-20.3276
-20.3235
-20.3132
-20.3374
-20.3399
-20.3567
-20.3345
-20.3347
-20.3354
-20.3219
-20.3119
-20.3155
-20.3449
-20.3202
-20.3184
-20.343
-20.3421
-20.3575
-20.3502
-20.3596
-20.3762
-20.3698
-20.3529
-20.3574
-20.3622
-20.349
-20.3357
-20.3256
-20.3163
-20.3154
-20.3322
-20.3264
-20.3458
-20.342
-20.3269
-20.3175
-20.3206
-20.2986
-20.3051
-20.3308
-20.346
-20.3161
-20.3354
-20.3405
-20.326
-20.3032
-20.3055
-20.3245
-20.305
-20.3262
-20.3213
-20.3067
-20.3117
-20.3163
-20.3502
-20.3486
-20.3507
-20.3517
-20.3493
-20.3646
-20.3696
-20.3685
-20.3815
-20.3553
-20.3706
-20.3759
-20.3823
-20.3821
-20.3819
-20.3716
-20.3583
-20.3574
-20.387
-20.4084
-20.4053
-20.3974
-20.378
-20.3945
-20.4088
-20.409
-20.3942
-20.3801
-20.3749
-20.3841
-20.3772
-20.3951
-20.3858
-20.3615
-20.3572
-20.3689
-20.3614
-20.3583
-20.3803
-20.4049
-20.3968
-20.3935
-20.4074
-20.4143
-20.4055
-20.4139
-20.4259
-20.4392
-20.4368
-20.4204
-20.3963
-20.4034
-20.3803
-20.3734
-20.3723
-20.3906
-20.3872
-20.3733
-20.3602
-20.3579
-20.3565
-20.3528
-20.3752
-20.4
-20.3928
-20.4106
-20.3988
-20.4153
-20.4206
-20.4252
-20.3949
-20.3981
-20.3967
-20.3812
-20.3819
-20.3954
-20.3751
-20.3891
-20.4224
-20.4383
-20.4267
-20.3837
-20.3966
-20.3823
-20.3973
-20.4204
-20.4054
-20.4328
-20.4363
-20.4257
-20.3956
-20.3859
-20.3965
-20.4018
-20.3725
-20.3601
-20.3809
-20.3883
-20.4026
-20.4086
-20.4404
-20.4481
-20.4405
-20.4541
-20.4567
-20.4534
-20.4532
-20.4503
-20.4607
-20.4665
-20.436
-20.4324
-20.4646
-20.4614
-20.4505
-20.444
-20.4228
-20.4545
-20.4676
-20.4694
-20.4637
-20.4498
-20.4659
-20.4736
-20.4705
-20.4632
-20.4542
-20.4596
-20.4567
-20.4509
-20.4489
-20.4608
-20.4655
-20.4504
-20.4556
-20.4363
-20.4439
-20.4491
-20.4466
-20.4469
-20.4078
-20.4035
-20.4112
-20.413
-20.4391
-20.4374
-20.4312
-20.4268
-20.4449
-20.4393
-20.4497
-20.438
-20.4589
-20.46
-20.4476
-20.4238
-20.4123
-20.4189
-20.424
-20.4253
-20.4052
-20.3978
-20.3827
-20.3926
-20.4135
-20.4421
-20.4429
-20.4727
-20.4807
-20.4328
-20.4231
-20.403
-20.4484
-20.473
-20.4675
-20.4476
-20.4408
-20.4267
-20.4512
-20.4562
-20.4561
-20.4568
-20.461
-20.4559
-20.4593
-20.4825
-20.4844
-20.4613
-20.46
-20.4701
-20.4733
-20.491
-20.4812
-20.4645
-20.4901
-20.4931
-20.4674
-20.4536
-20.4598
-20.4647
-20.4466
-20.4502
-20.443
-20.4421
-20.4276
-20.457
-20.4521
-20.4285
-20.4359
-20.4341
-20.4476
-20.4735
-20.4507
-20.4501
-20.4667
-20.4859
-20.4562
-20.4652
-20.4665
-20.4815
-20.4537
-20.4601
-20.4623
-20.4438
-20.4208
-20.4102
-20.4152
-20.4242
-20.4358
-20.4715
-20.4491
-20.4295
-20.469
-20.4564
-20.4531
-20.4684
-20.4597
-20.4467
-20.4625
-20.4506
-20.4382
-20.4519
-20.4613
-20.4633
-20.4615
-20.4845
-20.4618
-20.4446
-20.4681
-20.4775
-20.4778
-20.492
-20.5043
-20.511
-20.5125
-20.4919
-20.5085
-20.4911
-20.4826
-20.4825
-20.4803
-20.4961
-20.4915
-20.4708
-20.4754
-20.4693
-20.4613
-20.4662
-20.4892
-20.5003
-20.5073
-20.5031
-20.503
-20.5104
-20.5049
-20.5015
-20.5081
-20.5145
-20.5099
-20.5076
-20.5161
-20.5096
-20.5121
-20.5199
-20.505
-20.5068
-20.9129
-20.5009
-20.4828
-20.0885
-20.4846
-20.5053
-20.4912
-20.4741
-20.4718
-20.4694
-20.5187
-20.4913
-20.4953
-20.4812
-20.4745
-20.4822
-20.4318
-20.4436
-20.0593
-20.4511
-20.4335
-20.4367
-20.4259
-20.4396
-20.0702
-20.4848
-20.4851
-20.4774
-20.486
-20.4831
-20.4616
-20.4543
-20.4479
-20.4619
-20.464
-20.4785
-20.4868
-20.4998
-20.4916
-20.4733
-20.0455
-20.4588
-20.4625
-20.4676
-20.0963
-20.5128
-20.5266
-20.1153
-20.5105
-20.5138
-20.5081
-20.5078
-20.5038
-20.5046
-20.5223
-20.5011
-20.4945
-20.5023
-20.5176
-20.5367
-20.5741
-20.5659
-20.5091
-20.5005
-20.5324
-20.5437
-20.521
-20.5596
-20.5569
-20.5569
-20.5336
-20.5351
-20.5094
-20.115
-20.5307
-20.5083
-20.1181
-20.536
-20.52
-20.513
-20.5118
-20.4944
-20.5059
-20.5046
-20.5137
-20.5261
-20.4884
-20.4801
-20.5279
-20.5122
-20.4895
-20.4622
-20.4768
-20.4701
-20.4802
-20.5039
-20.5086
-20.4905
-20.4933
-20.5359
-20.5305
-20.5143
-20.4985
-20.5044
-20.5076
-20.5059
-20.5129
-20.4838
-20.4822
-20.4906
-20.4978
-20.492
-20.4913
-20.4949
-20.509
-20.5126
-20.5196
-20.5265
-20.5332
-20.5019
-20.4956
-20.4898
-20.5191
-20.5509
-20.5404
-20.5597
-20.5442
-20.5538
-20.5653
-20.5709
-20.5682
-20.5387
-20.5377
-20.5533
-20.5502
-20.5526
-20.535
-20.5568
-20.1532
-20.5139
-20.1195
-20.1396
-20.5524
-20.1371
-20.5303
-20.5222
-20.5177
-20.5167
-20.5228
-20.1369
-20.5428
-20.5238
-20.5064
-20.5118
-20.5114
-20.5317
-20.5335
-20.5309
-20.5365
-20.5263
-20.5097
-20.501
-20.0936
-20.5202
-20.5179
-20.5439
-20.528
-20.5296
-20.5253
-20.5386
-20.5109
-20.5228
-20.5156
-20.5087
-20.5079
-20.5264
-20.5479
-20.5432
-20.5147
-20.5248
-20.5172
-20.5284
-20.5317
-20.5505
-20.5437
-20.5198
-20.5153
-20.5185
-20.5163
-20.5245
-20.5292
-20.538
-20.1338
-20.5602
-20.1446
-20.5393
-20.1437
-20.5638
-20.5596
-20.1528
-20.5614
-20.1527
-20.5483
-20.5587
-20.5608
-20.579
-20.5794
-20.55
-20.5479
-20.5179
-20.5045
-20.495
-20.1097
-20.5265
-20.1482
-20.5468
-20.5359
-20.5572
-20.5649
-20.5401
-20.5137
-20.5608
-20.5756
-20.5753
-20.5605
-20.5747
-20.5579
-20.5448
-20.1359
-20.5355
-20.5374
-20.5123
-20.1507
-20.561
-20.5715
-20.1402
-20.5537
-20.1516
-20.5612
-20.5701
-20.1844
-20.5655
-20.5417
-20.5532
-20.5477
-20.5245
-20.5525
-20.5692
-20.5711
-20.5511
-20.5482
-20.1533
-20.152
-20.5538
-20.1419
-20.134
-20.5482
-20.5535
-20.5382
-20.5497
-20.534
-20.1156
-20.5266
-20.5398
-20.5437
-20.5521
-20.542
-20.5588
-20.5634
-20.5642
-20.5421
-20.5409
-20.5179
-20.5184
-20.5481
-20.5463
-20.5455
-20.5327
-20.5316
-20.5178
-20.5233
-20.5405
-20.5511
-20.5436
-20.1565
-20.5653
-20.5632
-20.561
-20.5447
-20.5441
-20.5399
-20.5566
-20.5718
-20.5928
-20.5945
-20.5516
-20.551
-20.5474
-20.5428
-20.5172
-20.501
-20.5386
-20.5289
-20.5444
-20.55
-20.5823
-20.5736
-20.5754
-20.5787
-20.5629
-20.577
-20.5604
-20.5683
-20.5721
-20.5792
-20.5795
-20.5658
-20.557
-20.5634
-20.5659
-20.5828
-20.5709
-20.5653
-20.569
-20.575
-20.5534
-20.5553
-20.5527
-20.5435
-20.5625
-20.5643
-20.5479
-20.5608
-20.5795
-20.5802
-20.573
-20.5609
-20.5468
-20.5702
-20.5905
-20.5949
-20.5741
-20.5572
-20.5613
-20.5783
-20.5616
-20.5907
-20.5986
-20.5988
-20.6102
-20.6053
-20.6027
-20.5974
-20.5841
-20.5755
-20.567
-20.5531
-20.5552
-20.5688
-20.5717
-20.5938
-20.603
-20.5647
-20.5859
-20.5777
-20.5813
-20.5633
-20.5762
-20.6044
-20.6054
-20.6087
-20.5758
-20.5785
-20.5763
-20.5684
-20.5734
-20.5668
-20.5712
-20.5613
-20.5606
-20.5665
-20.5646
-20.597
-20.587
-20.5929
-20.5784
-20.5797
-20.5892
-20.6013
-20.5988
-20.5698
-20.573
-20.5605
-20.5788
-20.5815
-20.6123
-20.5973
-20.5848
-20.5849
-20.5761
-20.5908
-20.6025
-20.5891
-20.6246
-20.6035
-20.6062
-20.6096
-20.604
-20.5971
-20.5981
-20.5996
-20.5932
-20.58
-20.611
-20.6185
-20.5885
-20.588
-20.5929
-20.5834
-20.6061
-20.6234
-20.6305
-20.6141
-20.592
-20.6057
-20.6039
-20.613
-20.6285
-20.6307
-20.6314
-20.6131
-20.6204
-20.632
-20.6094
-20.603
-20.6041
-20.6286
-20.6409
-20.6506
-20.6385
-20.6318
-20.6156
-20.6168
-20.6268
-20.6211
-20.6137
-20.6105
-20.6274
-20.6112
-20.5852
-20.6256
-20.6197
-20.6142
-20.6249
-20.647
-20.6215
-20.6478
-20.6587
-20.6251
-20.5966
-20.5934
-20.5917
-20.603
-20.6058
-20.6263
-20.6368
-20.6173
-20.623
-20.6241
-20.6203
-20.63
-20.636
-20.644
-20.631
-20.5959
-20.5769
-20.5811
-20.6101
-20.6182
-20.6319
-20.6613
-20.6632
-20.6453
-20.6545
-20.6416
-20.6067
-20.6242
-20.6366
-20.6334
-20.6141
-20.6005
-20.6273
-20.6232
-20.6465
-20.6423
-20.6409
-20.6456
-20.6437
-20.631
-20.6376
-20.6485
-20.6508
-20.6455
-20.638
-20.6364
-20.6371
-20.6439
-20.6325
-20.6367
-20.6233
-20.6236
-20.6428
-20.6478
-20.626
-20.6198
-20.6578
-20.6807
-20.678
-20.6826
-20.6632
-20.6586
-20.659
-20.642
-20.6402
-20.6426
-20.6259
-20.6361
-20.6651
-20.6447
-20.6155
-20.6315
-20.6332
-20.6382
-20.635
-20.597
-20.6199
-20.6359
-20.6273
-20.6302
-20.6335
-20.6429
-20.6406
-20.656
-20.648
-20.6556
-20.6434
-20.6331
-20.6275
-20.6153
-20.6169
-20.6436
-20.6664
-20.6418
-20.6392
-20.6366
-20.6521
-20.6416
-20.6128
-20.6283
-20.6458
-20.6351
-20.6427
-20.6371
-20.6564
-20.6514
-20.6339
-20.635
-20.6228
-20.617
-20.6386
-20.6399
-20.6329
-20.6303
-20.6576
-20.6352
-20.6482
-20.6352
-20.6511
-20.6416
-20.6445
-20.6276
-20.6314
-20.6279
-20.6098
-20.6192
-20.6291
-20.6192
-20.6175
-20.6002
-20.6164
-20.6268
-20.6515
-20.655
-20.6442
-20.6378
-20.6242
-20.6399
-20.6489
-20.6203
-20.6286
