0
0
0
0
0
0
0.00436318
0.0043659
0.00434618
0.00429883
0.00430711
0.0043432
0.00431888
0.00434445
0.00437501
0.0043817
0.00438321
0.00435796
0.00435282
0.00435509
0.00436096
0.00433452
0.00429269
0.00432909
0.00430662
0.0042951
0.00430353
0.00439254
0.00438549
0.00429558
0.00433006
0.00433149
0.00432633
0.00441255
0.00442333
0.00441616
0.00442806
0.00444498
0.00443491
0.00444361
0.00438352
0.00440063
0.00439856
0.00442599
0.00441964
0.00440115
0.00440378
0.00439445
0.00443809
0.00444639
0.00448333
0.00448799
0.00451808
0.00442948
0.00443098
0.00441948
0.00440317
0.00438859
0.00440152
0.00438757
0.00436344
0.0044
0.00438093
0.0043694
0.00436588
0.00431699
0.00434941
0.00441697
0.00434193
0.00430695
0.00435838
0.00435997
0.00435621
0.00433673
0.00431655
0.00432855
0.00433032
0.00437778
0.00435857
0.00427761
0.00424024
0.00418653
0.00420914
0.00421558
0.00426392
0.00425831
0.0042351
0.00413469
0.00415696
0.00412654
0.00407202
0.00420499
0.00410128
0.00396674
0.0040175
0.00397423
0.00395891
0.00395171
0.00399945
0.00389262
0.00385271
0.00391344
0.00389059
0.00390483
0.00394552
0.00387797
0.0038625
0.00381362
0.00374788
0.00367025
0.00358544
0.00350478
0.0033924
0.00335321
0.00331009
0.00324423
0.00318176
0.00314168
0.00305953
0.00299002
0.00290109
0.00280567
0.00270022
0.00265157
0.00259942
0.00251122
0.00242694
0.002428
0.00232583
0.00217017
0.00216352
0.00210386
0.00200732
0.00192629
0.00186462
0.0017639
0.00179393
0.00180546
0.00169187
0.00162634
0.00150004
0.00141875
0.0013284
0.00123718
0.00119046
0.0011723
0.00106442
0.000942
0.000926593
0.000815677
0.000684747
0.00063683
0.000510438
0.000475445
0.000501547
0.000511472
0.000452831
0.000378062
0.000321037
0.000311055
0.000248599
0.000226128
0.000114147
5.04445e-006
-7.55313e-005
-0.000183542
-0.000241963
-0.00022669
-0.00017884
-0.000109754
-2.17237e-005
-4.17119e-005
-0.000109139
-0.000127971
-0.000254457
-0.000275591
-0.00025356
-0.00028316
-0.000235786
-0.00023597
-0.000201177
-0.000164316
-0.00010622
-8.94459e-005
-0.000191541
-0.000114852
-6.42202e-005
-1.3408e-005
3.72533e-005
3.89174e-005
3.15427e-005
8.62375e-005
0.000180257
0.000311031
0.000354395
0.000325619
0.000320632
0.000330836
0.000386314
0.00040004
0.000496758
0.000666251
0.000779266
0.000765009
0.0008466
0.000909173
0.00101333
0.00108848
0.00120006
0.00130684
0.00135784
0.00133609
0.00227844
0.00152457
0.0015959
0.00151219
0.00160428
0.00169496
0.00172913
0.00171717
0.00170963
0.00171865
0.0017537
0.001755
0.00176282
0.00187131
0.0018358
0.00187931
0.0019386
0.0019272
0.00186588
0.00196512
0.00191059
0.0018789
0.00190916
0.00195035
0.00189179
0.00184378
0.00195185
0.00185827
0.00187563
0.0019309
0.00193142
0.0020949
0.00225596
0.00217814
0.00225392
0.00224959
0.00221799
0.00226139
0.00227264
0.00225608
0.0023493
0.00246474
0.00240849
0.00247362
0.00256282
0.00255435
0.00264499
0.00257833
0.00259544
0.00259176
0.00256509
0.00260328
0.00258637
0.00272027
0.00264429
0.00262024
0.00272403
0.00274689
0.0029365
0.00291527
0.00291647
0.00292435
0.00286913
0.00297321
0.00298808
0.00294454
0.00296515
0.00296026
0.00298452
0.00294923
0.00288942
0.00274478
0.00281654
0.00289645
0.0027957
0.00272207
0.00265437
0.00274675
0.00275183
0.00275973
0.00281403
0.00291255
0.00294821
0.00311846
0.00320966
0.00341872
0.00350175
0.00376855
0.00382122
0.00399619
0.00400862
0.00417733
0.00406726
0.00420169
0.00414207
0.00425872
0.00424936
0.00437908
0.00446465
0.00449357
0.00457934
0.00456975
0.00462621
0.00459194
0.0046805
0.00469929
0.0046861
0.00456448
0.00443134
0.00446439
0.00422403
0.00421963
0.00411156
0.0041087
0.00408311
0.00400274
0.00408982
0.00399823
0.00398325
0.00392292
0.00389943
0.00391009
0.00385564
0.00387463
0.00380773
0.0038261
0.00393065
0.0038817
0.0039689
0.00400545
0.00391427
0.00392214
0.00401129
0.00411649
0.0040128
0.00385296
0.00391259
0.00394239
0.00396491
0.0039524
0.00396875
0.00408384
0.00406308
0.00404912
0.00490975
0.00410757
0.00420494
0.0045325
0.00478218
0.00496643
0.00525795
0.00556299
0.00572999
0.00592237
0.00617749
0.00632456
0.00657617
0.00672327
0.00686676
0.00688399
0.00698994
0.00710754
0.0070622
0.00704455
0.00703288
0.0070362
0.0069448
0.00684333
0.0067448
0.00656934
0.00651112
0.0065311
0.00641546
0.0063003
0.00626863
0.00627718
0.0062449
0.00622639
0.00636446
0.00633901
0.00630418
0.00625243
0.00638573
0.00642741
0.00641415
0.00648384
0.0064668
0.00656607
0.00652863
0.00644591
0.00640239
0.00638568
0.0062518
0.00620507
0.00622689
0.00620129
0.00623862
0.00605767
0.0060568
0.00618762
0.00637411
0.00656399
0.00694424
0.00716345
0.00750469
0.00762624
0.00787969
0.00820289
0.00834593
0.00855922
0.00873376
0.00889907
0.00908354
0.00917776
0.00921207
0.00916596
0.00911583
0.00902824
0.00893214
0.00884065
0.00876582
0.00866527
0.00861997
0.00866981
0.0086274
0.00858392
0.00869079
0.00856175
0.00845334
0.0084695
0.0085339
0.0084992
0.00842162
0.00846336
0.00845129
0.00926591
0.00842519
0.00832254
0.00808312
0.0080822
0.00840462
0.0083788
0.00828361
0.00829132
0.00832477
0.00842912
0.00876843
0.00913817
0.00948484
0.00964184
0.00976915
0.00998367
0.0101685
0.0102308
0.0104685
0.0106385
0.0106658
0.0105883
0.0105273
0.0105135
0.0104922
0.0104287
0.0104281
0.0102738
0.010186
0.0100698
0.0101354
0.0100484
0.00993106
0.00985402
0.00993245
0.00990578
0.00987715
0.00990444
0.0099416
0.0099868
0.00994452
0.0099623
0.00999226
0.00995434
0.0098958
0.00998609
0.0100005
0.0100168
0.00998001
0.0099982
0.0100724
0.0109595
0.0104865
0.010748
0.01097
0.0112373
0.011577
0.0117512
0.0120775
0.0122934
0.0124512
0.0126122
0.0128372
0.0131228
0.0131945
0.0133642
0.0133225
0.013258
0.0133586
0.0133122
0.0132923
0.0132733
0.013287
0.0131277
0.0130681
0.0130306
0.0128877
0.0127838
0.0129072
0.0130496
0.012934
0.012893
0.0127945
0.0129631
0.0128483
0.0128954
0.0128973
0.0130093
0.0129596
0.0128416
0.0129017
0.0127904
0.0128911
0.0129931
0.0132561
0.0133541
0.0143107
0.0139858
0.0144101
0.0147101
0.0150442
0.0154745
0.0158605
0.0159963
0.0162763
0.0163801
0.0165755
0.016766
0.0168296
0.0168233
0.0167568
0.0166753
0.0166208
0.0166918
0.016522
0.0164933
0.0165073
0.0165064
0.0162868
0.0160721
0.0159884
0.0159748
0.0159296
0.0158072
0.0158103
0.0157885
0.0157264
0.0157345
0.0156403
0.0154817
0.0153948
0.015347
0.0152844
0.0152365
0.0150768
0.0149299
0.014828
0.0148198
0.0148246
0.0149006
0.0157985
0.0151442
0.0153217
0.0164292
0.0160838
0.0163116
0.0166055
0.0169364
0.0173134
0.0173577
0.017659
0.0179486
0.0180902
0.0182407
0.0192551
0.0185653
0.0186375
0.0187187
0.0188049
0.0188913
0.0189681
0.0189808
0.0197667
0.0190522
0.0190298
0.0189379
0.0189978
0.0190483
0.0190911
0.0190624
0.0191191
0.0192145
0.0191417
0.019122
0.0191763
0.0200036
0.0190902
0.0191529
0.0191136
0.019017
0.0189747
0.0189429
0.0189801
0.0189288
0.0190021
0.0190008
0.0189177
0.0190481
0.0199476
0.0192851
0.0194256
0.0197566
0.0199564
0.0201768
0.020457
0.0214612
0.0209022
0.0211469
0.0212882
0.021411
0.0215837
0.0217134
0.0218768
0.0219701
0.022086
0.0222
0.0224148
0.0222998
0.022277
0.0221779
0.0221747
0.0222078
0.0228389
0.02205
0.0219676
0.021935
0.022701
0.0218427
0.0220213
0.0220213
0.0220293
0.0221819
0.0220779
0.0221287
0.0220605
0.0219323
0.0219687
0.0219516
0.0219461
0.0220084
0.0219701
0.0221543
0.0229193
0.0221074
0.0222635
0.0222759
0.0223693
0.0223221
0.0223617
0.0223652
0.0223577
0.0223172
0.0223038
0.0225228
0.0224407
0.0225932
0.0226384
0.0227565
0.0227958
0.0231336
0.0242129
0.0237792
0.0240016
0.0244616
0.0246937
0.0256712
0.025035
0.0252001
0.0252677
0.0253895
0.0254969
0.025559
0.02562
0.0257744
0.0258575
0.0260184
0.0268794
0.0262427
0.0261825
0.0263136
0.0262873
0.0263043
0.0262629
0.0261183
0.0260243
0.02588
0.0265584
0.0255148
0.0254957
0.025314
0.0251669
0.0250889
0.0249994
0.0257323
0.0248842
0.024906
0.0248259
0.0248786
0.0249069
0.0247472
0.0248391
0.0247797
0.0246581
0.0246473
0.024564
0.0245821
0.0244631
0.024348
0.0244114
0.0243718
0.0242738
0.024194
0.0242833
0.0243512
0.0243273
0.0244526
0.0245779
0.0245836
0.0246785
0.0247103
0.0247097
0.0247747
0.024866
0.0248124
0.0248282
0.0250079
0.0250042
0.0250727
0.025109
0.0251354
0.0251055
0.025238
0.025236
0.0251439
0.0250987
0.0251666
0.0253366
0.0253197
0.0254932
0.0256012
0.0263807
0.0257898
0.0258677
0.0265098
0.0258924
0.0261038
0.0260917
0.0259338
0.0259591
0.0261395
0.0260888
0.0260997
0.02691
0.0262575
0.0261807
0.0269734
0.0264028
0.0265014
0.0265432
0.0267643
0.0269058
0.0269533
0.0270203
0.027148
0.0272728
0.0274419
0.0275261
0.0275184
0.0276494
0.027872
0.0280033
0.0279959
0.028062
0.0281936
0.0283531
0.0284672
0.0285237
0.0284344
0.0284609
0.0285617
0.0285775
0.0286387
0.0286372
0.0286532
0.0287145
0.0287514
0.0287306
0.0287479
0.0287461
0.0295002
0.0288424
0.028923
0.0288596
0.0288226
0.028775
0.0293049
0.0292921
0.0286293
0.0286693
0.0287074
0.0294295
0.0286722
0.0285579
0.0292778
0.028555
0.0285553
0.0292793
0.0284894
0.0284212
0.0283511
0.0283933
0.0283746
0.029099
0.0290956
0.0284157
0.0283227
0.0283173
0.0283599
0.0282827
0.0282925
0.0282076
0.0281932
0.0281173
0.0281066
0.0281394
0.0281678
0.0281409
0.0282057
0.0281339
0.0281779
0.0282055
0.0289429
0.0282415
0.0282989
0.0282469
0.0283277
0.0283081
0.0283032
0.0290379
0.0283611
0.0284067
0.0291142
0.0283781
0.028326
0.0283925
0.0284714
0.0285419
0.0285952
0.0286577
0.0286933
0.0286951
0.0287633
0.0295558
0.0288706
0.0289217
0.0288444
0.0289629
0.0289818
0.0290052
0.0289773
0.0290463
0.0298975
0.0291755
0.0298735
0.0291386
0.0292199
0.0299788
0.0292594
0.0292787
0.0293005
0.0293435
0.0294402
0.029484
0.0295282
0.0295231
0.0302928
0.0303433
0.0296438
0.0304396
0.0298298
0.029861
0.0299183
0.0299401
0.0299591
0.0299869
0.0300304
0.0300375
0.0300259
0.0298894
0.0298804
0.0299401
0.0299177
0.0299233
0.029862
0.0298584
0.0298889
0.0306274
0.0299323
0.0298095
0.029799
0.0297836
0.0297068
0.0296981
0.0296948
0.029705
0.0297519
0.029694
0.0296599
0.0303651
0.0296082
0.0295483
0.0303423
0.0295042
0.0295277
0.0295793
0.0295541
0.0294284
0.0293548
0.0293223
0.0299861
0.0291785
0.029069
0.0296756
0.0295869
0.0288677
0.0294447
0.0286957
0.0287073
0.0287285
0.0287219
0.0287539
0.0293767
0.0285873
0.0285973
0.0285707
0.02863
0.0275146
0.0285877
0.0286098
0.0286325
0.0286387
0.0293741
0.0286399
0.0286055
0.0294053
0.0293848
0.0287889
0.0287872
0.0288557
0.0296151
0.0288914
0.0289231
0.0289503
0.0289677
0.0289978
0.0290925
0.0290941
0.029112
0.0291387
0.0291487
0.0291333
0.0291762
0.0292095
0.0299501
0.0292982
0.0292755
0.0292334
0.0293082
0.029262
0.029196
0.0291999
0.0291867
0.029237
0.0292563
0.0293528
0.0293492
0.0292849
0.030059
0.029327
0.0292596
0.0292446
0.0299658
0.0293368
0.0293216
0.0293459
0.0293463
0.0293005
0.0300199
0.0293774
0.0293409
0.0293323
0.0293357
0.0293145
0.0293919
0.0293484
0.0293671
0.029345
0.0293735
0.0293531
0.0300286
0.0293152
0.0292301
0.0292532
0.029274
0.0292368
0.0292231
0.0292049
0.029135
0.0291393
0.0291254
0.0291211
0.0290696
0.0290143
0.0289549
0.0289364
0.0289926
0.0290124
0.0290037
0.0290235
0.0289552
0.0288952
0.0289195
0.0288764
0.0295365
0.0288361
0.0287987
0.0288159
0.0287943
0.0287981
0.0288464
0.0288564
0.0288428
0.0296274
0.0289534
0.028993
0.0297357
0.0290768
0.0290584
0.0290468
0.0291033
0.0298461
0.0291759
0.0291954
0.0299289
0.0292381
0.0292081
0.0292711
0.0292981
0.0293322
0.0301421
0.029462
0.0294363
0.0294391
0.0294888
0.0294523
0.0300978
0.0293711
0.0294065
0.0301003
0.0294395
0.0294067
0.0301263
0.0294341
0.0294152
0.0292989
0.0292605
0.0291606
0.0291866
0.0292806
0.0292346
0.0292233
0.0291957
0.02995
0.0292147
0.0299244
0.0291915
0.0292712
0.0292891
0.0292659
0.0291937
0.0300046
0.0299761
0.0292768
0.030043
0.0292578
0.0293674
0.0293812
0.0300585
0.0293366
0.0293658
0.0301631
0.0294205
0.029444
0.0295032
0.0295631
0.0296295
0.0295455
0.0295678
0.0295524
0.0296443
0.0303762
0.0297823
0.0298102
0.0298483
0.0298697
0.0298929
0.0305994
0.0298802
0.029948
0.0306791
0.0300468
0.0300785
0.0308386
0.0301718
0.0302358
0.030292
0.0303163
0.0303793
0.0303616
0.031151
0.0304776
0.0305389
0.0306138
0.0312457
0.030378
0.0304247
0.0304508
0.0311917
0.0304877
0.0312994
0.0306532
0.0304733
0.0304844
0.0311195
0.0304459
0.0305639
0.030546
0.0305318
0.031264
0.0312862
0.0305577
0.030512
0.0304551
0.0310473
0.0304796
0.0305508
0.030636
0.030606
0.0305428
0.030495
0.030449
0.0304217
0.0303406
0.0302681
0.0303239
0.0303322
0.0310454
0.0302354
0.0309125
0.0301795
0.030138
0.0308493
0.0300966
0.0300924
0.0300529
0.0299508
0.0298345
0.0304019
0.0296479
0.0295999
0.0302099
0.0294023
0.0293797
0.0293574
0.0293183
0.029302
0.029319
0.0293263
0.029938
0.029149
0.0291398
0.0298
0.0296605
0.0288342
0.0288811
0.0288308
0.0287999
0.0288
0.0288413
0.028847
0.0288543
0.028946
0.0288942
0.0288968
0.0288975
0.0286979
0.0288566
0.0288863
0.0288753
0.0288913
0.0290691
0.0290505
0.029047
0.0291052
0.0289732
0.0289066
0.0289979
0.0288756
0.0289197
0.0289778
0.0289678
0.0288889
0.0289946
0.0289022
0.0289398
0.0289468
0.0289175
0.0289578
0.0290294
0.0289756
0.0290358
0.0290444
0.0290291
0.0289949
0.0290198
0.0289566
0.0289116
0.0289636
0.0289213
0.0288905
0.0289364
0.0288431
0.0287595
0.028662
0.0287068
0.0285997
0.0286254
0.0286509
0.0286873
0.0286207
0.0286238
0.0286686
0.0285802
0.0286241
0.0285495
0.0284969
0.0285296
0.0286158
0.0285185
0.0284506
0.0283976
0.0283178
0.0283132
0.0282937
0.0283053
0.028222
0.0281576
0.0281106
0.0280715
0.0281387
0.0281162
0.0280632
0.0280539
0.0280308
0.0280403
0.0280704
0.0280057
0.0280255
0.0280018
0.0279489
0.0279782
0.0279766
0.0279806
0.0279306
0.0278974
0.0277841
0.0276778
0.0276856
0.0277215
0.0276505
0.0274761
0.0273969
0.0273002
0.0271992
0.0270333
0.0270538
0.027106
0.0271551
0.0270889
0.0270459
0.0270351
0.0270806
0.0270088
0.0268502
0.0268383
0.026793
0.0268056
0.0267125
0.0267495
0.0267055
0.0267276
0.0266275
0.0266304
0.0265957
0.026457
0.0264382
0.0265101
0.0266532
0.0267019
0.0266863
0.0266547
0.0265966
0.0266738
0.0266731
0.0266737
0.0267584
0.0269226
0.0269501
0.0270059
0.0269698
0.0268834
0.0268922
0.0269983
0.0271988
0.0273465
0.0273947
0.0274308
0.0274643
0.0276094
0.0277082
0.0278915
0.0279407
0.0280661
0.0280823
0.0280687
0.0281758
0.0283579
0.02847
0.0284639
0.028421
0.0285169
0.0285931
0.0286119
0.0285392
0.0284586
0.0284179
0.0284773
0.0284522
0.0284308
0.0284508
0.0284176
0.0283904
0.0283459
0.028192
0.0282077
0.0282404
0.0283248
0.0282945
0.0282943
0.028264
0.0281788
0.0281727
0.0281764
0.0282575
0.0282071
0.0280795
0.0279873
0.0279171
0.0280008
0.0278758
0.0278152
0.0277925
0.027783
0.0276246
0.0274852
0.0274749
0.027556
0.0274896
0.0274228
0.0273991
0.0275173
0.0277067
0.0277725
0.0277317
0.0277002
0.0276744
0.027709
0.0275961
0.0276273
0.0276856
0.0276322
0.0275308
0.027603
0.0277444
0.0278066
0.0277759
0.0278096
0.0279041
0.0279082
0.027907
0.0280528
0.0281738
0.0281827
0.0282392
0.0283413
0.0284675
0.0284765
0.0284725
0.0286314
0.0287283
0.0286436
0.0287751
0.0288894
0.028833
0.0288355
0.0289257
0.0289709
0.0290795
0.029181
0.0292578
0.0292861
0.0294169
0.0295143
0.029533
0.0295184
0.0294557
0.0294217
0.0294102
0.029476
0.0293874
0.029372
0.0292898
0.0291666
0.0291083
0.0290287
0.0290071
0.0289781
0.0289963
0.0289096
0.0287696
0.0287774
0.0288263
0.0286956
0.0286489
0.0286565
0.0286829
0.0286026
0.0285526
0.0285853
0.0285137
0.0285022
0.028498
0.0284786
0.0284155
0.0283432
0.0282353
0.0281139
0.0282034
0.0282559
0.0281908
0.0281645
0.0282864
0.0282915
0.0282079
0.0283246
0.0284256
0.0283635
0.0283074
0.0284131
0.0284667
0.0283413
0.028386
0.0283854
0.028317
0.0282974
0.0284303
0.0284096
0.0284609
0.0284946
0.028602
0.0286101
0.0286509
0.028692
0.0286725
0.028726
0.0288594
0.0288932
0.0288881
0.0290046
0.0290321
0.0290691
0.0291591
0.0292187
0.029253
0.0291545
0.0290917
0.0289815
0.028867
0.0287809
0.0287758
0.0287714
0.0286085
0.02853
0.0285164
0.028453
0.0284232
0.0284068
0.0283486
0.0282909
0.028253
0.0281237
0.0279483
0.0279179
0.0278897
0.0278253
0.0277876
0.0278038
0.0277401
0.0276386
0.0275792
0.027542
0.0275696
0.0275593
0.0274794
0.0274125
0.0273574
0.0273537
0.0273927
0.0273173
0.0273217
0.0275105
0.0276211
0.0276867
0.0277888
0.0278445
0.0278159
0.0279429
0.02798
0.028024
0.0281659
0.0281536
0.0280041
0.0281164
0.0284033
0.0284605
0.0286125
0.0287731
0.0287354
0.0286749
0.028842
0.0288107
0.0287788
0.0287566
0.0288403
0.0288717
0.0289684
0.0290065
0.0289539
0.0289483
0.0289219
0.0290157
0.0290402
0.0290176
0.0290974
0.0290127
0.0289154
0.0290053
0.0289619
0.0287976
0.0287335
0.0288049
0.0287779
0.0287938
0.0287393
0.0286464
0.0284788
0.0284179
0.0284556
0.0283687
0.0283123
0.0282563
0.0282392
0.0282926
0.0283293
0.0283134
0.0282763
0.0283358
0.0283015
0.0282664
0.0282584
0.0281726
0.0280167
0.0279522
0.0280409
0.0280471
0.0278272
0.0277637
0.0277309
0.0276009
0.0275559
0.027571
0.0273967
0.0272762
0.0272499
0.0272946
0.0273813
0.027504
0.0276457
0.027608
0.0276734
0.0278396
0.027829
0.0277545
0.0277872
0.0277935
0.0278205
0.0278349
0.0277905
0.0278575
0.0278712
0.0279829
0.0280189
0.0278816
0.0277896
0.0278462
0.0278752
0.0278975
0.0279166
0.0280222
0.0281115
0.0280727
0.0278372
0.0277675
0.0276094
0.0274915
0.0273841
0.027295
0.0272312
0.0272138
0.0270282
0.0270611
0.0271108
0.027027
0.0271239
0.0271941
0.0271386
0.0271249
0.0272312
0.02738
0.0273606
0.0273465
0.0273969
0.0273808
0.0273358
0.0273484
0.0274707
0.0275102
0.0275627
0.0275373
0.02768
0.0276958
0.027648
0.0276382
0.0277373
0.027793
0.0278271
0.0279015
0.028083
0.0281343
0.0281775
0.0282276
0.0282505
0.0283753
0.0285025
0.0285633
0.0285558
0.0285315
0.0286269
0.028806
0.0288285
0.0288101
0.0288431
0.0289233
0.0289424
0.0289889
0.0291305
0.0292584
0.0293438
0.0292546
0.0292273
0.0292749
0.0291971
0.0290766
0.029116
0.029109
0.0290928
0.0290383
0.0289721
0.0288935
0.0288139
0.0289179
0.028861
0.0288588
0.0289195
0.028782
0.0286217
0.0286176
0.0286003
0.0285961
0.0285197
0.0284614
0.028443
0.0284287
0.0284371
0.0283595
0.0283696
0.0283659
0.0282671
0.0281677
0.028009
0.0279877
0.0277982
0.0276656
0.027604
0.0275794
0.027489
0.0274077
0.0272932
0.0272094
0.0272415
0.0272979
0.0272395
0.02707
0.0270425
0.0271065
0.026989
0.0268029
0.0267734
0.0268418
0.0269247
0.0269355
0.0268815
0.0267938
0.026772
0.0268003
0.0268227
0.0267981
0.026747
0.0267692
0.0267585
0.0266528
0.0265154
0.0265654
0.0266713
0.0267556
0.0267112
0.0267634
0.026806
0.026861
0.026872
0.0269077
0.0268931
0.0269788
0.027032
0.0270069
0.0269676
0.0268875
0.0268978
0.0269207
0.0270719
0.0270663
0.0270463
0.0269048
0.0268846
0.026841
0.0269369
0.0269178
0.0269673
0.026977
0.0270544
0.0270294
0.0270037
0.0270404
0.0269798
0.0271067
0.0273355
0.0274963
0.0275535
0.0275405
0.0275926
0.0276252
0.0277626
0.0279563
0.0281566
0.0281932
0.0283028
0.0283536
0.0284421
0.02852
0.0287503
0.028883
0.0288841
0.028782
0.0287952
0.0288133
0.0289641
0.0290155
0.0291497
0.0291914
0.0292287
0.0291873
0.0293421
0.0292946
0.0293013
0.0292602
0.0292952
0.0292903
0.0294131
0.0294002
0.0294386
0.0294462
0.0295084
0.0295531
0.029582
0.0296256
0.029826
0.0299114
0.0299206
0.029988
0.0300321
0.0300292
0.0301083
0.0301874
0.0302595
0.0303152
0.0303546
0.0303989
0.030358
0.0303898
0.030404
0.0304014
0.0304475
0.0304387
0.0304213
0.0303537
0.0303501
0.0303342
0.0303346
0.0303252
0.030443
0.0304306
0.0304418
0.030401
0.0303847
0.0303639
0.0303313
0.0303438
0.0303798
0.0303717
0.0303477
0.0303248
0.0302638
0.0302547
0.030251
0.0302232
0.0302335
0.0302345
0.0301533
0.03015
0.0300897
0.0301472
0.0300798
0.0300598
0.0301285
0.0300784
0.0300232
0.0300035
0.0299117
0.0298384
0.0297809
0.0297287
0.0296435
0.0296347
0.0296026
0.0295986
0.0295844
0.0295184
0.0295296
0.0294256
0.0293325
0.0292201
0.0291751
0.0291174
0.0291437
0.029093
0.029013
0.0289614
0.0289088
0.0287078
0.028625
0.0284765
0.0284208
0.0283606
0.0283293
0.0283333
0.0283945
0.028336
0.0282364
0.0282194
0.0281564
0.0281288
0.0281079
0.0280821
0.028053
0.0281099
0.0280455
0.0280285
0.0280429
0.0280761
0.028134
0.028174
0.0281142
0.0282163
0.0281873
0.0280737
0.0280606
0.0280446
0.0280245
0.0280411
0.0280321
0.0280073
0.0280161
0.0280607
0.0280867
0.0281665
0.0282064
0.0283169
0.0283749
0.0284781
0.0285474
0.0285699
0.0286218
0.0286684
0.0287103
0.028801
0.0288286
0.02887
0.0289068
0.0289423
0.0289245
0.0290072
0.0290409
0.029115
0.0291708
0.029158
0.0291555
0.0291892
0.0292121
0.0292386
0.0291988
0.0291714
0.0291842
0.0299069
0.0291535
0.0291651
0.0291564
0.029202
0.0292967
0.0291847
0.0299524
0.0293047
0.0299306
0.0293137
0.0292803
0.0293001
0.0300568
0.0294353
0.0301202
0.0294808
0.0301327
0.0294947
0.0295514
0.0302721
0.0295583
0.0295236
0.0294651
0.0294667
0.0294391
0.0294488
0.0294584
0.0293984
0.0293737
0.0293278
0.029236
0.0291991
0.0302301
0.0292158
0.0291845
0.0292149
0.0291866
0.0291746
0.0291717
0.0291245
0.0291143
0.02914
0.0291038
0.0291191
0.029096
0.0291014
0.0291334
0.0290749
0.0290178
0.029017
0.0289107
0.0287934
0.0287634
0.0287035
0.0286553
0.0286238
0.0285828
0.028548
0.0285469
0.0285209
0.0284401
0.0284218
0.0284129
0.0283886
0.0283576
0.0282893
0.0282524
0.0282147
0.0281606
0.0281626
0.028099
0.0280637
0.0280648
0.028021
0.0279682
0.0285887
0.0279781
0.0279698
0.0279263
0.0279426
0.0279573
0.0280222
0.0280518
0.0281257
0.0281179
0.0281762
0.0282012
0.0282352
0.0282195
0.0283124
0.0282968
0.0282859
0.0282452
0.028304
0.0283629
0.0283484
0.0284349
0.0284515
0.0284708
0.0285173
0.0285163
0.0285536
0.0285254
0.0285392
0.0285637
0.0286177
0.0285674
0.028567
0.0285433
0.0285227
0.0284905
0.0284885
0.0290616
0.0284241
0.0284457
0.0285023
0.0285026
0.0285768
0.0286219
0.0285709
0.0285302
0.0284617
0.0285198
0.0285669
0.0285585
0.0285987
0.0287166
0.0288238
0.0288714
0.0289049
0.0290511
0.0292316
0.0293811
0.0295314
0.0296533
0.0297224
0.029843
0.0300185
0.0302043
0.0303158
0.030373
0.0305205
0.0307929
0.0309119
0.0310625
0.0311789
0.0312863
0.0315203
0.0317034
0.0317185
0.0317866
0.0319344
0.0321034
0.0321722
0.0323157
0.0324733
0.032564
0.0325802
0.0326621
0.0328389
0.032936
0.0329962
0.0331275
0.0331973
0.0331778
0.033237
0.0333749
0.0334757
0.033697
0.0337849
0.0337954
0.0339519
0.033991
0.0340989
0.0342551
0.0342693
0.0341657
0.0341748
0.0341711
0.0342626
0.0343368
0.0342214
0.0343006
0.0344091
0.0343762
0.0344144
0.0342471
0.0343331
0.0344176
0.0342464
0.0342226
0.0342942
0.0342886
0.034187
0.0341767
0.0340766
0.0341682
0.0338875
0.0339485
0.0339418
0.0338289
0.0337001
0.0334445
0.0334769
0.0333583
0.033172
0.0332882
0.0332435
0.033235
0.0332948
0.0332344
0.0334546
0.0332783
0.0338575
0.033597
0.0334916
0.0339743
0.033643
0.0334736
0.0337198
0.0336497
0.0337451
0.0338513
0.0340947
0.0339596
0.0335431
0.0334424
0.033579
0.033365
0.0334079
0.0334978
0.0338337
0.0335628
0.0335177
0.0335526
0.0335639
0.0336057
0.033647
0.0336147
0.0338844
0.0340063
0.0339134
0.0339602
0.0340656
0.0340792
0.0340708
0.0341679
0.0342025
0.0340695
0.0341577
0.0340976
0.0341172
0.0339073
0.033922
0.0338714
0.0338049
0.0340223
0.0337619
0.0337429
0.0335413
0.0333231
0.0332142
0.0331325
0.0330946
0.032889
0.0326636
0.0326664
0.0325737
0.0324568
0.0324463
0.0324798
0.0323425
0.0323122
0.0322955
0.0322983
0.0323968
0.0324247
0.0324472
0.0325546
0.0325015
0.0325908
0.0327852
0.0331006
0.0331066
0.0335292
0.0336599
0.0337835
0.0339941
0.0341672
0.0342569
0.0343587
0.0346603
0.0347884
0.0348576
0.0349342
0.0348212
0.0348872
0.0350213
0.0351752
0.0352575
0.0354005
0.0355659
0.0355458
0.0355515
0.0355084
0.035571
0.0356687
0.0356671
0.0357852
0.0356995
0.0357904
0.0357442
0.0357429
0.035636
0.0354839
0.0352552
0.0350347
0.0346581
0.0343494
0.034238
0.0340713
0.0337974
0.033408
0.0333913
0.0332455
0.0332184
0.0332197
0.0333483
0.033345
0.0334533
0.0334314
0.0335122
0.0335015
0.0335778
0.0335271
0.0335887
0.0335067
0.0336709
0.0337472
0.033774
0.0337608
0.0337088
0.0337288
0.0337289
0.0338198
0.0337673
0.0337011
0.0337091
0.0337045
0.0337107
0.0336842
0.0335949
0.0335995
0.0335807
0.0334952
0.0334572
0.0333478
0.0336773
0.0332352
0.0331978
0.0330933
0.0330637
0.0330466
0.0330486
0.032925
0.032784
0.0327664
0.0327661
0.0327687
0.032779
0.0327044
0.0326104
0.0325901
0.0326558
0.0327398
0.032687
0.0325463
0.0324775
0.0326253
0.0327745
0.0327519
0.0327037
0.0326521
0.0326372
0.0325963
0.0325971
0.0326402
0.0330438
0.0327086
0.0327482
0.0327489
0.0328024
0.0327991
0.0327074
0.0326637
0.0327007
0.0327098
0.0326912
0.0327357
0.0327738
0.0327325
0.0326902
0.0326424
0.0326171
0.0325976
0.0325676
0.0325298
0.0324796
0.0324816
0.0324529
0.0324939
0.0325366
0.0325876
0.0324868
0.0324865
0.0324764
0.0324259
0.0324629
0.0323989
0.03248
0.0325595
0.0325637
0.0325926
0.0326229
0.0326273
0.03265
0.0326728
0.0327257
0.032874
0.0330356
0.033033
0.0331168
0.0331337
0.0331587
0.0331622
0.0332078
0.0332017
0.0331818
0.0332476
0.0332671
0.0333613
0.0333532
0.0332812
0.033225
0.0331732
0.0331628
0.0331079
0.0330475
0.0329984
0.0329994
0.0330179
0.0330213
0.0330889
0.0330717
0.0331074
0.0330321
0.0329002
0.0329002
0.0328127
0.0327257
0.0326163
0.0325482
0.0324203
0.0321758
0.0320592
0.0319679
0.0318609
0.0317608
0.0317858
0.0317351
0.0317248
0.031748
0.0317442
0.0318092
0.0317666
0.0316126
0.0314958
0.0313036
0.0312622
0.0312771
0.0312592
0.0312594
0.0312001
0.0311515
0.0310506
0.0309768
0.0310297
0.0309845
0.0309092
0.0308352
0.0306333
0.0306014
0.0303959
0.0302931
0.0301421
0.0299875
0.029872
0.029907
0.0299682
0.0298594
0.0297569
0.0296967
0.0296951
0.0295445
0.029434
0.0292182
0.0291263
0.0289933
0.0289554
0.028799
0.028617
0.0284439
0.0283868
0.0282057
0.0280359
0.0279903
0.0279546
0.0279543
0.0278167
0.0277635
0.0274721
0.027242
0.0271289
0.0268886
0.0268061
0.0266044
0.0265446
0.0264074
0.0262996
0.0262808
0.0261546
0.0261001
0.0259952
0.0260268
0.0260149
0.0259581
0.0258817
0.025907
0.0259489
0.0258032
0.0258184
0.025826
0.0257352
0.0257723
0.0257304
0.0256993
0.0258056
0.0258189
0.0258722
0.0261364
0.0263175
0.0264555
0.0267243
0.0269095
0.027135
0.0273479
0.027436
0.0276659
0.027688
0.0276825
0.0277056
0.027652
0.0275458
0.0275462
0.0274501
0.0273582
0.0273817
0.0272105
0.0271117
0.0270989
0.027023
0.0268528
0.0268364
0.0266519
0.026405
0.0261931
0.0261473
0.0260584
0.02587
0.0256949
0.025457
0.0252883
0.0251426
0.0251021
0.024963
0.0248893
0.0248136
0.0245945
0.0244797
0.024475
0.0242677
0.0241698
0.0242904
0.02417
0.0241387
0.0242367
0.0241133
0.0239836
0.024052
0.0239328
0.0238162
0.0237031
0.0236684
0.0235497
0.023441
0.0232282
0.0231337
0.0231471
0.023005
0.0228918
0.0228963
0.022975
0.0229101
0.0229767
0.022904
0.0228631
0.0230447
0.0231511
0.0231893
0.0234053
0.0236726
0.0238042
0.0240978
0.0244351
0.0245802
0.0248346
0.0250565
0.0252568
0.025339
0.0253763
0.0253977
0.0254503
0.0254174
0.0253504
0.0253758
0.025327
0.0253218
0.0253498
0.0253705
0.0252744
0.0251906
0.0249957
0.0249832
0.0250052
0.0249749
0.0248808
0.0248487
0.0247951
0.024803
0.024839
0.0247344
0.0246368
0.0245758
0.0245943
0.0244597
0.0244722
0.0243712
0.0242785
0.024241
0.0242076
0.0242599
0.0243777
0.0244687
0.0244842
0.0244995
0.0244897
0.0244601
0.0243023
0.02423
0.0242152
0.0242671
0.0242442
0.024232
0.0243383
0.0242176
0.0241512
0.024198
0.0242364
0.024316
0.0244533
0.0243555
0.0243287
0.0244092
0.0244294
0.0245322
0.0246456
0.0246369
0.024861
0.0249485
0.0249694
0.0251335
0.0252141
0.0252305
0.0253683
0.0256472
0.0259407
0.0262597
0.0266726
0.0269222
0.0273001
0.0275656
0.0278478
0.0280311
0.0282756
0.0284318
0.0284818
0.0286917
0.0287126
0.0289183
0.0288389
0.0288692
0.0289165
0.0288994
0.0289295
0.028953
0.0289587
0.0290148
0.028994
0.028996
0.0290449
0.0289868
0.0290517
0.029118
0.0291747
0.0290998
0.0291785
0.029098
0.0292059
0.0291938
0.02932
0.0293125
0.0294127
0.0293836
0.0294711
0.0293992
0.0294084
0.0294029
0.0294983
0.0294802
0.0295164
0.0293842
0.0294896
0.029466
0.0294854
0.0294341
0.0294662
0.0294279
0.0294346
0.0292632
0.0291763
0.0291242
0.0290849
0.0289304
0.0288946
0.0287417
0.0287671
0.0286387
0.028591
0.0284298
0.0284826
0.0285228
0.028492
0.0284937
0.0283999
0.0284016
0.0283877
0.0283315
0.0283472
0.0282881
0.0283284
0.028392
0.0284375
0.0284094
0.0283725
0.0284405
0.0284039
0.0285321
0.0285042
0.028421
0.0284136
0.0284336
0.0284882
0.0283553
0.028423
0.0284504
0.0283829
0.0284767
0.0284434
0.028496
0.0285399
0.0285922
0.0286064
0.028602
0.0287786
0.028851
0.0289451
0.0291363
0.0292172
0.0293912
0.029454
0.0294703
0.0296674
0.0297845
0.0297849
0.0299238
0.0300422
0.0301896
0.0302805
0.0303206
0.0303662
0.0304444
0.0304231
0.0303067
0.0303823
0.0304826
0.0305351
0.0306441
0.0306734
0.0307071
0.0307918
0.0308416
0.0307424
0.0307825
0.0308793
0.0309606
0.0310649
0.0310788
0.0310966
0.0310813
0.031151
0.0312648
0.031305
0.0314768
0.0317057
0.0319428
0.0320135
0.031994
0.0321376
0.032254
0.0322986
0.0323381
0.032485
0.032546
0.0327383
0.0328734
0.0328576
0.0329338
0.0331674
0.0332952
0.0333314
0.0334523
0.0336558
0.0338236
0.0339634
0.0341629
0.0344154
0.0346146
0.0347993
0.0349215
0.035068
0.0352963
0.0355317
0.0356997
0.0358448
0.0360313
0.0362694
0.0364673
0.0365414
0.0367144
0.0369319
0.0371091
0.0372499
0.0374206
0.0375941
0.0378401
0.0380932
0.0382345
0.0383436
0.0385243
0.038732
0.0389288
0.0392217
0.0393719
0.0395542
0.0397913
0.0399802
0.0402256
0.0405236
0.0409405
0.0412331
0.0414458
0.0417634
0.0420478
0.0424028
0.0428747
0.0431688
0.0434642
0.0436467
0.0439635
0.0442771
0.0447167
0.0452607
0.0458718
0.0463555
0.046871
0.0474638
0.0479939
0.048629
0.0491502
0.0497387
0.0502461
0.0507217
0.0510267
0.0513542
0.0518062
0.0522188
0.0525494
0.0529828
0.0532706
0.0536238
0.0539737
0.0542949
0.0546643
0.0549736
0.0553339
0.0556218
0.0559522
0.0563164
0.0568002
0.0571122
0.0574346
0.0579218
0.0583563
0.0586822
0.0590487
0.059463
0.0598102
0.060203
0.0606217
0.0610797
0.0614882
0.0619731
0.0624242
0.062904
0.063458
0.0639773
0.0644543
0.0650344
0.0656426
0.0660717
0.0665322
0.0669594
0.0674205
0.070143
0.0709212
0.0715983
0.0723096
0.0730902
0.0737917
0.0745861
0.0753329
0.0761345
0.0770733
0.0779993
0.0790053
0.0798973
0.0808035
0.0818047
0.0827288
0.0835611
0.0843497
0.0849875
0.0856834
0.0862086
0.0867317
0.0871905
0.0876081
0.08781
0.0881743
0.088562
0.0888968
0.0890728
0.089299
0.0894785
0.0894579
0.0894782
0.0895499
0.0896509
0.0898753
0.0899054
0.0899728
0.0901411
0.0903414
0.0905285
0.0906624
0.0905505
0.0906568
0.0907815
0.0908429
0.0909844
0.0912052
0.0914473
0.0915918
0.0919212
0.0921647
0.0925294
0.0927707
0.093064
0.0932146
0.0934619
0.0937986
0.0941945
0.0947096
0.0951116
0.0958511
0.0963286
0.0969287
0.0974685
0.0980305
0.0987995
0.0995101
0.100133
0.100822
0.101594
0.102423
0.1032
0.104005
0.104842
0.105679
0.106431
0.107352
0.107971
0.10883
0.109337
0.110044
0.110744
0.111387
0.11201
0.112702
0.113627
0.114367
0.115011
0.115564
0.116151
0.116757
0.117263
0.117818
0.118262
0.118821
0.119333
0.119783
0.12033
0.120795
0.121339
0.121937
0.122706
0.123324
0.123938
0.124546
0.125129
0.125671
0.126208
0.12678
0.127172
0.127756
0.128331
0.128819
0.129409
0.129687
0.130024
0.130304
0.130664
0.130922
0.131171
0.131502
0.131745
0.131901
0.132212
0.132615
0.133046
0.133259
0.133618
0.13394
0.134202
0.134493
0.134654
0.134855
0.135395
0.135788
0.136168
0.136768
0.137337
0.137784
0.138488
0.139084
0.13962
0.140279
0.140919
0.14154
0.142217
0.142954
0.143547
0.144146
0.144779
0.145448
0.146076
0.146703
0.147268
0.147893
0.148534
0.149398
0.14995
0.150539
0.151127
0.151801
0.152544
0.153199
0.154154
0.15507
0.155885
0.156788
0.157595
0.158284
0.158958
0.159685
0.16028
0.160986
0.161766
0.16235
0.163036
0.1638
0.164612
0.16542
0.166134
0.166693
0.167236
0.16816
0.168653
0.169388
0.170175
0.170886
0.171558
0.1722
0.172794
0.173365
0.173944
0.174485
0.174974
0.175474
0.175875
0.17616
0.176612
0.176855
0.177095
0.177396
0.1777
0.177986
0.178313
0.178601
0.1789
0.179107
0.179192
0.179382
0.179739
0.179927
0.180153
0.180438
0.180565
0.180735
0.180947
0.181209
0.181362
0.181516
0.181582
0.18177
0.181898
0.182094
0.182175
0.182187
0.182429
0.182601
0.182905
0.182993
0.183302
0.183594
0.183891
0.184103
0.184396
0.184736
0.185031
0.185308
0.185511
0.185933
0.186282
0.186714
0.186982
0.187251
0.187592
0.187986
0.188414
0.188847
0.189278
0.189782
0.190132
0.19056
0.19104
0.19165
0.19207
0.192597
0.193136
0.193516
0.194131
0.194729
0.195224
0.195667
0.196082
0.196631
0.197056
0.197626
0.198137
0.198646
0.199054
0.199551
0.200065
0.200405
0.20074
0.201036
0.201299
0.201745
0.202122
0.202332
0.202637
0.203027
0.203149
0.203321
0.203517
0.203469
0.20367
0.203409
0.203363
0.203424
0.203293
0.203328
0.203275
0.20346
0.20359
0.20375
0.20404
0.204302
0.204531
0.204813
0.205046
0.205416
0.20584
0.20613
0.206638
0.207314
0.207933
0.208368
0.208883
0.209335
0.20988
0.210309
0.210791
0.211365
0.211959
0.212177
0.212811
0.213502
0.213809
0.214269
0.214881
0.215411
0.215953
0.216598
0.217131
0.217788
0.218441
0.218859
0.219329
0.219832
0.22029
0.220795
0.221384
0.222021
0.222594
0.22292
0.223529
0.223777
0.224506
0.225004
0.225427
0.225738
0.226108
0.226433
0.226767
0.227183
0.227658
0.228122
0.228607
0.229013
0.229657
0.230027
0.230484
0.231019
0.231501
0.23212
0.232662
0.233146
0.23342
0.233816
0.234016
0.234321
0.234782
0.235127
0.235454
0.235648
0.235881
0.236035
0.23599
0.236324
0.236497
0.236905
0.237354
0.237707
0.238122
0.238555
0.239105
0.239397
0.239705
0.24015
0.240436
0.240815
0.241071
0.241526
0.242117
0.242454
0.242757
0.24326
0.243837
0.244371
0.244852
0.245459
0.245927
0.246568
0.247129
0.247079
0.244165
0.237884
0.237281
0.238197
0.239038
0.239549
0.24034
0.240799
