0
0
0
0
0
0
-0.0943732
-0.0944284
-0.094415
-0.0945328
-0.0945002
-0.0944005
-0.094367
-0.0944535
-0.0945278
-0.0945202
-0.0945488
-0.0945277
-0.0945607
-0.0946233
-0.0946149
-0.0945956
-0.0945572
-0.0945311
-0.0946474
-0.094594
-0.0945181
-0.0945181
-0.0944342
-0.0944963
-0.0944999
-0.0944633
-0.0944384
-0.0944694
-0.09451
-0.0944614
-0.0945982
-0.0945351
-0.0945768
-0.0945282
-0.0945575
-0.094454
-0.0944047
-0.0944632
-0.0945198
-0.0946055
-0.0946328
-0.0946425
-0.0945867
-0.0945745
-0.0945215
-0.0945882
-0.094605
-0.0944906
-0.094485
-0.094533
-0.0945884
-0.0946695
-0.0946613
-0.0945827
-0.094527
-0.0944637
-0.0944824
-0.0945232
-0.0944912
-0.0944992
-0.0944657
-0.094551
-0.0944947
-0.0945129
-0.094526
-0.0945772
-0.0946097
-0.094543
-0.0945448
-0.0944752
-0.0944582
-0.0944877
-0.0945392
-0.0944636
-0.0945912
-0.0945762
-0.0945102
-0.0945501
-0.094525
-0.0945374
-0.0945834
-0.0945048
-0.0944581
-0.094693
-0.0946897
-0.0946454
-0.0946717
-0.0945307
-0.0945595
-0.0945184
-0.0946316
-0.0946634
-0.0946792
-0.0946231
-0.0945833
-0.0944261
-0.0945167
-0.0946028
-0.0945367
-0.0945272
-0.0946008
-0.0946001
-0.0945317
-0.0945842
-0.0946438
-0.0945535
-0.0945395
-0.0945691
-0.0945803
-0.0947082
-0.0946622
-0.0946006
-0.0945151
-0.0944949
-0.0944935
-0.0945495
-0.0945812
-0.0945852
-0.0945019
-0.094511
-0.0945584
-0.0946478
-0.0945912
-0.0946004
-0.094627
-0.0946051
-0.0946232
-0.0945628
-0.0947083
-0.0946739
-0.0945153
-0.0945759
-0.0944924
-0.0944156
-0.0945586
-0.0946417
-0.0945417
-0.0945609
-0.094596
-0.0946643
-0.0947111
-0.0947645
-0.0946047
-0.094502
-0.094579
-0.0946052
-0.094458
-0.0944444
-0.0945454
-0.0944751
-0.09449
-0.094438
-0.0944204
-0.0943633
-0.0944985
-0.0945098
-0.0944273
-0.0944624
-0.0944471
-0.0944713
-0.0944566
-0.0944188
-0.0944468
-0.0944666
-0.0946275
-0.094681
-0.094599
-0.0946211
-0.0946039
-0.0946224
-0.0946351
-0.0930564
-0.094595
-0.0945661
-0.0945679
-0.0945105
-0.0944929
-0.0945529
-0.0945113
-0.0946358
-0.0946485
-0.0944619
-0.0943963
-0.0945071
-0.0944236
-0.09457
-0.0945136
-0.0945835
-0.0946229
-0.094579
-0.0944413
-0.0945318
-0.0945876
-0.0945962
-0.0946132
-0.0945813
-0.09452
-0.0944355
-0.0944777
-0.0944759
-0.0944393
-0.0942916
-0.0943696
-0.0943838
-0.0943641
-0.0944133
-0.094279
-0.0943625
-0.0944349
-0.0943098
-0.0943368
-0.0942715
-0.0943022
-0.0942249
-0.0943653
-0.0943081
-0.094069
-0.0940429
-0.094231
-0.0942044
-0.0942269
-0.0941403
-0.0940947
-0.0943359
-0.0943406
-0.094289
-0.0943397
-0.0944065
-0.0944621
-0.0946229
-0.0946688
-0.0946842
-0.0946634
-0.0947118
-0.0947271
-0.0948473
-0.094982
-0.0950434
-0.0949271
-0.0950063
-0.0950942
-0.0949357
-0.0947569
-0.0948365
-0.094859
-0.0948545
-0.0948421
-0.0948702
-0.0949542
-0.0948878
-0.0948343
-0.0946504
-0.0946899
-0.0948429
-0.0947626
-0.0948124
-0.0948053
-0.0949236
-0.0949668
-0.0948417
-0.0947485
-0.0947232
-0.0947114
-0.0946599
-0.0946706
-0.0945285
-0.0945957
-0.0945412
-0.0945794
-0.0945668
-0.0944467
-0.0945329
-0.0945463
-0.094517
-0.0946214
-0.0945878
-0.0946954
-0.0947237
-0.0947793
-0.0947019
-0.0946272
-0.0947491
-0.0947281
-0.0946752
-0.0947471
-0.094816
-0.0947578
-0.0947437
-0.0947074
-0.0946762
-0.0947681
-0.0948704
-0.0948141
-0.0948614
-0.0949726
-0.0949308
-0.0949948
-0.0950277
-0.0949623
-0.0948467
-0.0947802
-0.0947804
-0.0946592
-0.0946121
-0.0944151
-0.0942537
-0.0941774
-0.0940006
-0.0938044
-0.0936994
-0.0936123
-0.0933415
-0.0933979
-0.09344
-0.0933773
-0.0933618
-0.0935344
-0.0934925
-0.0935227
-0.0938369
-0.093855
-0.0938425
-0.0941074
-0.0941885
-0.0943565
-0.0944532
-0.0946197
-0.0948604
-0.0949748
-0.095242
-0.095562
-0.0957286
-0.0957943
-0.0957356
-0.0956178
-0.0956057
-0.0955905
-0.0954141
-0.0953463
-0.0951936
-0.0950691
-0.0948398
-0.0946579
-0.0945765
-0.0945041
-0.0941467
-0.0939696
-0.0938423
-0.0938314
-0.0936409
-0.0934952
-0.0933917
-0.0932413
-0.0933322
-0.0933358
-0.0933057
-0.0933905
-0.0934359
-0.0934322
-0.093657
-0.0938212
-0.0938615
-0.0939901
-0.0939653
-0.0939828
-0.0940192
-0.0940502
-0.0939868
-0.0939258
-0.0937156
-0.0934357
-0.09361
-0.0936905
-0.0936476
-0.0936552
-0.0936683
-0.0936941
-0.0938269
-0.0939284
-0.0940177
-0.094247
-0.0944425
-0.0946445
-0.0948125
-0.095198
-0.095314
-0.095422
-0.0954444
-0.0956008
-0.0957188
-0.0957964
-0.0958994
-0.0959199
-0.0959739
-0.0956903
-0.0954719
-0.0953189
-0.0952937
-0.0951232
-0.094918
-0.0947559
-0.0944428
-0.0940985
-0.0940882
-0.0939401
-0.0937986
-0.0935365
-0.0934496
-0.093453
-0.0935233
-0.0935722
-0.0935744
-0.0934941
-0.0934045
-0.0934553
-0.0934451
-0.0933608
-0.0931866
-0.0931128
-0.0928108
-0.0927966
-0.0926361
-0.0924912
-0.0922858
-0.0922718
-0.0924647
-0.0926196
-0.0926802
-0.0927755
-0.0929157
-0.0932102
-0.0936511
-0.0939511
-0.0941322
-0.094412
-0.0947575
-0.0950419
-0.0952806
-0.095307
-0.0953233
-0.0953849
-0.0954856
-0.0954307
-0.0953573
-0.0952925
-0.0953015
-0.0936589
-0.0950351
-0.0949005
-0.0947058
-0.0945264
-0.0945031
-0.0943621
-0.0942418
-0.0942337
-0.0943213
-0.0942813
-0.0943264
-0.0943928
-0.0942815
-0.0940469
-0.0938646
-0.0935679
-0.0931489
-0.092602
-0.0921275
-0.0918478
-0.0916294
-0.0914596
-0.0912414
-0.0911929
-0.0911152
-0.0914425
-0.0915061
-0.091565
-0.0920576
-0.0924748
-0.0930495
-0.0936685
-0.0940964
-0.0946956
-0.0950438
-0.0951691
-0.095318
-0.0956586
-0.0958162
-0.0960282
-0.096017
-0.0959314
-0.0961308
-0.0960296
-0.0959249
-0.0958187
-0.0956028
-0.0955593
-0.0952819
-0.0951726
-0.0950815
-0.0949613
-0.0948727
-0.0948149
-0.0946575
-0.0943456
-0.0942275
-0.0939744
-0.0936763
-0.0933541
-0.0928143
-0.0923642
-0.092021
-0.0915694
-0.0911841
-0.0909078
-0.0907912
-0.090599
-0.0903863
-0.0904045
-0.0905822
-0.0909483
-0.0911355
-0.0915874
-0.0918177
-0.0922123
-0.0925274
-0.0927195
-0.0930002
-0.0933724
-0.093598
-0.0937816
-0.0938737
-0.0940421
-0.0929976
-0.0944467
-0.0946118
-0.0946757
-0.0947523
-0.0948666
-0.0949866
-0.0950058
-0.0951354
-0.095236
-0.0953568
-0.0953666
-0.095386
-0.0953027
-0.0950279
-0.094915
-0.0946949
-0.0942005
-0.0937279
-0.0929914
-0.092512
-0.0922154
-0.0916773
-0.0913168
-0.0908863
-0.0906512
-0.0905356
-0.0904606
-0.0904763
-0.0904831
-0.0905792
-0.0907291
-0.0913107
-0.0916293
-0.0919628
-0.0923349
-0.0927345
-0.0929948
-0.0918243
-0.0935141
-0.0936794
-0.0938231
-0.0940676
-0.0940599
-0.0939788
-0.0941081
-0.0942372
-0.0943479
-0.0944602
-0.0944807
-0.0944734
-0.0944393
-0.0931959
-0.0947817
-0.0948358
-0.0948513
-0.0950616
-0.0948481
-0.09485
-0.0948498
-0.0947092
-0.0945335
-0.0941758
-0.0924288
-0.0934457
-0.0931042
-0.0925693
-0.0918688
-0.0913122
-0.0909285
-0.0904472
-0.0901748
-0.0900186
-0.0898077
-0.0898683
-0.0899329
-0.0899852
-0.0901201
-0.0902804
-0.0906031
-0.0907257
-0.0909313
-0.0910659
-0.0914404
-0.0918071
-0.091895
-0.0920365
-0.0919781
-0.0919112
-0.0919415
-0.0921337
-0.0922351
-0.0923114
-0.0924184
-0.0924824
-0.0926707
-0.0929681
-0.0931632
-0.0934259
-0.0935542
-0.0937711
-0.0939804
-0.0941156
-0.0943563
-0.0945457
-0.0946507
-0.0948138
-0.0949299
-0.0948683
-0.0945977
-0.0942588
-0.0942119
-0.0939276
-0.093231
-0.0928527
-0.0923215
-0.0918143
-0.0913921
-0.0911159
-0.0907864
-0.0902724
-0.0901513
-0.0901321
-0.0899963
-0.0899527
-0.0899655
-0.0899789
-0.0901485
-0.0902379
-0.0901974
-0.0904086
-0.0907752
-0.091041
-0.0910751
-0.0912843
-0.0916477
-0.0920399
-0.0922244
-0.0924311
-0.0926851
-0.0927457
-0.0929505
-0.0931157
-0.0931192
-0.0931764
-0.0930995
-0.093289
-0.0934036
-0.0935213
-0.093523
-0.0937127
-0.0938733
-0.093957
-0.0941109
-0.0940211
-0.0940942
-0.0939474
-0.0938139
-0.0937347
-0.0921817
-0.0932276
-0.0930871
-0.0930587
-0.0927291
-0.0925676
-0.0923125
-0.0921777
-0.0921213
-0.0918361
-0.0916525
-0.0915636
-0.0915719
-0.091454
-0.0911106
-0.09106
-0.0908758
-0.0907743
-0.0906264
-0.0904835
-0.090395
-0.0903857
-0.0902815
-0.0903556
-0.0904283
-0.0904689
-0.0905643
-0.0907281
-0.0908663
-0.0909772
-0.091025
-0.0913917
-0.0914721
-0.0916007
-0.0918023
-0.0918336
-0.0920418
-0.0921404
-0.0922135
-0.0922941
-0.0924911
-0.0925612
-0.0928146
-0.0931113
-0.0932754
-0.093346
-0.0934656
-0.0934621
-0.0934769
-0.0938905
-0.093928
-0.0935411
-0.0935555
-0.09369
-0.0935172
-0.0933506
-0.0930441
-0.0929069
-0.0928012
-0.0926423
-0.0925345
-0.0921789
-0.0919547
-0.0905053
-0.0916091
-0.0912765
-0.0910479
-0.0909341
-0.0907718
-0.090681
-0.0893102
-0.0905574
-0.0904844
-0.0904364
-0.0905154
-0.0905126
-0.0891851
-0.0904345
-0.0905678
-0.0907229
-0.0908143
-0.0910046
-0.0911492
-0.0911562
-0.0911952
-0.0912791
-0.0914217
-0.0901764
-0.091516
-0.0917779
-0.091775
-0.0918779
-0.0919841
-0.0921187
-0.092335
-0.0924147
-0.0925851
-0.0915043
-0.0928178
-0.0928777
-0.0929095
-0.0929822
-0.0930586
-0.093154
-0.0931763
-0.0917938
-0.0928434
-0.0929294
-0.0916158
-0.0926234
-0.0911455
-0.0910046
-0.0908894
-0.0919307
-0.0917408
-0.0914774
-0.0915139
-0.091424
-0.0912864
-0.0911355
-0.0912003
-0.0911745
-0.0911855
-0.091132
-0.0910842
-0.0910681
-0.0911814
-0.0910829
-0.0909132
-0.0909566
-0.0909678
-0.0909331
-0.0911025
-0.0910268
-0.0910986
-0.0910971
-0.0911072
-0.0912067
-0.0899713
-0.0913522
-0.0914907
-0.0901688
-0.0915595
-0.0916006
-0.0917337
-0.0918699
-0.0920358
-0.0919773
-0.0922054
-0.0921933
-0.0909066
-0.0922695
-0.0924232
-0.0911932
-0.0912344
-0.0925192
-0.092469
-0.0925343
-0.0925626
-0.0924949
-0.0926195
-0.0913417
-0.0926307
-0.0926118
-0.0926504
-0.0926236
-0.0923939
-0.0922908
-0.0921451
-0.0921162
-0.0906635
-0.0918365
-0.0916846
-0.0903695
-0.0915746
-0.0914054
-0.0913091
-0.0913109
-0.0912631
-0.0912989
-0.0912047
-0.0896895
-0.0910646
-0.091085
-0.0897929
-0.0897267
-0.0910455
-0.0899044
-0.0911818
-0.0911712
-0.0912125
-0.0913808
-0.0917828
-0.0904629
-0.0917843
-0.0918487
-0.0908887
-0.0921064
-0.0919695
-0.0920591
-0.0922501
-0.0909987
-0.0922813
-0.0923734
-0.0923701
-0.0911004
-0.092485
-0.0924864
-0.0925564
-0.092592
-0.0925406
-0.0924422
-0.0926672
-0.0926515
-0.0925991
-0.0911192
-0.092253
-0.0922335
-0.0909043
-0.0921336
-0.0907967
-0.0919706
-0.0919503
-0.0918532
-0.0904229
-0.0903655
-0.0916779
-0.0903049
-0.0901205
-0.0913895
-0.0900613
-0.089907
-0.091198
-0.0912001
-0.0911627
-0.0899532
-0.091294
-0.09118
-0.0898361
-0.0898947
-0.0912841
-0.0912807
-0.09131
-0.0913223
-0.0902456
-0.0902402
-0.0915457
-0.090521
-0.0906469
-0.0919057
-0.0919671
-0.0907889
-0.0921494
-0.0921771
-0.0921949
-0.092101
-0.0923274
-0.0912907
-0.0926301
-0.0912227
-0.0912499
-0.0926776
-0.0927007
-0.0927719
-0.0926463
-0.0925104
-0.0913378
-0.0926006
-0.0924931
-0.0922865
-0.0908909
-0.0921863
-0.0920919
-0.091979
-0.091931
-0.0903848
-0.0917084
-0.0918479
-0.0904735
-0.0916355
-0.0903287
-0.0901208
-0.0911912
-0.0911914
-0.0898779
-0.0912228
-0.0898915
-0.0912172
-0.09103
-0.0912139
-0.0913272
-0.0913754
-0.0912903
-0.091277
-0.0914025
-0.0901752
-0.0915188
-0.091568
-0.0904183
-0.0919434
-0.0905936
-0.0905864
-0.0919895
-0.0920821
-0.0921212
-0.092166
-0.0922758
-0.0922101
-0.0921997
-0.0922968
-0.092354
-0.0923191
-0.0923574
-0.0909864
-0.0922232
-0.0922995
-0.0922582
-0.0922518
-0.0920991
-0.0920863
-0.0919218
-0.0918189
-0.0918667
-0.0919335
-0.0917348
-0.0916218
-0.0916348
-0.0916591
-0.0917178
-0.0916825
-0.0915593
-0.0914881
-0.0913637
-0.0912941
-0.0913676
-0.0914522
-0.091409
-0.091509
-0.0914998
-0.0916659
-0.0916626
-0.0916252
-0.0916016
-0.0915909
-0.0915915
-0.0916224
-0.091861
-0.090641
-0.0918717
-0.0919427
-0.0918656
-0.0918343
-0.0921009
-0.092218
-0.0921725
-0.0922602
-0.0921557
-0.0920526
-0.0908494
-0.0921264
-0.0922815
-0.0909398
-0.0922255
-0.0919825
-0.0919577
-0.0920403
-0.0908353
-0.0907063
-0.0919035
-0.091761
-0.091669
-0.0917644
-0.0916894
-0.0916182
-0.0915027
-0.0900627
-0.0912927
-0.0912867
-0.0912796
-0.090049
-0.0901309
-0.0915111
-0.0901513
-0.0900939
-0.0913648
-0.0900777
-0.0900803
-0.0915613
-0.0915246
-0.0915879
-0.09043
-0.0917225
-0.0917252
-0.0918232
-0.0919286
-0.0918974
-0.0919479
-0.0920403
-0.0907348
-0.0907507
-0.092043
-0.0908437
-0.0922209
-0.09219
-0.0921498
-0.0922178
-0.0921891
-0.0921116
-0.0921212
-0.0922722
-0.0921739
-0.0920368
-0.0918326
-0.091829
-0.0905024
-0.0917813
-0.0917709
-0.0917882
-0.0904912
-0.0917012
-0.0917545
-0.0916447
-0.0902363
-0.0914417
-0.091452
-0.0900543
-0.0913706
-0.0914206
-0.0900873
-0.0915276
-0.0903679
-0.0914979
-0.091467
-0.091492
-0.0915181
-0.0914877
-0.0915956
-0.0904084
-0.091876
-0.0918873
-0.0905897
-0.0918475
-0.0919538
-0.0921368
-0.0921337
-0.0908219
-0.0920427
-0.0919587
-0.0921468
-0.0921582
-0.0921067
-0.090765
-0.0907149
-0.0920762
-0.0920954
-0.0920675
-0.0921148
-0.0921691
-0.0920345
-0.0918466
-0.0917551
-0.0918381
-0.09178
-0.0904876
-0.0917312
-0.0916782
-0.0902981
-0.0915173
-0.0916135
-0.0904457
-0.0917883
-0.0916224
-0.0903516
-0.0915259
-0.0916116
-0.0915132
-0.0914493
-0.090164
-0.0915631
-0.0916131
-0.0902454
-0.0913784
-0.0914742
-0.0914567
-0.0914675
-0.0914248
-0.0914194
-0.0914393
-0.0914002
-0.0900124
-0.0914184
-0.091561
-0.0916718
-0.0917756
-0.0918712
-0.0920397
-0.0920297
-0.092123
-0.0921549
-0.0922426
-0.0923007
-0.0924558
-0.0912386
-0.0925035
-0.0924934
-0.092424
-0.0923263
-0.0909051
-0.0921172
-0.0907225
-0.0920263
-0.0918749
-0.091866
-0.091751
-0.0916812
-0.090293
-0.0916663
-0.0917362
-0.0918473
-0.0917803
-0.0917024
-0.0915759
-0.0915224
-0.0901169
-0.0914477
-0.0900414
-0.0912538
-0.0912557
-0.089923
-0.0911367
-0.0912254
-0.0912701
-0.0912331
-0.0912046
-0.0911671
-0.0913216
-0.0914633
-0.0915253
-0.0915241
-0.0902441
-0.0916532
-0.0917599
-0.0906573
-0.0919872
-0.0919678
-0.0919349
-0.0919076
-0.0918428
-0.0918384
-0.0918821
-0.0918461
-0.0906411
-0.0919023
-0.0920889
-0.0922358
-0.0922708
-0.0909467
-0.0922037
-0.0922266
-0.0922006
-0.0908818
-0.0920872
-0.0921113
-0.0920549
-0.0922623
-0.0909296
-0.0921632
-0.0922106
-0.0922021
-0.0920551
-0.0920982
-0.092009
-0.0918508
-0.0916119
-0.0915122
-0.0914107
-0.0912785
-0.0913622
-0.0911947
-0.0911406
-0.0911104
-0.0910981
-0.0910934
-0.0910729
-0.0910398
-0.0911179
-0.0910356
-0.0910565
-0.0911977
-0.0912315
-0.0912904
-0.0913895
-0.0914829
-0.0914116
-0.0915146
-0.0916641
-0.0917194
-0.0918257
-0.091857
-0.0919834
-0.0920255
-0.092181
-0.0922769
-0.0923043
-0.0922638
-0.0922769
-0.0924235
-0.0911255
-0.092308
-0.0922185
-0.0923617
-0.0923885
-0.0923977
-0.0922589
-0.0920749
-0.0921421
-0.0920916
-0.0919833
-0.0919346
-0.0917383
-0.0916709
-0.0916695
-0.0915343
-0.0914664
-0.0901473
-0.091428
-0.0914383
-0.0915282
-0.0915723
-0.0915448
-0.0914167
-0.0916051
-0.091442
-0.0912792
-0.0912155
-0.0913245
-0.0912366
-0.0911424
-0.0910417
-0.0911906
-0.0898186
-0.089879
-0.091242
-0.0912159
-0.0913181
-0.0900631
-0.0914197
-0.0914171
-0.0913567
-0.0915581
-0.0904945
-0.0919359
-0.0920649
-0.0921034
-0.0922491
-0.0923102
-0.092223
-0.0908745
-0.0923429
-0.0922993
-0.0921409
-0.0921258
-0.0920173
-0.0921323
-0.0920596
-0.0918809
-0.090491
-0.091736
-0.0905689
-0.0917565
-0.0915619
-0.0900589
-0.0913969
-0.0914591
-0.0912983
-0.0913952
-0.0913828
-0.0914281
-0.0913979
-0.091419
-0.091359
-0.091363
-0.0915093
-0.0914109
-0.0913612
-0.0911411
-0.0910246
-0.0909806
-0.090807
-0.089519
-0.0907158
-0.0892773
-0.090767
-0.090862
-0.0909349
-0.0911299
-0.0913252
-0.0914095
-0.0903295
-0.0916189
-0.091666
-0.0904265
-0.0918585
-0.0920708
-0.0920704
-0.0920367
-0.0920972
-0.0921928
-0.0921092
-0.0906405
-0.0919376
-0.0918965
-0.0905443
-0.0917807
-0.0918451
-0.0918737
-0.0919673
-0.0919896
-0.0918597
-0.0919534
-0.0919804
-0.0907059
-0.0918655
-0.0918707
-0.091795
-0.0915748
-0.0913462
-0.0900378
-0.0911468
-0.090937
-0.0907648
-0.0906621
-0.090612
-0.0893066
-0.090588
-0.0905451
-0.0907541
-0.0908104
-0.0909292
-0.0911504
-0.0911933
-0.091274
-0.0901537
-0.0913143
-0.0912708
-0.090045
-0.0910993
-0.0912086
-0.0911723
-0.0912216
-0.0912912
-0.0912408
-0.0912314
-0.0899404
-0.0912929
-0.0913128
-0.0913887
-0.0913949
-0.0914369
-0.0904163
-0.0916811
-0.0916682
-0.0916704
-0.0916334
-0.091615
-0.0916096
-0.0915947
-0.0916904
-0.0901836
-0.0916182
-0.0915178
-0.091484
-0.0913389
-0.091429
-0.0901087
-0.0912755
-0.0900519
-0.0901433
-0.0910947
-0.0912634
-0.089893
-0.0910746
-0.0910293
-0.091069
-0.0910266
-0.0910158
-0.0910456
-0.0909669
-0.0910379
-0.0909347
-0.0908784
-0.0907617
-0.0907069
-0.0906154
-0.0905357
-0.0904009
-0.0890504
-0.0903711
-0.0904275
-0.0905707
-0.0906269
-0.0906801
-0.0906731
-0.0897086
-0.0910535
-0.0912886
-0.0902442
-0.0914927
-0.0915469
-0.0916777
-0.091773
-0.0918919
-0.0919299
-0.091885
-0.0919523
-0.0918867
-0.0920553
-0.0919421
-0.0919596
-0.0919101
-0.0906975
-0.0918504
-0.0905356
-0.091756
-0.0916168
-0.0914239
-0.0912356
-0.0900382
-0.0912399
-0.0911183
-0.0910994
-0.0911499
-0.0911032
-0.0911803
-0.0910201
-0.0909996
-0.0911325
-0.0910193
-0.0910991
-0.0909577
-0.0908121
-0.0908318
-0.090873
-0.0907873
-0.0907658
-0.0907372
-0.0908016
-0.0907066
-0.090753
-0.0908187
-0.0908474
-0.0908179
-0.0909439
-0.0909659
-0.0911154
-0.0912166
-0.089917
-0.0912345
-0.0913642
-0.0901975
-0.0914916
-0.0915384
-0.090344
-0.0916056
-0.0916608
-0.0918792
-0.0917696
-0.091677
-0.0916417
-0.0917454
-0.0917001
-0.091644
-0.0916675
-0.0915373
-0.0915827
-0.0915717
-0.0914873
-0.0914706
-0.0912779
-0.0911339
-0.0911107
-0.0911506
-0.0910579
-0.0911055
-0.0910046
-0.0908552
-0.0907688
-0.0907465
-0.0907993
-0.0907358
-0.0906037
-0.0893914
-0.0906462
-0.0906972
-0.0908575
-0.0910615
-0.0911371
-0.0910625
-0.0910581
-0.0910993
-0.0912106
-0.0911931
-0.091187
-0.0911656
-0.0911408
-0.0910941
-0.0910538
-0.0910461
-0.091055
-0.0911352
-0.0911118
-0.0910738
-0.0910605
-0.0912568
-0.0912562
-0.0911582
-0.0910694
-0.0911023
-0.091217
-0.0913059
-0.0913902
-0.0913036
-0.0913921
-0.0912794
-0.0911868
-0.0910459
-0.091192
-0.0912253
-0.0910308
-0.091011
-0.0910139
-0.091154
-0.0910626
-0.0910238
-0.0909177
-0.0910819
-0.0911289
-0.0911095
-0.0911334
-0.0910496
-0.0910864
-0.0911169
-0.0910982
-0.0910539
-0.0910483
-0.0911256
-0.0910522
-0.090929
-0.0909999
-0.0909932
-0.0910882
-0.0909413
-0.0909298
-0.090791
-0.0906971
-0.0907744
-0.0907852
-0.0908678
-0.0907664
-0.0907186
-0.0906903
-0.0907988
-0.0908347
-0.0908205
-0.0908366
-0.0906792
-0.0907694
-0.0906795
-0.0907267
-0.0906917
-0.0904869
-0.0905909
-0.0908751
-0.0909188
-0.0908936
-0.0909856
-0.0909885
-0.0910751
-0.0911208
-0.0911937
-0.0912625
-0.0913116
-0.0912633
-0.0912629
-0.0912602
-0.091443
-0.0914695
-0.0914629
-0.091441
-0.09144
-0.0916295
-0.0917544
-0.0917562
-0.0916841
-0.0916149
-0.0915143
-0.0914771
-0.0913117
-0.0911444
-0.0909191
-0.0907201
-0.0906366
-0.0904917
-0.0904636
-0.0903724
-0.0904486
-0.0902528
-0.0904721
-0.0905384
-0.090628
-0.0906999
-0.0906718
-0.0906461
-0.0906968
-0.0906281
-0.0905522
-0.0904386
-0.0904131
-0.0903298
-0.090357
-0.0903584
-0.0903885
-0.0905346
-0.0906293
-0.0906895
-0.0908343
-0.0908602
-0.0908239
-0.0908318
-0.0908861
-0.0907119
-0.0906945
-0.0907801
-0.0907885
-0.0907578
-0.0907577
-0.0909911
-0.0911074
-0.0910892
-0.0912021
-0.0912281
-0.0916358
-0.0915916
-0.0915839
-0.0915551
-0.091645
-0.0916414
-0.0914792
-0.0913258
-0.0913895
-0.0912924
-0.0911888
-0.0910552
-0.0909963
-0.0908446
-0.0909715
-0.0910687
-0.0911345
-0.0911918
-0.091242
-0.0911362
-0.0910234
-0.0910379
-0.0909123
-0.0907629
-0.0905516
-0.0902071
-0.089954
-0.0898398
-0.0899493
-0.0899583
-0.0900212
-0.0900144
-0.090046
-0.0903059
-0.09038
-0.0905284
-0.090764
-0.0907939
-0.0908102
-0.0909275
-0.0910571
-0.0909584
-0.0908463
-0.0908611
-0.0908198
-0.0906718
-0.0905605
-0.0906084
-0.0907045
-0.0907534
-0.090965
-0.0909192
-0.0913018
-0.0913755
-0.0915315
-0.0915283
-0.0916374
-0.0916932
-0.0917178
-0.0915978
-0.0915627
-0.0915408
-0.0915019
-0.0913786
-0.091265
-0.0910507
-0.0897139
-0.0906346
-0.0904601
-0.0902663
-0.0901811
-0.0900263
-0.0899797
-0.0899431
-0.0900123
-0.0900941
-0.0902579
-0.0903377
-0.090604
-0.0905697
-0.0908504
-0.0907501
-0.0908369
-0.09074
-0.0908739
-0.0908823
-0.0907418
-0.0905993
-0.0905487
-0.0905983
-0.0906782
-0.0906406
-0.0905084
-0.0905589
-0.0906102
-0.0906588
-0.0907574
-0.0907808
-0.0907641
-0.0908541
-0.0908894
-0.0909589
-0.0911904
-0.0912212
-0.0913706
-0.0911433
-0.0911188
-0.0910237
-0.0910081
-0.0909342
-0.0907704
-0.0907061
-0.0905935
-0.09063
-0.0905323
-0.0904858
-0.0904924
-0.0904537
-0.0903927
-0.0905756
-0.0906566
-0.0906116
-0.0906269
-0.0907698
-0.0908975
-0.0909428
-0.0909726
-0.090873
-0.0908476
-0.091007
-0.0910054
-0.0910406
-0.0909434
-0.0910231
-0.090987
-0.0910339
-0.0910907
-0.0910571
-0.0910123
-0.0908064
-0.0907778
-0.0906115
-0.0906218
-0.0904252
-0.0903335
-0.0903115
-0.0903468
-0.0901713
-0.0900997
-0.090117
-0.090238
-0.0903198
-0.0904363
-0.0904975
-0.0904413
-0.0904107
-0.0905021
-0.0904512
-0.0904806
-0.09049
-0.0905185
-0.0906476
-0.0907874
-0.0909453
-0.0909638
-0.0910381
-0.0908392
-0.0910555
-0.0911101
-0.0912031
-0.0911191
-0.0910955
-0.0911161
-0.0911373
-0.0910291
-0.0908565
-0.0907931
-0.0908611
-0.0907755
-0.0907449
-0.0907504
-0.0905548
-0.0904483
-0.0904152
-0.0903402
-0.0902687
-0.0902005
-0.0903041
-0.0904068
-0.0904586
-0.0906576
-0.0906141
-0.0905619
-0.0907083
-0.0908189
-0.0909645
-0.0912045
-0.0914781
-0.091526
-0.0915527
-0.0916283
-0.0917103
-0.091669
-0.0917586
-0.0917431
-0.091799
-0.0919013
-0.0918617
-0.0919999
-0.0921
-0.092132
-0.0921032
-0.0921256
-0.092189
-0.0922361
-0.0922393
-0.0921875
-0.0923506
-0.0922649
-0.0920368
-0.092208
-0.0921037
-0.0921184
-0.0919328
-0.0917864
-0.0915483
-0.0916517
-0.0916167
-0.0917031
-0.0916789
-0.091767
-0.0917385
-0.0918326
-0.0918197
-0.0917299
-0.0919208
-0.0920645
-0.0922788
-0.0921679
-0.0920918
-0.0922204
-0.0924601
-0.0925467
-0.0926428
-0.092643
-0.0927754
-0.0929014
-0.0931942
-0.0932856
-0.0932742
-0.0934684
-0.093729
-0.0938684
-0.0939891
-0.0940719
-0.0942629
-0.0944544
-0.0946648
-0.0949039
-0.0950539
-0.0953307
-0.095363
-0.0954922
-0.0955979
-0.0955646
-0.0957197
-0.0958645
-0.0959039
-0.0959137
-0.0959337
-0.0960706
-0.0960918
-0.0962343
-0.0962915
-0.09624
-0.0962928
-0.0963288
-0.0966083
-0.096619
-0.0966055
-0.0967463
-0.0968468
-0.0969485
-0.0970223
-0.0970592
-0.096978
-0.0971422
-0.0974928
-0.0976751
-0.0976983
-0.0976794
-0.0978204
-0.0980101
-0.0982603
-0.098377
-0.0986116
-0.0988992
-0.0990493
-0.0991936
-0.0994321
-0.0997532
-0.100029
-0.100415
-0.100343
-0.100744
-0.101175
-0.101614
-0.101882
-0.102059
-0.102338
-0.10254
-0.102864
-0.103269
-0.103495
-0.103954
-0.104272
-0.104668
-0.105066
-0.105328
-0.105677
-0.105929
-0.106347
-0.106669
-0.107085
-0.107126
-0.107516
-0.10775
-0.107855
-0.108126
-0.108417
-0.108773
-0.108999
-0.10931
-0.109659
-0.109913
-0.110182
-0.110472
-0.110744
-0.111095
-0.111621
-0.112031
-0.11246
-0.112884
-0.113213
-0.113708
-0.114097
-0.114629
-0.115002
-0.115598
-0.116344
-0.116934
-0.117597
-0.11809
-0.118659
-0.119419
-0.120171
-0.120636
-0.121278
-0.121843
-0.122558
-0.123168
-0.123699
-0.124335
-0.125085
-0.1257
-0.126332
-0.127153
-0.127853
-0.128556
-0.129384
-0.130283
-0.131041
-0.131903
-0.132726
-0.133521
-0.134342
-0.13512
-0.135942
-0.13672
-0.137256
-0.137978
-0.138544
-0.139166
-0.139802
-0.140329
-0.140752
-0.141443
-0.142225
-0.142875
-0.143476
-0.14417
-0.144892
-0.145577
-0.146178
-0.14702
-0.147661
-0.148372
-0.149316
-0.150243
-0.151126
-0.151957
-0.152825
-0.153707
-0.154521
-0.155461
-0.156421
-0.157406
-0.158412
-0.159539
-0.160844
-0.162245
-0.163427
-0.1646
-0.16591
-0.167166
-0.168351
-0.169741
-0.171013
-0.172306
-0.173577
-0.174953
-0.17614
-0.17735
-0.178557
-0.179679
-0.180944
-0.182218
-0.18356
-0.18484
-0.186053
-0.187267
-0.188716
-0.19016
-0.191694
-0.193326
-0.194822
-0.196537
-0.198029
-0.199679
-0.201151
-0.20286
-0.204268
-0.20564
-0.20698
-0.208152
-0.209397
-0.210678
-0.211849
-0.2132
-0.214464
-0.215798
-0.217177
-0.218507
-0.219943
-0.221061
-0.22234
-0.223946
-0.225074
-0.226315
-0.227482
-0.228816
-0.230057
-0.231337
-0.232661
-0.233898
-0.234875
-0.236146
-0.237302
-0.238682
-0.239794
-0.240953
-0.242214
-0.243512
-0.244672
-0.245775
-0.247173
-0.248648
-0.250068
-0.251422
-0.25286
-0.25439
-0.256037
-0.257636
-0.259328
-0.261056
-0.262952
-0.264582
-0.266062
-0.267674
-0.269187
-0.270659
-0.272028
-0.273443
-0.274977
-0.276336
-0.277783
-0.279184
-0.280818
-0.282238
-0.283541
-0.2847
-0.286139
-0.287288
-0.288542
-0.290041
-0.291396
-0.292952
-0.294496
-0.29586
-0.297412
-0.298871
-0.300118
-0.301473
-0.302822
-0.304128
-0.305511
-0.306847
-0.30811
-0.309338
-0.310663
-0.311912
-0.313057
-0.314327
-0.315637
-0.317058
-0.318268
-0.319629
-0.321038
-0.322237
-0.323423
-0.324652
-0.325733
-0.326889
-0.328028
-0.329252
-0.330262
-0.331274
-0.332233
-0.333506
-0.334575
-0.335737
-0.336707
-0.337755
-0.338939
-0.341276
-0.342307
-0.343405
-0.34326
-0.345704
-0.34682
-0.347947
-0.349087
-0.350129
-0.35125
-0.352356
-0.353353
-0.354266
-0.355136
-0.356093
-0.357077
-0.358224
-0.35924
-0.360366
-0.361376
-0.362394
-0.363337
-0.364268
-0.365223
-0.36612
-0.367157
-0.368177
-0.369158
-0.370272
-0.37129
-0.372369
-0.373393
-0.374411
-0.375366
-0.376275
-0.377219
-0.378258
-0.379245
-0.380302
-0.381372
-0.38221
-0.383171
-0.384016
-0.384894
-0.38591
-0.386884
-0.387828
-0.388721
-0.389704
-0.390582
-0.391429
-0.392273
-0.393081
-0.393985
-0.394856
-0.395583
-0.396411
-0.397185
-0.398056
-0.398885
-0.399659
-0.400375
-0.401046
-0.401741
-0.402345
-0.402948
-0.403595
-0.404143
-0.404716
-0.405282
-0.405852
-0.406451
-0.407075
-0.407615
-0.408225
-0.408796
-0.409268
-0.409765
-0.41033
-0.410902
-0.411438
-0.412003
-0.41259
-0.41316
-0.413683
-0.4141
-0.414607
-0.415068
-0.415567
-0.415977
-0.416424
-0.416894
-0.417326
-0.417676
-0.418032
-0.418457
-0.418832
-0.41923
-0.41962
-0.419991
-0.420456
-0.420873
-0.421415
-0.421795
-0.422214
-0.422689
-0.423123
-0.423492
-0.423859
-0.424235
-0.424567
-0.425028
-0.4254
-0.425876
-0.426193
-0.42658
-0.426938
-0.427339
-0.427705
-0.427982
-0.428287
-0.428576
-0.428796
-0.42904
-0.429312
-0.429565
-0.429857
-0.429979
-0.430321
-0.430499
-0.430672
-0.430806
-0.430995
-0.431203
-0.431362
-0.431458
-0.431558
-0.431732
-0.431932
-0.432114
-0.432249
-0.432386
-0.432629
-0.432881
-0.433056
-0.433317
-0.433565
-0.433712
-0.43395
-0.434136
-0.434315
-0.434643
-0.434857
-0.434995
-0.435244
-0.435563
-0.4358
-0.436004
-0.43622
-0.436375
-0.436619
-0.436919
-0.437206
-0.437508
-0.437823
-0.438115
-0.43839
-0.438718
-0.438999
-0.439377
-0.439725
-0.440042
-0.440293
-0.440571
-0.440844
-0.441174
-0.441442
-0.441765
-0.44205
-0.44235
-0.442674
-0.442981
-0.443357
-0.443672
-0.444014
-0.444321
-0.444668
-0.444951
-0.445134
-0.44535
-0.445661
-0.445923
-0.446153
-0.44642
-0.446653
-0.446909
-0.447204
-0.447371
-0.447636
-0.447792
-0.448063
-0.44837
-0.44863
-0.44882
-0.449062
-0.449231
-0.449455
-0.449663
-0.449926
-0.450227
-0.450535
-0.450816
-0.451073
-0.451377
-0.451612
-0.451793
-0.45202
-0.452224
-0.452474
-0.452666
-0.452898
-0.45303
-0.45322
-0.45337
-0.453494
-0.45365
-0.453827
-0.454028
-0.454222
-0.454351
-0.454507
-0.454629
-0.454838
-0.455006
-0.455144
-0.455303
-0.455487
-0.455599
-0.455744
-0.455915
-0.456022
-0.456125
-0.456134
-0.456198
-0.456331
-0.456392
-0.456452
-0.456522
-0.456607
-0.456701
-0.456686
-0.456753
-0.456866
-0.456916
-0.457005
-0.457134
-0.457261
-0.457404
-0.457524
-0.457585
-0.457705
-0.457763
-0.457926
-0.458047
-0.458181
-0.458311
-0.458421
-0.458495
-0.458526
-0.45859
-0.458616
-0.458659
-0.458668
-0.458643
-0.458648
-0.458682
-0.458732
-0.458737
-0.458778
-0.458793
-0.458797
-0.458808
-0.458803
-0.458815
-0.458814
-0.458758
-0.45863
-0.458582
-0.458617
-0.458538
-0.458489
-0.458437
-0.458398
-0.458378
-0.458243
-0.458151
-0.458038
-0.457992
-0.457915
-0.457817
-0.457775
-0.457762
-0.457682
-0.457582
-0.457514
-0.457456
-0.457412
-0.457312
-0.457295
-0.457263
-0.457226
-0.457182
-0.457135
-0.457094
-0.457009
-0.456992
-0.456942
-0.456985
-0.457026
-0.457018
-0.457001
-0.456989
-0.456961
-0.45689
-0.456922
-0.456868
-0.456959
-0.456929
-0.456924
-0.456913
-0.456885
-0.456888
-0.456969
-0.457009
-0.457
-0.457042
-0.457079
-0.457115
-0.457129
-0.45716
-0.457131
-0.457171
-0.457269
-0.457273
-0.457318
-0.45737
-0.4574
-0.457461
-0.457539
-0.457554
-0.457554
-0.457594
-0.457603
-0.457738
-0.457843
-0.458027
-0.458182
-0.458204
-0.458358
-0.45843
-0.458457
-0.458516
-0.458626
-0.45871
-0.458775
-0.458816
-0.458853
-0.458856
-0.458867
-0.458854
-0.458841
-0.458829
-0.458798
-0.458842
-0.458946
-0.458907
-0.458917
-0.458944
-0.45892
-0.458883
-0.458936
-0.458981
-0.458916
-0.458963
-0.458939
-0.458907
-0.458898
-0.458891
-0.458853
-0.458845
-0.458898
-0.458914
-0.458906
-0.458979
-0.458923
-0.458826
-0.458758
-0.458677
-0.458598
-0.45851
-0.458433
-0.458331
-0.458216
-0.45809
-0.458082
-0.458013
-0.457938
-0.457904
-0.457824
-0.457686
-0.457619
-0.457483
-0.457442
-0.457312
-0.457248
-0.457236
-0.457262
-0.45721
-0.457106
-0.457006
-0.456936
-0.456836
-0.456741
-0.45666
-0.456625
-0.456616
-0.456544
-0.456538
-0.456437
-0.456366
-0.456248
-0.456232
-0.456182
-0.456122
-0.456093
-0.456024
-0.455996
-0.455941
-0.455923
-0.455876
-0.45581
-0.45574
-0.455664
-0.455655
-0.455576
-0.455472
-0.455376
-0.455252
-0.455183
-0.455131
-0.45503
-0.455028
-0.454942
-0.454871
-0.45471
-0.454586
-0.454557
-0.454515
-0.454478
-0.454434
-0.454436
-0.45445
-0.454402
-0.454435
-0.454421
-0.454403
-0.454327
-0.454338
-0.454333
-0.454369
-0.454465
-0.454491
-0.454478
-0.454469
-0.454456
-0.454422
-0.454388
-0.454378
-0.454458
-0.454508
-0.45451
-0.454474
-0.454386
-0.454356
-0.454337
-0.454379
-0.454398
-0.454404
-0.454461
-0.45444
-0.454477
-0.454488
-0.454512
-0.454539
-0.45453
-0.454614
-0.454653
-0.45474
-0.454824
-0.454937
-0.455032
-0.455
-0.454986
-0.454978
-0.455018
-0.455079
-0.45504
-0.455129
-0.455082
-0.455094
-0.455064
-0.455073
-0.455069
-0.455038
-0.45502
-0.455069
-0.45506
-0.455059
-0.455111
-0.455103
-0.455143
-0.455169
-0.455238
-0.455307
-0.455346
-0.455429
-0.45544
-0.455439
-0.455532
-0.455571
-0.45549
-0.455489
-0.455508
-0.455576
-0.455541
-0.455602
-0.455595
-0.455585
-0.455587
-0.455638
-0.455656
-0.455621
-0.455604
-0.455617
-0.455632
-0.45565
-0.455656
-0.455649
-0.45566
-0.455697
-0.455697
-0.455688
-0.455667
-0.455618
-0.455574
-0.455605
-0.455628
-0.455626
-0.455643
-0.455691
-0.455706
-0.455764
-0.455828
-0.455822
-0.455816
-0.455825
-0.455839
-0.455862
-0.455928
-0.455949
-0.456016
-0.456096
-0.456131
-0.456099
-0.456113
-0.456187
-0.456152
-0.456216
-0.456303
-0.456355
-0.456428
-0.456471
-0.456514
-0.456532
-0.456597
-0.456674
-0.45667
-0.456758
-0.456885
-0.456925
-0.456987
-0.457051
-0.457053
-0.457095
-0.457114
-0.457115
-0.457173
-0.457178
-0.45729
-0.457355
-0.457395
-0.457432
-0.457473
-0.457508
-0.457545
-0.457614
-0.457686
-0.457778
-0.457838
-0.457837
-0.457972
-0.457997
-0.458009
-0.458083
-0.458186
-0.45827
-0.458304
-0.458373
-0.458453
-0.458512
-0.458597
-0.458682
-0.458767
-0.458948
-0.459023
-0.459124
-0.459259
-0.459424
-0.45956
-0.459645
-0.459818
-0.459915
-0.460024
-0.460124
-0.46028
-0.460418
-0.460587
-0.460759
-0.461
-0.461179
-0.461313
-0.461502
-0.461612
-0.461731
-0.461904
-0.46205
-0.462218
-0.462418
-0.462657
-0.462825
-0.463035
-0.463274
-0.463418
-0.46358
-0.463724
-0.463918
-0.464098
-0.464283
-0.464463
-0.464607
-0.464759
-0.464892
-0.465054
-0.465189
-0.465387
-0.465479
-0.465651
-0.465796
-0.46591
-0.466005
-0.466229
-0.4664
-0.466572
-0.466693
-0.466889
-0.467051
-0.467198
-0.467449
-0.467674
-0.467858
-0.468171
-0.468376
-0.4672
-0.466871
-0.466832
-0.466299
-0.465503
-0.465263
-0.464762
-0.464117
-0.463479
-0.462929
-0.462603
-0.462357
-0.462338
-0.462459
-0.462687
-0.462807
-0.463019
-0.463308
-0.463465
-0.463778
-0.464314
-0.464736
-0.465151
-0.465693
-0.466248
-0.467075
-0.468349
-0.469155
-0.469705
-0.47092
-0.471964
-0.473165
-0.474259
-0.475344
-0.476524
-0.477735
-0.478982
-0.479697
-0.480394
-0.481343
-0.482649
-0.483874
-0.485026
-0.486083
-0.486976
-0.487511
-0.487978
-0.488462
-0.489197
-0.490149
-0.490619
-0.491105
-0.491542
-0.492116
-0.492582
-0.492803
-0.493297
-0.493574
-0.493876
-0.494166
-0.494254
-0.494585
-0.494836
-0.495188
-0.49579
-0.496198
-0.496649
-0.496703
-0.49671
-0.496754
-0.496947
-0.497137
-0.497304
-0.497248
-0.499159
-0.499052
-0.498932
-0.498631
-0.498392
-0.498152
-0.497793
-0.497375
-0.496923
-0.496389
-0.495792
-0.49323
-0.492464
-0.491541
-0.490935
-0.490273
-0.48886
-0.487686
-0.486905
-0.485296
-0.483345
-0.481377
-0.479568
-0.477668
-0.475857
-0.474508
-0.473258
-0.47232
-0.47037
-0.469196
-0.467492
-0.466138
-0.465257
-0.464222
-0.463309
-0.462443
-0.461816
-0.461233
-0.460788
-0.460274
-0.459949
-0.459795
-0.459715
-0.460012
-0.460098
-0.460438
-0.460737
-0.461013
-0.461437
-0.461676
-0.462308
-0.463146
-0.463805
-0.464523
-0.465312
-0.46623
-0.466992
-0.467981
-0.468584
-0.469119
-0.469953
-0.470942
-0.472406
-0.473241
-0.474157
-0.475008
-0.475879
-0.47676
-0.477511
-0.478219
-0.478468
-0.47905
-0.479523
-0.480283
-0.481282
-0.481935
-0.482491
-0.482937
-0.483199
-0.483501
-0.483817
-0.483727
-0.483568
-0.483946
-0.483927
-0.483952
-0.483862
-0.483589
-0.483078
-0.482603
-0.4821
-0.481527
-0.4811
-0.480599
-0.479846
-0.47892
-0.477892
-0.476933
-0.475962
-0.475291
-0.474458
-0.473394
-0.472094
-0.471162
-0.470115
-0.468854
-0.467682
-0.466439
-0.46542
-0.464359
-0.463322
-0.462458
-0.461172
-0.460096
-0.459045
-0.457765
-0.456419
-0.455527
-0.454618
-0.453661
-0.452548
-0.451503
-0.450466
-0.449703
-0.448887
-0.448414
-0.447694
-0.447052
-0.446334
-0.445796
-0.445168
-0.444609
-0.444035
-0.443657
-0.443474
-0.443123
-0.442664
-0.442545
-0.442521
-0.442196
-0.442228
-0.442526
-0.442492
-0.442423
-0.442177
-0.442156
-0.441895
-0.44231
-0.442449
-0.442653
-0.442734
-0.442676
-0.44257
-0.442711
-0.442602
-0.442259
-0.442079
-0.441924
-0.442073
-0.441926
-0.441619
-0.441587
-0.441437
-0.440914
-0.440537
-0.440227
-0.439721
-0.439136
-0.438472
-0.437801
-0.437309
-0.436553
-0.43581
-0.434884
-0.434272
-0.433407
-0.432278
-0.431291
-0.430056
-0.42899
-0.427898
-0.426786
-0.425425
-0.42401
-0.422749
-0.421513
-0.420323
-0.419188
-0.417825
-0.416206
-0.414774
-0.413558
-0.412169
-0.41078
-0.409259
-0.407752
-0.406491
-0.405431
-0.403991
-0.402658
-0.401292
-0.399845
-0.398463
-0.397283
-0.396056
-0.394881
-0.393468
-0.392214
-0.390942
-0.389981
-0.389156
-0.388101
-0.386886
-0.385688
-0.38475
-0.383836
-0.382833
-0.381845
-0.380823
-0.379852
-0.37878
-0.377913
-0.377045
-0.376127
-0.37525
-0.374353
-0.373473
-0.372587
-0.37183
-0.37116
-0.370594
-0.369928
-0.368999
-0.368184
-0.367494
-0.3667
-0.366238
-0.365566
-0.364846
-0.364012
-0.363121
-0.362175
-0.361184
-0.360524
-0.359624
-0.358792
-0.35739
-0.356804
-0.355753
-0.354752
-0.354025
-0.352934
-0.351749
-0.350423
-0.349273
-0.348082
-0.34712
-0.346017
-0.344707
-0.343352
-0.341858
-0.340506
-0.339186
-0.337476
-0.336622
-0.335089
-0.333509
-0.331844
-0.33012
-0.328442
-0.327011
-0.3255
-0.32379
-0.322037
-0.320265
-0.318517
-0.316495
-0.314763
-0.313042
-0.311153
-0.309281
-0.307439
-0.30541
-0.303668
-0.301704
-0.299664
-0.297021
-0.294779
-0.292313
-0.289717
-0.287254
-0.28498
-0.282901
-0.28047
-0.278315
-0.2761
-0.273783
-0.271634
-0.269648
-0.267426
-0.265136
-0.262952
-0.259942
-0.258315
-0.255972
-0.253789
-0.251623
-0.249123
-0.246769
-0.244368
-0.241982
-0.23948
-0.23718
-0.234957
-0.232747
-0.230645
-0.22836
-0.226048
-0.223629
-0.221074
-0.218766
-0.21639
-0.21382
-0.211221
-0.208635
-0.206357
-0.20426
-0.201851
-0.199531
-0.197028
-0.19468
-0.192319
-0.189751
-0.187081
-0.184567
-0.182137
-0.179632
-0.177045
-0.174643
-0.172059
-0.169584
-0.166921
-0.164096
-0.161021
-0.158359
-0.155452
-0.152645
-0.149698
-0.146578
-0.144031
-0.141138
-0.138303
-0.135425
-0.132652
-0.129798
-0.127152
-0.124419
-0.120237
-0.118911
-0.116293
-0.113523
-0.111087
-0.108231
-0.10573
-0.102942
-0.100456
-0.0979247
-0.0954064
-0.0929998
-0.0902412
-0.0878604
-0.0852773
-0.0828
-0.0800257
-0.0775259
-0.074866
-0.0722976
-0.0695897
-0.0669604
-0.064617
-0.0619169
-0.0593556
-0.0569592
-0.0527459
-0.0516902
-0.0490736
-0.0465612
-0.0439097
-0.0412097
-0.0386788
-0.0360931
-0.0337331
-0.0312607
-0.0288591
-0.0263732
-0.0237586
-0.0212636
-0.018666
-0.0160509
-0.0136036
-0.0110177
-0.00845033
-0.00593133
-0.00312651
-0.000740934
0.00195474
0.00451376
0.00685571
0.00955335
0.0122916
0.014666
0.0173619
0.0198623
0.0221503
0.0245764
0.0288261
0.0290084
0.0312992
0.0335516
0.0357886
0.0378559
0.0404913
0.0427497
0.0448628
0.0471896
0.0495569
0.0519583
0.0541484
0.0564575
0.0589942
0.0613144
0.0635529
0.0656417
0.0680537
0.0701189
0.07243
0.074547
0.076628
0.0788291
0.0807291
0.0827799
0.0847613
0.0868614
0.0890766
0.0908543
0.0927634
0.0946718
0.0967576
0.0988547
0.100824
0.102871
0.105103
0.106832
0.108725
0.11073
0.112691
0.114742
0.116601
0.11835
0.120143
0.122084
0.124075
0.12602
0.127881
0.129624
0.131599
0.133422
0.135244
0.137114
0.139006
0.141061
0.143072
0.144564
0.146266
0.147916
0.149764
0.151263
0.152894
0.15454
0.156146
0.157825
0.159463
0.161211
0.162907
0.164907
0.166507
0.168197
0.169642
0.171511
0.173056
0.174712
0.176529
0.178263
0.179805
0.181268
0.182505
0.183908
0.185408
0.186638
0.188002
0.18959
0.190937
0.192499
0.193627
0.194988
0.199468
0.1976
0.198768
0.199814
0.201219
0.202285
0.203329
0.204344
0.205096
0.206128
0.206988
0.207993
0.208687
0.209683
0.21038
0.211285
0.211946
0.212753
0.21348
0.214323
0.215067
0.215879
0.21665
0.217378
0.218053
0.218725
0.219314
0.223138
0.220605
0.221248
0.221906
0.222544
0.223241
0.223773
0.224077
0.224678
0.22524
0.225816
0.226275
0.22674
0.227084
0.227704
0.228074
0.228556
0.228842
0.229326
0.229775
0.23028
0.230631
0.231178
0.231566
0.2321
0.232465
0.232684
0.232957
0.233656
0.23424
0.234727
0.235165
0.236343
0.236539
0.236704
0.240368
0.237204
0.237484
0.237735
0.238034
0.238245
0.238557
0.238772
0.238992
0.239294
0.239372
0.239626
0.239705
0.239946
0.240145
0.240335
0.240524
0.240744
0.241091
0.241292
0.241388
0.241577
0.24172
0.241891
0.242123
0.242281
0.242447
0.24261
0.242822
0.243101
0.243383
0.243596
0.243821
0.244119
0.244439
0.248174
0.24508
0.24548
0.245788
0.246061
0.246423
0.246817
0.247147
0.247532
0.247851
0.248237
0.248693
0.249099
0.252964
0.249936
0.250341
0.250752
0.251146
0.251591
0.25201
0.252441
0.252807
0.253158
0.253618
0.254081
0.254535
0.254971
0.255347
0.255732
0.256115
0.256516
0.256898
0.260842
0.257822
0.235008
0.258474
0.26232
0.259287
0.259623
0.260003
0.260373
0.260712
0.261075
0.261496
0.261871
0.262292
0.262704
0.263122
0.263486
0.263909
0.264348
0.264774
0.265226
0.265686
0.266141
0.266568
0.266957
0.267375
0.267793
0.268154
0.268553
0.272456
0.269446
0.269934
0.270421
0.270827
0.271198
0.271682
0.2722
0.272707
0.273124
0.273669
0.274115
0.274594
0.275128
0.275608
0.276056
0.276518
0.276959
0.277388
0.278025
0.278549
0.279081
0.279562
0.28365
0.280664
0.281256
0.281879
0.282311
0.282658
0.283132
0.283718
0.287663
0.284853
0.285478
0.285934
0.286494
0.287075
0.287613
0.287975
0.288338
0.288893
0.289418
0.289894
0.290462
0.290981
0.291457
0.29193
0.292373
0.292722
0.29316
0.293445
0.293823
0.294155
0.294609
0.294899
0.29526
0.295536
0.295795
0.2961
0.296286
0.299925
0.29671
0.296964
0.297165
0.29733
0.297532
0.297699
0.297756
0.297817
0.297826
0.29792
0.297974
0.297953
0.297993
0.298075
0.298061
0.298004
0.297933
0.297836
0.297736
0.297713
0.29765
0.297575
0.297516
0.260374
0.297214
0.297017
0.296854
0.296653
0.296447
0.29624
0.295901
0.295764
0.295531
0.295302
0.295024
0.294627
0.294174
0.29383
0.29349
0.293099
0.292673
0.292344
0.291937
0.291621
0.291161
0.290648
0.290186
0.28965
0.289062
0.28859
0.288049
0.28755
0.287203
0.286711
0.286307
0.285676
0.285027
0.284472
0.284002
0.283421
0.286277
0.282383
0.281988
0.281578
0.280969
0.28057
0.280004
0.279431
0.278839
0.278327
0.277756
0.277126
0.276744
0.276181
0.275804
0.275379
0.278267
0.274253
0.273809
0.273305
0.272926
0.275845
0.275399
0.27159
0.271289
0.270899
0.270562
0.270105
0.269732
0.269333
0.268938
0.268561
0.268238
0.26792
0.267633
0.267315
0.267044
0.266758
0.266427
0.269552
0.265845
0.265562
0.265307
0.265021
0.264769
0.264473
0.267679
0.264046
0.26387
0.263695
0.263417
0.26316
0.26636
0.262734
0.262574
0.265799
0.26214
0.261991
0.261812
0.261687
0.261536
0.26134
0.26119
0.264516
0.260982
0.260916
0.260784
0.264065
0.260531
0.260455
0.26041
0.260323
0.263716
0.260251
0.260189
0.263611
0.26356
0.260038
0.259963
0.25993
0.259914
0.259888
0.259818
0.263111
0.259659
0.259647
0.263116
0.259688
0.263092
0.259722
0.259707
0.25972
0.263246
0.259858
0.259893
0.263452
0.260078
0.260172
0.260245
0.260256
0.260339
0.26041
0.260492
0.260607
0.264112
0.264221
0.260943
0.26456
0.261238
0.261348
0.261414
0.261509
0.261635
0.261744
0.265407
0.265603
0.262307
0.262433
0.262587
0.262729
0.262763
0.262945
0.263027
0.263142
0.263319
0.263536
0.263812
0.263998
0.264231
0.267934
0.264695
0.268245
0.264915
0.265142
0.265342
0.265632
0.26931
0.26605
0.269742
0.269979
0.266726
0.266868
0.266971
0.267177
0.267315
0.267494
0.267631
0.267887
0.268067
0.268259
0.268546
0.268703
0.268828
0.269045
0.269171
0.269247
0.269354
0.269566
0.273105
0.269797
0.269941
0.27349
0.273609
0.273678
0.270276
0.270288
0.27378
0.270419
0.270511
0.270566
0.270673
0.270753
0.270817
0.270873
0.270897
0.270918
0.270935
0.270951
0.270934
0.270876
0.270838
0.270785
0.270694
0.270651
0.270634
0.270564
0.270476
0.27039
0.27028
0.270173
0.270092
0.269963
0.269845
0.269723
0.272966
0.269472
0.269397
0.269303
0.26918
0.268987
0.268841
0.268694
0.271981
0.268396
0.271604
0.268059
0.267912
0.267687
0.267515
0.267402
0.27064
0.267029
0.266851
0.266699
0.266462
0.266318
0.266108
0.265993
0.265803
0.265576
0.26542
0.265281
0.265072
0.264931
0.264727
0.267921
0.264355
0.264204
0.264104
0.263969
0.263822
0.263766
0.263566
0.263376
0.26325
0.263128
0.266498
0.262941
0.262814
0.266114
0.262599
0.262522
0.262446
0.262301
0.265672
0.262161
0.262007
0.265398
0.261916
0.261885
0.261831
0.261788
0.261688
0.261614
0.261582
0.261404
0.264776
0.261314
0.261247
0.26124
0.261254
0.261252
0.261235
0.261245
0.261255
0.261185
0.261164
0.261157
0.261201
0.26128
0.261358
0.261409
0.26148
0.261589
0.261732
0.261801
0.265363
0.262012
0.265496
0.265592
0.26231
0.262396
0.262534
0.262636
0.262783
0.262963
0.263136
0.266771
0.26354
0.263649
0.263784
0.263902
0.264045
0.264228
0.264489
0.268181
0.26496
0.265213
0.265454
0.269068
0.265887
0.266115
0.266382
0.270127
0.266859
0.267091
0.267381
0.267698
0.271467
0.271728
0.26859
0.26891
0.272691
0.269512
0.269817
0.270068
0.270346
0.270652
0.270907
0.27134
0.271678
0.27542
0.272284
0.272551
0.272799
0.276582
0.273438
0.273652
0.273933
0.274319
0.274725
0.275185
0.275533
0.275812
0.276162
0.276395
0.276739
0.277048
0.277464
0.277903
0.281679
0.278511
0.2788
0.279102
0.279471
0.279814
0.280095
0.280448
0.280803
0.281092
0.281444
0.28181
0.28555
0.282409
0.282705
0.283077
0.283374
0.283636
0.283908
0.284122
0.284406
0.288193
0.284991
0.285366
0.289073
0.285856
0.286167
0.286382
0.286524
0.286739
0.286979
0.287224
0.287478
0.291105
0.287846
0.288028
0.291635
0.288323
0.288417
0.288541
0.288739
0.288906
0.289071
0.289311
0.292914
0.289595
0.289783
0.289918
0.290011
0.290142
0.290281
0.290321
0.290364
0.293889
0.290516
0.290556
0.290525
0.290492
0.290489
0.293965
0.290579
0.290555
0.290536
0.290503
0.29045
0.290439
0.290404
0.293796
0.290331
0.289414
0.289071
0.288457
0.28783
0.287269
0.289526
0.28866
0.285094
0.284052
0.283517
0.282779
0.28237
0.281683
0.281286
0.280936
0.280417
0.279507
0.278922
0.278018
0.279608
0.277083
0.27668
0.278701
0.276494
0.276251
0.275836
0.275897
0.277714
0.275783
0.276197
0.276574
0.276711
0.276871
0.27733
0.27981
0.280661
0.27921
0.27938
0.280184
0.281166
0.281858
0.282493
0.283538
0.286353
0.287451
0.285977
0.286418
0.287408
0.288565
0.28932
0.290648
0.294071
0.292299
0.293353
0.294327
0.295037
0.295316
0.296259
0.29665
0.297221
0.297752
0.298431
0.298975
0.302285
0.299777
0.300303
0.300227
0.300815
0.301113
0.301395
0.301516
0.301829
0.301922
0.302424
0.302637
0.302616
0.302648
0.302895
0.30279
0.30272
0.302672
0.306261
0.302769
0.302981
0.303005
0.304531
0.304441
0.304278
0.304116
0.302622
0.302115
0.301619
0.300859
0.300088
0.299106
0.298498
0.297378
0.296622
0.295771
0.294955
0.293744
0.292801
0.291898
0.290985
0.289596
0.288924
0.287975
0.287083
0.286256
0.285256
0.284203
0.283395
0.282101
0.281021
0.280231
0.279307
0.278378
0.277401
0.276688
0.275813
0.275171
0.274543
0.273924
0.27351
0.272727
0.272367
0.271762
0.271474
0.271229
0.270614
0.272386
0.269987
0.272013
0.26958
0.271844
0.269675
0.269402
0.269287
0.269319
0.269001
0.269058
0.269041
0.268627
0.268474
0.268656
0.271169
0.268637
0.271223
0.268711
0.268802
0.268495
0.268134
0.267895
0.267759
0.267348
0.26718
0.26698
0.26703
0.266929
0.266862
0.266691
0.266648
0.266104
0.265665
0.265429
0.264949
0.264488
0.264169
0.267018
0.263354
0.262663
0.261996
0.261146
0.260567
0.259725
0.259146
0.258
0.257369
0.256639
0.255344
0.257449
0.253314
0.252354
0.251162
0.250292
0.249027
0.250704
0.247001
0.24533
0.244006
0.242457
0.240983
0.239471
0.238217
0.236994
0.238072
0.234521
0.233043
0.231753
0.230189
0.228521
0.227054
0.225575
0.224269
0.222654
0.221207
0.219786
0.218491
0.218746
0.215259
0.213378
0.211689
0.211875
0.208732
0.207212
0.20757
0.20489
0.203607
0.204032
0.202987
0.200557
0.199187
0.197848
0.19712
0.19776
0.195481
0.194462
0.193507
0.192728
0.192012
0.191212
0.190734
0.190132
0.189412
0.188723
0.187919
0.18716
0.186255
0.185708
0.185098
0.186198
0.18382
0.183734
0.183201
0.182961
0.182449
0.182218
0.181431
0.180973
0.180692
0.180002
0.179024
0.178586
0.17823
0.177816
0.176827
0.178845
0.175684
0.174747
0.176482
0.173047
0.174546
0.173962
0.170311
0.172306
0.168822
0.170568
0.166928
0.165872
0.164335
0.162834
0.161803
0.162812
0.158844
0.15765
0.156176
0.154596
0.153082
0.151539
0.14984
0.148131
0.146155
0.147702
0.1435
0.141795
0.142562
0.138562
0.136946
0.1349
0.133132
0.131249
0.131809
0.127439
0.125163
0.125411
0.121043
0.118896
0.116439
0.11419
0.114155
0.109342
0.107077
0.106832
0.102391
0.100197
0.100181
0.0960203
0.0935868
0.0920793
0.0892263
0.0869146
0.0868247
0.0827912
0.080637
0.0800259
0.0761051
0.0738006
0.0712323
0.0688682
0.0683727
0.0642793
0.0619822
0.0594108
0.0587706
0.0547529
0.0541593
0.0499567
0.0476738
0.0454909
0.0434651
0.0412383
0.0387703
0.0373512
0.0345152
0.0322581
0.0300995
0.0279316
0.0275858
0.0237481
0.0215882
0.01913
0.016965
0.0149176
0.0125916
0.0104963
0.00831445
0.00605929
0.00379755
0.00133252
-0.000845874
-0.00316667
-0.00569948
-0.0063321
-0.0106228
-0.0133659
-0.0141065
-0.0184776
-0.0193493
-0.0236574
-0.0262789
-0.0286836
-0.0313693
-0.0339233
-0.0344615
-0.0386297
-0.0408177
-0.0432502
-0.0457086
-0.0480816
-0.0506033
-0.0533704
-0.0557674
-0.0581376
-0.0609614
-0.0636823
-0.0666191
-0.0692074
-0.0719726
-0.0729589
-0.0772257
-0.0784578
-0.0829876
-0.0850735
-0.0884976
-0.0898389
-0.0940204
-0.0966586
-0.0977734
-0.101873
-0.104718
-0.107443
-0.110288
-0.113228
-0.116156
-0.119117
-0.122043
-0.125166
-0.128035
-0.130358
-0.13375
-0.136438
-0.139283
-0.142109
-0.145051
-0.148363
-0.151332
-0.154171
-0.157296
-0.160432
-0.16331
-0.166128
-0.169115
-0.17235
-0.17489
-0.178443
-0.181773
-0.18519
-0.188443
-0.191583
-0.1945
-0.197405
-0.20031
-0.202855
-0.205913
-0.208634
-0.211573
-0.214351
-0.216421
-0.219402
-0.221791
-0.224074
-0.226421
-0.228574
-0.2303
-0.233252
-0.235703
-0.237986
-0.240174
-0.242453
-0.244197
-0.24678
-0.249204
-0.251456
-0.253644
-0.255882
-0.258002
-0.260099
-0.262236
-0.264398
-0.266318
-0.268289
-0.270398
-0.272445
-0.274623
-0.276233
-0.278736
-0.280651
-0.282666
-0.284203
-0.286375
-0.288824
-0.290799
-0.292508
-0.294017
-0.295301
-0.297672
-0.299714
-0.30156
-0.303153
-0.305272
-0.307602
-0.309501
-0.311274
-0.312951
-0.314722
-0.31637
-0.318172
-0.319972
-0.321634
-0.323282
-0.324946
-0.326558
-0.328139
-0.330002
-0.331658
-0.333284
-0.33492
-0.336616
-0.338269
-0.339924
-0.341863
-0.343542
-0.344967
-0.346407
-0.347886
-0.34949
-0.350847
-0.352333
-0.353796
-0.355317
-0.357124
-0.358654
-0.360236
-0.361887
-0.363144
-0.364409
-0.365791
-0.367017
-0.368016
-0.369496
-0.370729
-0.371921
-0.373317
-0.374354
-0.375555
-0.37708
-0.378507
-0.379636
-0.380901
-0.382251
-0.383375
-0.384375
-0.38696
-0.387964
-0.389102
-0.390337
-0.39139
-0.392308
-0.393229
-0.394267
-0.395237
-0.3962
-0.397095
-0.397923
-0.398826
-0.3996
-0.400442
-0.401257
-0.402036
-0.402963
-0.403748
-0.404601
-0.405393
-0.406174
-0.406841
-0.407583
-0.408553
-0.409416
-0.410043
-0.41077
-0.411372
-0.412071
-0.412824
-0.4134
-0.414065
-0.414463
-0.415001
-0.415768
-0.416165
-0.416694
-0.417091
-0.417721
-0.418305
-0.418761
-0.419027
-0.419592
-0.419952
-0.420298
-0.420816
-0.421156
-0.421543
-0.422165
-0.422575
-0.423045
-0.423399
-0.424037
-0.424487
-0.424952
-0.425361
-0.425809
-0.426479
-0.427073
-0.427784
-0.428291
-0.428823
-0.429447
-0.430018
-0.430658
-0.43123
-0.431822
-0.432375
-0.433124
-0.433681
-0.434174
-0.434749
-0.435302
-0.435865
-0.436439
-0.436971
-0.437526
-0.438079
-0.438405
-0.43895
-0.439504
-0.440089
-0.440577
-0.441117
-0.441741
-0.442233
-0.442724
-0.443218
-0.443667
-0.444163
-0.444703
-0.445137
-0.445603
-0.446038
-0.446541
-0.447109
-0.447548
-0.448004
-0.448619
-0.449129
-0.449592
-0.450064
-0.450528
-0.451079
-0.451658
-0.45211
-0.452593
-0.453162
-0.453836
-0.454403
-0.454971
-0.455585
-0.456199
-0.456723
-0.457285
-0.457825
-0.458358
-0.458992
-0.459612
-0.460171
-0.460821
-0.46149
-0.462068
-0.462583
-0.463086
-0.463593
-0.464117
-0.464729
-0.465344
-0.465862
-0.466379
-0.466855
-0.467296
-0.467817
-0.468278
-0.468614
-0.468924
-0.469305
-0.469806
-0.470181
-0.470518
-0.470934
-0.471369
-0.471667
-0.471995
-0.472331
-0.472676
-0.473039
-0.473356
-0.473665
-0.473946
-0.474209
-0.474447
-0.474674
-0.474892
-0.475108
-0.475355
-0.475605
-0.475836
-0.475995
-0.476244
-0.476361
-0.476504
-0.476579
-0.47676
-0.476925
-0.477054
-0.47732
-0.477438
-0.47764
-0.477742
-0.477905
-0.477991
-0.478193
-0.478419
-0.478592
-0.478716
-0.478889
-0.478967
-0.47904
-0.479108
-0.47919
-0.479248
-0.479329
-0.47941
-0.479434
-0.479468
-0.479451
-0.479431
-0.479403
-0.47937
-0.479279
-0.479251
-0.47917
-0.479105
-0.479115
-0.47895
-0.478837
-0.478791
-0.478695
-0.478581
-0.478446
-0.478369
-0.478167
-0.478038
-0.477895
-0.477728
-0.477455
-0.477338
-0.47721
-0.477131
-0.477022
-0.476942
-0.476839
-0.476688
-0.476612
-0.47647
-0.476244
-0.476114
-0.475991
-0.475939
-0.475873
-0.475836
-0.475707
-0.475587
-0.475369
-0.475202
-0.475022
-0.474947
-0.474855
-0.474796
-0.47472
-0.474579
-0.474445
-0.474296
-0.474173
-0.474037
-0.47401
-0.473947
-0.473932
-0.47382
-0.473695
-0.473664
-0.473577
-0.473471
-0.473428
-0.47344
-0.473328
-0.473207
-0.473207
-0.47321
-0.473092
-0.473065
-0.472996
-0.472911
-0.472793
-0.472698
-0.472653
-0.472556
-0.472506
-0.472527
-0.472506
-0.472382
-0.47227
-0.472143
-0.472037
-0.471952
-0.471924
-0.471918
-0.471871
-0.471686
-0.47156
-0.471462
-0.47132
-0.471162
-0.471016
-0.470919
-0.470778
-0.470649
-0.470465
-0.470286
-0.470154
-0.470053
-0.469966
-0.46975
-0.469617
-0.469456
-0.469316
-0.469164
-0.468981
-0.468766
-0.468649
-0.468551
-0.468302
-0.468154
-0.468014
-0.467757
-0.467532
-0.467372
-0.467152
-0.466923
-0.466754
-0.466509
-0.466332
-0.46612
-0.46588
-0.465662
-0.465453
-0.465288
-0.46506
-0.464889
-0.464729
-0.46448
-0.464253
-0.464043
-0.463808
-0.463532
-0.463345
-0.463095
-0.462945
-0.462785
-0.462556
-0.462313
-0.462106
-0.46196
-0.46176
-0.461537
-0.461333
-0.461127
-0.460896
-0.460664
-0.460492
-0.46021
-0.460104
-0.459929
-0.45974
-0.459568
-0.459411
-0.459266
-0.459103
-0.458926
-0.458807
-0.458679
-0.458545
-0.458448
-0.458369
-0.458338
-0.458206
-0.458013
-0.457937
-0.457798
-0.457566
-0.457417
-0.457298
-0.457232
-0.457131
-0.457033
-0.456968
-0.456868
-0.456689
-0.45653
-0.456428
-0.456289
-0.456151
-0.456043
-0.455926
-0.455796
-0.455693
-0.455556
-0.455456
-0.455353
-0.455289
-0.455248
-0.455148
-0.455061
-0.454991
-0.454949
-0.45491
-0.454914
-0.454868
-0.45484
-0.454744
-0.454649
-0.454615
-0.454564
-0.454475
-0.454467
-0.454445
-0.454416
-0.454365
-0.454412
-0.45442
-0.454409
-0.454428
-0.454347
-0.454328
-0.454324
-0.454332
-0.45432
-0.454314
-0.454349
-0.454323
-0.454309
-0.454321
-0.454313
-0.454286
-0.45432
-0.454308
-0.454379
-0.454468
-0.454535
-0.454511
-0.454588
-0.454696
-0.454737
-0.454795
-0.454804
-0.454829
-0.454839
-0.454881
-0.454862
-0.454866
-0.454899
-0.454968
-0.454994
-0.455005
-0.455041
-0.455063
-0.455059
-0.455023
-0.454944
-0.455015
-0.455057
-0.45505
-0.455046
-0.455103
-0.455148
-0.45518
-0.455182
-0.455192
-0.455247
-0.455316
-0.455392
-0.45535
-0.455355
-0.455345
-0.455334
-0.455357
-0.45531
-0.455261
-0.455243
-0.455213
-0.455201
-0.455204
-0.455192
-0.455241
-0.455265
-0.455221
-0.455244
-0.455274
-0.455294
-0.455342
-0.455292
-0.455306
-0.455297
-0.455282
-0.455238
-0.455239
-0.455211
-0.455194
-0.455109
-0.455137
-0.455147
-0.455161
-0.455218
-0.455253
-0.455255
-0.455254
-0.455263
-0.455235
-0.455202
-0.455189
-0.455224
-0.455225
-0.455273
-0.455276
-0.455255
-0.455301
-0.45531
-0.455293
-0.455309
-0.455323
-0.455338
-0.455281
-0.455211
-0.455182
-0.455185
-0.455157
-0.455134
-0.455129
-0.455117
-0.455165
-0.455188
-0.45526
-0.455293
-0.455275
-0.455311
-0.455346
-0.455349
-0.455422
-0.4554
-0.455403
-0.455422
-0.455494
-0.45553
-0.455522
-0.455509
-0.455569
-0.455629
-0.455636
-0.455681
-0.455744
-0.45581
-0.455869
-0.455901
-0.455997
-0.456063
-0.456105
-0.456186
-0.456235
-0.456298
-0.456388
-0.456513
-0.456546
-0.456633
-0.456725
-0.456827
-0.45684
-0.456932
-0.457
-0.457107
-0.457232
-0.457347
-0.45744
-0.457569
-0.457701
-0.457856
-0.457997
-0.458139
-0.458314
-0.458465
-0.458629
-0.458862
-0.459023
-0.459169
-0.459336
-0.459472
-0.459671
-0.459793
-0.459943
-0.460108
-0.460287
-0.460472
-0.460619
-0.460766
-0.460914
-0.461087
-0.461249
-0.461497
-0.461703
-0.461901
-0.46208
-0.46226
-0.462543
-0.462732
-0.462907
-0.463097
-0.463308
-0.463522
-0.463766
-0.464018
-0.464245
-0.464455
-0.46466
-0.464838
-0.465059
-0.46528
-0.465505
-0.465802
-0.466044
-0.46627
-0.466441
-0.466669
-0.466839
-0.46705
-0.467276
-0.46748
-0.467706
-0.467916
-0.468116
-0.468385
-0.468638
-0.468838
-0.468932
-0.469121
-0.469334
-0.469537
-0.469768
-0.469967
-0.470174
-0.470404
-0.470603
-0.470825
-0.47107
-0.471236
-0.471376
-0.471576
-0.471768
-0.471972
-0.472118
-0.472313
-0.472489
-0.472653
-0.47281
-0.473025
-0.473247
-0.473446
-0.473626
-0.473796
-0.473974
-0.474151
-0.474361
-0.474586
-0.474743
-0.474968
-0.475218
-0.475433
-0.47563
-0.475775
-0.475938
-0.476046
-0.476255
-0.476426
-0.476614
-0.476831
-0.477011
-0.477071
-0.477234
-0.477404
-0.477574
-0.477665
-0.477793
-0.477926
-0.478059
-0.478151
-0.478326
-0.47845
-0.478577
-0.478638
-0.478695
-0.478821
-0.478878
-0.479002
-0.47907
-0.479165
-0.479251
-0.479325
-0.479355
-0.479444
-0.479508
-0.479546
-0.479611
-0.479683
-0.479762
-0.479848
-0.479895
-0.479942
-0.479988
-0.480067
-0.480126
-0.480194
-0.480202
-0.480282
-0.480308
-0.480321
-0.480386
-0.480413
-0.480441
-0.480407
-0.480403
-0.480375
-0.480417
-0.480374
-0.480431
-0.480384
-0.480387
-0.48033
-0.480309
-0.480241
-0.480217
-0.480188
-0.480193
-0.480123
-0.48005
-0.48006
-0.479968
-0.479908
-0.479815
-0.479794
-0.47978
-0.479673
-0.479628
-0.479527
-0.479491
-0.479383
-0.479315
-0.479206
-0.479133
-0.47904
-0.4789
-0.47882
-0.478744
-0.478631
-0.478549
-0.47843
-0.478256
-0.478163
-0.478016
-0.477953
-0.477822
-0.477677
-0.477528
-0.477353
-0.477145
-0.476991
-0.476888
-0.476677
-0.4766
-0.476455
-0.476306
-0.476145
-0.475952
-0.475783
-0.475577
-0.475371
-0.475199
-0.475029
-0.474778
-0.474548
-0.474343
-0.474087
-0.473785
-0.473512
-0.473223
-0.473004
-0.472696
-0.472446
-0.472142
-0.471824
-0.471621
-0.471333
-0.470981
-0.470597
-0.470171
-0.469842
-0.469431
-0.469023
-0.468651
-0.468207
-0.467761
-0.467359
-0.466946
-0.466553
-0.466068
-0.465558
-0.465039
-0.464573
-0.46406
-0.463615
-0.463164
-0.462662
-0.462262
-0.461786
-0.461262
-0.460724
-0.460229
-0.459764
-0.459255
-0.458741
-0.45823
-0.457736
-0.457174
-0.456614
-0.456076
-0.455435
-0.454881
-0.454315
-0.453791
-0.453129
-0.452624
-0.452084
-0.451508
-0.450987
-0.450527
-0.450042
-0.449496
-0.449018
-0.448481
-0.447957
-0.447427
-0.446983
-0.446454
-0.445919
-0.445376
-0.444918
-0.44441
-0.443955
-0.443486
-0.443024
-0.442559
-0.442099
-0.441578
-0.441081
-0.44061
-0.440114
-0.439652
-0.439147
-0.43863
-0.438159
-0.437657
-0.437153
-0.43661
-0.436108
-0.4357
-0.435168
-0.434641
-0.434197
-0.433625
-0.433091
-0.432509
-0.432031
-0.431479
-0.430915
-0.430398
-0.429823
-0.429236
-0.428654
-0.428028
-0.427479
-0.4269
-0.426177
-0.425616
-0.424989
-0.424335
-0.423702
-0.423009
-0.422254
-0.421546
-0.42077
-0.420084
-0.41939
-0.418658
-0.417975
-0.417259
-0.416591
-0.415923
-0.415224
-0.414606
-0.413987
-0.413291
-0.412597
-0.412008
-0.411342
-0.410784
-0.410064
-0.40946
-0.408691
-0.408017
-0.407322
-0.406489
-0.405817
-0.405194
-0.404426
-0.403646
-0.402926
-0.402138
-0.401412
-0.400686
-0.399922
-0.39909
-0.398281
-0.397384
-0.396554
-0.395693
-0.394748
-0.393832
-0.392833
-0.391884
-0.390852
-0.389849
-0.38875
-0.387649
-0.386571
-0.385464
-0.384362
-0.383266
-0.382219
-0.381165
-0.380187
-0.379067
-0.377919
-0.376824
-0.375697
-0.374662
-0.373479
-0.372307
-0.371267
-0.370156
-0.368958
-0.367926
-0.366676
-0.365489
-0.364426
-0.363059
-0.361822
-0.360562
-0.359247
-0.357965
-0.356591
-0.355244
-0.353867
-0.352502
-0.351185
-0.349771
-0.348323
-0.34687
-0.345485
-0.344062
-0.342645
-0.341312
-0.339909
-0.338461
-0.337171
-0.335754
-0.334356
-0.332764
-0.331313
-0.329946
-0.328452
-0.326915
-0.32526
-0.323674
-0.322027
-0.320438
-0.318663
-0.317027
-0.315313
-0.313723
-0.311998
-0.310293
-0.308636
-0.307039
-0.305354
-0.303676
-0.301923
-0.300135
-0.296989
-0.295045
-0.29317
-0.292973
-0.291104
-0.287622
-0.285741
-0.28379
-0.281785
-0.279836
-0.277904
-0.275678
-0.27336
-0.271298
-0.269408
-0.267402
-0.265524
-0.263509
-0.261513
-0.259425
-0.25742
-0.255237
-0.252985
-0.250496
-0.24821
-0.245898
-0.243711
-0.241331
-0.23882
-0.23672
-0.234386
-0.23215
-0.230161
-0.228031
-0.225666
-0.223428
-0.221096
-0.218732
-0.216518
-0.214103
-0.21167
-0.209307
-0.207061
-0.204662
-0.202112
-0.199832
-0.197596
-0.195287
-0.192821
-0.190254
-0.1879
-0.185381
-0.183044
-0.18047
-0.178082
-0.175396
-0.172774
-0.170096
-0.167604
-0.165028
-0.16244
-0.159971
-0.157319
-0.154487
-0.151742
-0.148748
-0.145796
-0.143121
-0.140228
-0.137869
-0.135282
-0.132795
-0.130386
-0.128045
-0.125428
-0.122757
-0.11998
-0.117174
-0.114359
-0.111371
-0.108529
-0.105594
-0.10287
-0.100172
-0.0974297
-0.0945354
-0.0914783
-0.0884804
-0.0853776
-0.082451
-0.0796699
-0.0766683
-0.0738341
-0.0711939
-0.0685749
-0.066045
-0.0633085
-0.0608263
-0.0581651
-0.0555474
-0.0529388
-0.0501985
-0.0476016
-0.0448739
-0.0421255
-0.0392509
-0.0364798
-0.0337954
-0.0310276
-0.0281604
-0.0254333
-0.0225033
-0.0196868
-0.017082
-0.0143876
-0.0119942
-0.00961488
-0.00705986
-0.00439387
-0.00204555
0.000389545
0.00275793
0.00533514
0.00801612
0.0105202
0.0130462
0.0156915
0.0181014
0.0206879
0.0231091
0.0256169
0.028244
0.0305432
0.032642
0.0349168
0.0372797
0.039509
0.0417115
0.0441208
0.0463324
0.0487205
0.0512444
0.0538362
0.0562993
0.0583958
0.0606186
0.0628884
0.0651346
0.0671811
0.069319
0.0716265
0.0737598
0.0762707
0.0786374
0.0807781
0.0827884
0.0848269
0.0868701
0.0890686
0.0912391
0.0931903
0.0953436
0.0971661
0.0993655
0.101277
0.103425
0.105507
0.107553
0.109281
0.111309
0.11329
0.114956
0.11701
0.118907
0.120704
0.122395
0.124111
0.12589
0.127701
0.129534
0.131352
0.133408
0.135419
0.137151
0.138954
0.140561
0.142015
0.143653
0.145204
0.146888
0.148478
0.149949
0.151192
0.152664
0.153862
0.155335
0.1568
0.158249
0.159413
0.160881
0.162318
0.163835
0.165194
0.166531
0.168028
0.169315
0.170684
0.172072
0.17348
0.174588
0.17588
0.17713
0.178229
0.179413
0.180753
0.181849
0.182858
0.184079
0.185166
0.18642
0.187584
0.188632
0.190083
0.191459
0.192577
0.193788
0.195137
0.196115
0.197162
0.198264
0.199151
0.200137
0.20102
0.202026
0.203188
0.204098
0.204965
0.205922
0.206973
0.207994
0.208749
0.209762
0.210456
0.211209
0.211977
0.212733
0.213637
0.214158
0.215063
0.215743
0.216397
0.217052
0.21777
0.218439
0.219285
0.220129
0.220829
0.22144
0.222094
0.222868
0.22374
0.224449
0.225178
0.225745
0.226238
0.22682
0.227589
0.228114
0.228552
0.229184
0.229675
0.230305
0.23103
0.231608
0.232208
0.232874
0.233595
0.234097
0.234561
0.234692
0.234947
0.235364
0.236356
0.238118
0.238515
0.238835
0.239151
0.239516
0.239939
0.240201
0.240496
0.240694
0.240965
0.241221
0.241453
0.241767
0.241956
0.242289
0.242569
0.24281
0.243131
0.243413
0.243601
0.24379
0.244011
0.24431
0.244599
0.244941
0.245324
0.245586
0.245873
0.246245
0.246587
0.246913
0.247244
0.247525
0.247922
0.248225
0.248581
0.24907
0.249541
0.249972
0.250356
0.250682
0.251078
0.251523
0.251976
0.252421
0.2528
0.253292
0.253776
0.254229
0.2546
0.255006
0.255453
0.255869
0.256303
0.256806
0.25726
0.257643
0.25806
0.258466
0.258826
0.259228
0.259633
0.26008
0.260515
0.260915
0.261307
0.261751
0.262094
0.262533
0.262862
0.263295
0.263639
0.26406
0.264351
0.264657
0.26502
0.265443
0.265826
0.266162
0.266529
0.26692
0.267233
0.267615
0.268033
0.268381
0.268773
0.26916
0.26956
0.269852
0.27019
0.270576
0.270955
0.27129
0.271708
0.272149
0.272571
0.273015
0.273414
0.273869
0.274338
0.274733
0.275099
0.275559
0.275988
0.276503
0.27696
0.277514
0.278096
0.278593
0.279062
0.27952
0.28
0.280435
0.280848
0.281334
0.28182
0.282429
0.282931
0.283333
0.283776
0.284209
0.284621
0.284968
0.285308
0.285644
0.286062
0.286547
0.28709
0.28761
0.288137
0.288596
0.28902
0.289422
0.289754
0.290212
0.290683
0.291126
0.291623
0.292181
0.292714
0.293218
0.293676
0.293966
0.294477
0.29489
0.295212
0.295611
0.296074
0.296608
0.297053
0.29745
0.297891
0.298241
0.298568
0.298835
0.299039
0.299267
0.299567
0.299796
0.300124
0.3004
0.300557
0.300744
0.300931
0.301057
0.301156
0.301258
0.301328
0.301405
0.301422
0.301434
0.301451
0.301441
0.301442
0.301358
0.301217
0.301131
0.301062
0.300897
0.300724
0.300515
0.300316
0.300017
0.299772
0.299524
0.299218
0.299002
0.298783
0.29846
0.298114
0.297777
0.297382
0.296982
0.296579
0.296223
0.29588
0.295567
0.295281
0.294879
0.294477
0.293896
0.293446
0.292983
0.292517
0.292081
0.29168
0.291253
0.290898
0.290491
0.290152
0.289765
0.289222
0.288675
0.288231
0.287783
0.287344
0.286941
0.286472
0.286019
0.285654
0.285286
0.284736
0.284265
0.283777
0.283341
0.282862
0.282437
0.28204
0.281671
0.281359
0.280989
0.280572
0.280105
0.279687
0.279249
0.278847
0.278488
0.278094
0.277737
0.277433
0.277072
0.276831
0.276553
0.276298
0.276001
0.275662
0.275383
0.2751
0.274826
0.274595
0.27439
0.274135
0.27391
0.27371
0.273486
0.273304
0.273098
0.272875
0.272612
0.272375
0.272183
0.272003
0.271802
0.271577
0.271424
0.271268
0.271132
0.270986
0.270882
0.270769
0.270535
0.27038
0.270218
0.270126
0.270009
0.26994
0.26987
0.269731
0.269683
0.269615
0.269538
0.269438
0.269374
0.269195
0.269086
0.268999
0.268975
0.268857
0.268886
0.268831
0.268751
0.268673
0.268592
0.268566
0.26856
0.268541
0.268511
0.268524
0.268527
0.268529
0.268547
0.268536
0.268578
0.268602
0.268664
0.268634
0.268603
0.268685
0.26875
0.268811
0.268907
0.268931
0.268959
0.26904
0.269094
0.269156
0.269159
0.269276
0.269362
0.269401
0.269485
0.269564
0.269681
0.269785
0.269788
0.269826
0.26991
0.26997
0.270034
0.270162
0.27021
0.270355
0.270451
0.270578
0.270565
0.270678
0.2708
0.270898
0.271063
0.271272
0.271423
0.271563
0.271646
0.271715
0.271816
0.271876
0.271918
0.272038
0.272057
0.272115
0.272172
0.27225
0.272325
0.272368
0.272391
0.272415
0.272448
0.272466
0.272453
0.272462
0.272518
0.27255
0.272673
0.272704
0.272748
0.272786
0.272805
0.272769
0.272802
0.272788
0.272752
0.272734
0.272736
0.272759
0.272797
0.272768
0.272739
0.272739
0.272729
0.27268
0.272659
0.272622
0.272626
0.272615
0.272635
0.272583
0.272548
0.272525
0.27245
0.272431
0.272394
0.272318
0.272218
0.272112
0.272001
0.271866
0.271789
0.271675
0.271565
0.271498
0.271436
0.271323
0.271186
0.271033
0.270949
0.270804
0.270679
0.27061
0.270537
0.270423
0.27033
0.270223
0.270093
0.26994
0.269874
0.269771
0.269623
0.269522
0.269368
0.269299
0.269254
0.269185
0.269115
0.269035
0.269014
0.268965
0.268874
0.268773
0.268705
0.268656
0.268597
0.268575
0.268549
0.268519
0.268458
0.268378
0.268315
0.268281
0.268226
0.268197
0.268138
0.268101
0.268073
0.268017
0.268001
0.267977
0.26794
0.267917
0.26791
0.26791
0.267881
0.267881
0.267877
0.267901
0.267925
0.267955
0.267953
0.270691
0.267998
0.268041
0.268018
0.268071
0.268111
0.268119
0.268186
0.268275
0.26831
0.271077
0.268425
0.268478
0.268599
0.268653
0.268772
0.268838
0.268938
0.269022
0.269084
0.26917
0.269324
0.26944
0.269525
0.269624
0.269754
0.269881
0.27002
0.270127
0.270242
0.270367
0.270498
0.270647
0.270799
0.270958
0.271064
0.271224
0.27137
0.271536
0.271677
0.271897
0.272072
0.272251
0.272418
0.272574
0.272765
0.272928
0.273107
0.273313
0.273481
0.273627
0.273827
0.274049
0.274251
0.274431
0.274616
0.274792
0.274988
0.275153
0.275368
0.275544
0.275746
0.275944
0.276084
0.276279
0.276467
0.276675
0.276871
0.277112
0.277295
0.277473
0.277695
0.277851
0.277996
0.278201
0.278428
0.278649
0.278863
0.279061
0.279299
0.27957
0.279768
0.280032
0.280302
0.280508
0.280699
0.280919
0.281167
0.281407
0.281605
0.281839
0.282068
0.282293
0.282561
0.282762
0.283006
0.283173
0.283397
0.283612
0.283862
0.284132
0.284325
0.284643
0.284927
0.285144
0.28535
0.285566
0.285761
0.285976
0.286194
0.286384
0.286609
0.286811
0.286995
0.287195
0.287448
0.287632
0.287849
0.288057
0.288249
0.288416
0.28859
0.288862
0.289087
0.289302
0.289472
0.289663
0.289833
0.290021
0.290221
0.290346
0.290456
0.290618
0.290778
0.290937
0.291051
0.291202
0.291325
0.29143
0.291528
0.291678
0.291825
0.291892
0.292041
0.292176
0.292305
0.292438
0.292574
0.292664
0.292769
0.292833
0.292848
0.292931
0.292975
0.293036
0.293073
0.293125
0.293125
0.293186
0.293252
0.293297
0.293326
0.293379
0.293404
0.293441
0.29345
0.293494
0.293543
0.293609
0.293657
0.293676
0.293686
0.293654
0.293707
0.293757
0.293749
0.293705
0.293728
0.293686
0.293648
0.293649
0.29366
0.293621
0.293598
0.293588
0.29361
0.291651
0.29071
0.289642
0.288642
0.2877
0.287219
0.286784
0.285964
0.285263
0.284793
0.284274
0.284078
0.283765
0.283568
0.283399
0.283372
0.283299
0.283432
0.28354
0.283539
0.283683
0.283892
0.28432
0.284739
0.28523
0.285371
0.285675
0.286009
0.286556
0.287416
0.288262
0.28868
0.289709
0.290782
0.291728
0.292391
0.293309
0.293723
0.294469
0.295217
0.295872
0.298408
0.297399
0.297717
0.298336
0.299188
0.299744
0.300019
0.30031
0.300599
0.300897
0.301028
0.301359
0.301595
0.301941
0.302324
0.304507
0.302434
0.302293
0.302488
0.302254
0.30256
0.30285
0.302815
0.302922
0.302848
0.303044
0.303023
0.303186
0.30307
0.303197
0.303151
0.302909
0.302737
0.302673
0.302542
0.302346
0.302298
0.30208
0.301681
0.301396
0.301437
0.301136
0.300887
0.300636
0.300324
0.299825
0.29972
0.299399
0.299422
0.29906
0.298737
0.298331
0.297914
0.297443
0.297029
0.296652
0.296119
0.295457
0.295041
0.294601
0.293933
0.293547
0.292971
0.2924
0.291782
0.291238
0.290695
0.289875
0.289486
0.288749
0.287831
0.287112
0.286343
0.285629
0.285042
0.284067
0.283243
0.282368
0.281326
0.280477
0.279671
0.278755
0.278012
0.277486
0.27666
0.276107
0.275346
0.274503
0.273547
0.272795
0.272224
0.271344
0.270646
0.269579
0.269075
0.268341
0.267578
0.266652
0.265864
0.264933
0.264056
0.263034
0.262033
0.261015
0.260269
0.259094
0.258349
0.257413
0.256464
0.255569
0.254359
0.253183
0.252273
0.251219
0.249921
0.249148
0.248239
0.247312
0.246389
0.245473
0.244435
0.243364
0.24248
0.241723
0.240905
0.240044
0.239241
0.238411
0.237659
0.236803
0.235864
0.235087
0.234372
0.233629
0.232784
0.232074
0.23138
0.230527
0.229822
0.229077
0.228382
0.227834
0.22707
0.22663
0.225848
0.225285
0.224319
0.223827
0.222877
0.222095
0.221284
0.220484
0.219921
0.219087
0.218459
0.217906
0.217214
0.216447
0.2157
0.214811
0.214198
0.213465
0.21253
0.211962
0.211306
0.210322
0.209655
0.208882
0.208134
0.207197
0.206132
0.205124
0.204254
0.20353
0.20241
0.201486
0.200411
0.199413
0.198431
0.197672
0.196392
0.195487
0.194199
0.193035
0.191979
0.190653
0.189405
0.188199
0.187054
0.18553
0.184324
0.183185
0.182068
0.18097
0.179542
0.178378
0.176896
0.175419
0.173977
0.172557
0.171211
0.169953
0.168525
0.166874
0.1655
0.164246
0.16257
0.16116
0.159554
0.157724
0.156123
0.156313
0.153075
0.151583
0.149776
0.148003
0.146337
0.144681
0.143075
0.141234
0.139638
0.138004
0.136675
0.135175
0.133419
0.131674
0.130031
0.128531
0.126832
0.125116
0.123363
0.121507
0.119795
0.117835
0.116059
0.11417
0.112037
0.110137
0.108141
0.106221
0.104353
0.102456
0.10079
0.0989511
0.0969064
0.0951023
0.0930829
0.0913463
0.0895064
0.08767
0.0856527
0.0837068
0.0820167
0.0801328
0.0783751
0.0765112
0.0745022
0.0727051
0.0707682
0.0688288
0.0670597
0.0649097
0.0630762
0.060908
0.0589204
0.0566902
0.0547101
0.0524593
0.0502255
0.0479084
0.0456627
0.0434076
0.0409322
0.0387336
0.0378229
0.0344677
0.0322757
0.0300306
0.0277832
0.0257262
0.023742
0.0215884
0.0193518
0.0171056
0.0147488
0.0123874
0.00995327
0.00756145
0.00523444
0.0029646
0.000448965
-0.00207894
-0.00465205
-0.00706748
-0.00945627
-0.0119047
-0.0142415
-0.0155695
-0.0190967
-0.0206624
-0.0242984
-0.0267588
-0.0293753
-0.0318685
-0.0346163
-0.0372365
-0.0396545
-0.0414002
-0.0448079
-0.0475381
-0.0501571
-0.0526061
-0.0552723
-0.0578001
-0.0607713
-0.0635765
-0.0665103
-0.0693518
-0.0721339
-0.0747937
-0.0774178
-0.0801986
-0.0828202
-0.0857604
-0.088704
-0.0914742
-0.0941068
-0.0967865
-0.099555
-0.102081
-0.104617
-0.106492
-0.10978
-0.112389
-0.1151
-0.117866
-0.120822
-0.123986
-0.126964
-0.129693
-0.132501
-0.134841
-0.137878
-0.14062
-0.14342
-0.146309
-0.149032
-0.1518
-0.154712
-0.157765
-0.16057
-0.163065
-0.165591
-0.16813
-0.170756
-0.173424
-0.176309
-0.179187
-0.182237
-0.184965
-0.18795
-0.190763
-0.193437
-0.196076
-0.198872
-0.201442
-0.20405
-0.206725
-0.209421
-0.212358
-0.215202
-0.217898
-0.220299
-0.222735
-0.224919
-0.227196
-0.229702
-0.231862
-0.234071
-0.236406
-0.238607
-0.24076
-0.242872
-0.245046
-0.247224
-0.24914
-0.251031
-0.252884
-0.254744
-0.256562
-0.25854
-0.260583
-0.262479
-0.264317
-0.266141
-0.268031
-0.269853
-0.271786
-0.273663
-0.275599
-0.27746
-0.279282
-0.281112
-0.282859
-0.284714
-0.286583
-0.288408
-0.290206
-0.292044
-0.293933
-0.295929
-0.297872
-0.299856
-0.30174
-0.303709
-0.305719
-0.308857
-0.310755
-0.312567
-0.31456
-0.316669
-0.318116
-0.319805
-0.321843
-0.323271
-0.325072
-0.327141
-0.328533
-0.33016
-0.331877
-0.333509
-0.335239
-0.337009
-0.339212
-0.340574
-0.342263
-0.344075
-0.345858
-0.347593
-0.349308
-0.35108
-0.35279
-0.354535
-0.356067
-0.357637
-0.359226
-0.360958
-0.362414
-0.364086
-0.365529
-0.366858
-0.368293
-0.369628
-0.370957
-0.372335
-0.373743
-0.375013
-0.376337
-0.377579
-0.378709
-0.379963
-0.381145
-0.382465
-0.383612
-0.384743
-0.385895
-0.387046
-0.388163
-0.389343
-0.390377
-0.391431
-0.392493
-0.393603
-0.39469
-0.395741
-0.396733
-0.397762
-0.398843
-0.399881
-0.400848
-0.40181
-0.402732
-0.40359
-0.404458
-0.405393
-0.406292
-0.407084
-0.40795
-0.408866
-0.409664
-0.410504
-0.411353
-0.412136
-0.412897
-0.41368
-0.414379
-0.415159
-0.415887
-0.416685
-0.417708
-0.418042
-0.418782
-0.4195
-0.42014
-0.420869
-0.421561
-0.422192
-0.422887
-0.423476
-0.424088
-0.424739
-0.425285
-0.42588
-0.426392
-0.426865
-0.427369
-0.427874
-0.428357
-0.428909
-0.429369
-0.429734
-0.430182
-0.430543
-0.430851
-0.431264
-0.431643
-0.432111
-0.432468
-0.432869
-0.433262
-0.433661
-0.433987
-0.434351
-0.434721
-0.435085
-0.435509
-0.436002
-0.436377
-0.436869
-0.437323
-0.437778
-0.438189
-0.438728
-0.4392
-0.439697
-0.440241
-0.440667
-0.441165
-0.44157
-0.44199
-0.442781
-0.443255
-0.443694
-0.443712
-0.444112
-0.444489
-0.445144
-0.445163
-0.445574
-0.445994
-0.446392
-0.446768
-0.447046
-0.447438
-0.447829
-0.448188
-0.448553
-0.448958
-0.449296
-0.449636
-0.450049
-0.450458
-0.450924
-0.451307
-0.451778
-0.4522
-0.452599
-0.453361
-0.453526
-0.453967
-0.454349
-0.454823
-0.455243
-0.455698
-0.456132
-0.457
-0.457412
-0.457578
-0.45795
-0.458792
-0.459253
-0.459361
-0.45986
-0.460321
-0.460858
-0.461359
-0.461876
-0.462447
-0.462922
-0.463396
-0.463895
-0.46431
-0.464759
-0.465261
-0.465706
-0.466123
-0.466655
-0.467135
-0.467551
-0.468042
-0.468456
-0.46885
-0.469221
-0.469555
-0.470301
-0.47036
-0.47065
-0.471163
-0.47158
-0.472007
-0.472564
-0.47301
-0.47333
-0.473621
-0.473954
-0.474236
-0.474596
-0.47497
-0.475301
-0.475718
-0.476039
-0.476289
-0.476674
-0.476999
-0.477246
-0.477497
-0.477773
-0.478037
-0.478418
-0.478705
-0.479037
-0.47934
-0.479556
-0.479764
-0.479988
-0.480209
-0.480457
-0.480684
-0.480899
-0.481093
-0.481249
-0.481415
-0.481881
-0.481715
-0.481831
-0.481979
-0.482152
-0.482324
-0.482468
-0.482556
-0.482697
-0.482826
-0.482905
-0.48298
-0.483028
-0.483102
-0.483169
-0.483236
-0.483286
-0.483252
-0.483267
-0.483287
-0.483318
-0.483328
-0.483331
-0.483296
-0.483269
-0.483198
-0.483119
-0.482968
-0.482873
-0.482732
-0.482623
-0.482504
-0.482359
-0.482079
-0.481997
-0.481829
-0.481709
-0.481574
-0.481482
-0.48129
-0.481124
-0.480934
-0.480781
-0.480598
-0.48046
-0.480311
-0.480182
-0.480015
-0.479832
-0.479638
-0.479491
-0.479304
-0.4791
-0.478883
-0.47871
-0.478591
-0.478373
-0.478243
-0.478064
-0.47793
-0.477739
-0.477574
-0.477357
-0.477177
-0.477041
-0.477113
-0.476578
-0.476358
-0.476116
-0.475893
-0.475684
-0.475535
-0.475728
-0.475195
-0.47502
-0.474852
-0.474658
-0.47447
-0.474318
-0.474183
-0.474013
-0.473831
-0.473708
-0.473573
-0.473433
-0.473385
-0.473667
-0.473159
-0.473102
-0.473282
-0.472804
-0.472676
-0.472507
-0.472383
-0.472218
-0.472125
-0.471958
-0.471781
-0.471651
-0.471454
-0.471282
-0.471485
-0.470974
-0.470801
-0.471017
-0.470557
-0.470419
-0.470299
-0.470174
-0.47005
-0.469892
-0.469816
-0.469577
-0.46946
-0.469308
-0.469187
-0.469031
-0.469208
-0.46867
-0.468557
-0.468478
-0.468299
-0.468063
-0.467902
-0.467667
-0.467438
-0.467192
-0.46681
-0.466569
-0.466347
-0.466033
-0.46574
-0.465488
-0.465218
-0.464941
-0.464646
-0.464439
-0.464158
-0.463878
-0.463559
-0.463262
-0.463277
-0.462707
-0.462395
-0.462206
-0.461968
-0.461636
-0.461414
-0.461249
-0.46137
-0.46073
-0.460763
-0.460292
-0.460073
-0.459842
-0.459651
-0.459503
-0.459271
-0.459008
-0.459159
-0.458638
-0.458373
-0.458205
-0.458019
-0.457771
-0.457627
-0.457416
-0.457187
-0.456978
-0.456727
-0.456573
-0.456337
-0.456044
-0.455829
-0.455662
-0.455502
-0.455351
-0.455187
-0.455088
-0.454951
-0.454767
-0.454668
-0.454531
-0.454452
-0.4543
-0.454189
-0.454102
-0.453965
-0.453903
-0.453814
-0.45374
-0.453716
-0.453751
-0.454019
-0.453632
-0.453606
-0.453871
-0.453483
-0.453471
-0.453412
-0.453439
-0.4534
-0.453371
-0.453426
-0.453421
-0.453371
-0.453704
-0.453359
-0.453372
-0.453452
-0.453533
-0.453575
-0.453661
-0.453754
-0.45384
-0.453966
-0.454369
-0.454411
-0.454115
-0.45448
-0.454206
-0.454286
-0.454338
-0.454349
-0.454402
-0.454839
-0.454624
-0.454699
-0.454763
-0.454824
-0.454978
-0.455063
-0.455132
-0.455223
-0.455659
-0.455737
-0.455498
-0.455606
-0.455736
-0.455835
-0.455893
-0.455911
-0.456051
-0.456213
-0.456641
-0.456437
-0.456533
-0.456675
-0.456812
-0.457214
-0.456943
-0.457138
-0.457235
-0.457336
-0.457468
-0.457546
-0.457715
-0.422907
-0.457956
-0.458015
-0.458095
-0.45812
-0.458191
-0.458271
-0.458317
-0.458413
-0.45883
-0.458497
-0.458609
-0.458925
-0.458963
-0.458628
-0.459022
-0.458702
-0.458713
-0.459024
-0.459041
-0.459037
-0.458717
-0.458977
-0.458913
-0.458581
-0.458515
-0.458554
-0.45855
-0.458561
-0.458564
-0.458582
-0.458532
-0.458813
-0.458489
-0.458475
-0.458526
-0.458559
-0.458498
-0.458823
-0.458489
-0.458427
-0.458419
-0.458417
-0.458396
-0.458322
-0.458312
-0.458568
-0.458173
-0.458209
-0.458152
-0.458105
-0.458007
-0.457861
-0.458134
-0.457733
-0.458039
-0.458007
-0.457679
-0.45761
-0.4576
-0.457547
-0.457495
-0.457869
-0.457585
-0.457522
-0.457448
-0.457427
-0.45734
-0.457674
-0.45738
-0.457363
-0.457379
-0.4573
-0.457321
-0.45728
-0.457254
-0.457591
-0.457625
-0.457376
-0.457427
-0.457477
-0.457484
-0.457517
-0.457534
-0.457554
-0.457663
-0.457754
-0.457851
-0.457939
-0.458006
-0.458392
-0.458405
-0.458145
-0.458202
-0.458254
-0.458322
-0.458456
-0.458575
-0.458724
-0.4588
-0.458859
-0.458972
-0.459067
-0.45921
-0.459312
-0.459503
-0.459716
-0.459867
-0.460088
-0.46059
-0.460358
-0.460495
-0.460662
-0.461169
-0.461008
-0.4612
-0.461647
-0.461469
-0.461621
-0.46216
-0.462026
-0.462196
-0.462303
-0.462496
-0.462581
-0.462672
-0.462825
-0.462995
-0.463174
-0.463357
-0.463473
-0.463572
-0.463723
-0.463861
-0.464031
-0.464246
-0.464391
-0.464603
-0.464859
-0.465015
-0.465158
-0.465329
-0.465571
-0.465756
-0.465883
-0.46601
-0.466167
-0.466336
-0.466515
-0.46667
-0.466871
-0.467023
-0.467162
-0.467324
-0.467466
-0.467612
-0.467806
-0.46789
-0.468011
-0.468112
-0.468268
-0.468738
-0.468597
-0.468759
-0.468962
-0.469119
-0.469256
-0.469752
-0.469558
-0.469636
-0.469719
-0.470192
-0.47
-0.470183
-0.470417
-0.470976
-0.470821
-0.471015
-0.471125
-0.471263
-0.471802
-0.471929
-0.472043
-0.47189
-0.472062
-0.47083
-0.469684
-0.468707
-0.468024
-0.466759
-0.466028
-0.464486
-0.462824
-0.461836
-0.460207
-0.460099
-0.459854
-0.459753
-0.45989
-0.45975
-0.459727
-0.45953
-0.458514
-0.459717
-0.460243
-0.457576
-0.450718
-0.445398
-0.435579
-0.433895
-0.433226
-0.430322
-0.433125
-0.433278
