-3.09863	-1.29161e-005	683.829	
1.13412	-19.2574	685.803	
1.13412	-19.2574	685.803	
1.13412	-19.2574	685.803	
1.13412	-19.2574	685.803	
1.13412	-19.2574	685.803	
1.13412	-19.2574	685.803	
1.13412	-19.2574	685.803	
1.13412	-19.2574	685.803	
1.13412	-19.2574	685.803	
1.13412	-19.2574	685.803	
1.13412	-19.2574	685.803	
1.13412	-19.2574	685.803	
1.13412	-19.2574	685.803	
1.13412	-19.2574	685.803	
1.13412	-19.2574	685.803	
1.13412	-19.2574	685.803	
1.13412	-19.2574	685.803	
1.13412	-19.2574	685.803	
1.13412	-19.2574	685.803	
1.13412	-19.2574	685.803	
1.13412	-19.2574	685.803	
1.13412	-19.2574	685.803	
1.13412	-19.2574	685.803	
1.13412	-19.2574	685.803	
1.13412	-19.2574	685.803	
1.13412	-19.2574	685.803	
1.13412	-19.2574	685.803	
1.13412	-19.2574	685.803	
1.13412	-19.2574	685.803	
1.13412	-19.2574	685.803	
1.13412	-19.2574	685.803	
1.13412	-19.2574	685.803	
1.13412	-19.2574	685.803	
1.13412	-19.2574	685.803	
1.13412	-19.2574	685.803	
1.13412	-19.2574	685.803	
1.13412	-19.2574	685.803	
1.13412	-19.2574	685.803	
1.13412	-19.2574	685.803	
1.13412	-19.2574	685.803	
1.13412	-19.2574	685.803	
1.13412	-19.2574	685.803	
1.13412	-19.2574	685.803	
1.13412	-19.2574	685.803	
1.13412	-19.2574	685.803	
1.13412	-19.2574	685.803	
1.13412	-19.2574	685.803	
1.13412	-19.2574	685.803	
1.13412	-19.2574	685.803	
1.13412	-19.2574	685.803	
1.13412	-19.2574	685.803	
1.13412	-19.2574	685.803	
1.13412	-19.2574	685.803	
1.13412	-19.2574	685.803	
1.13412	-19.2574	685.803	
1.13412	-19.2574	685.803	
1.13412	-19.2574	685.803	
1.13412	-19.2574	685.803	
1.13412	-19.2574	685.803	
1.13412	-19.2574	685.803	
1.13412	-19.2574	685.803	
1.13412	-19.2574	685.803	
1.12979	-19.2574	685.803	
1.12979	-19.2574	685.803	
1.12979	-19.2574	685.803	
1.12979	-19.2574	685.803	
1.12951	-19.2574	685.803	
1.12517	-19.2574	685.803	
1.12517	-19.2574	685.803	
1.12517	-19.2574	685.803	
1.12084	-19.2574	685.803	
1.1206	-19.2574	685.803	
1.11626	-19.2574	685.803	
1.11193	-19.2574	685.803	
1.1076	-19.2574	685.803	
1.10298	-19.2574	685.803	
1.09431	-19.2574	685.803	
1.0897	-19.2574	685.803	
1.08103	-19.2574	685.803	
1.07642	-19.2574	685.803	
1.07208	-19.2574	685.803	
1.07047	-19.2574	685.802	
1.05856	-19.2574	685.802	
1.0569	-19.2574	685.802	
1.05229	-19.2574	685.802	
1.04767	-19.2574	685.802	
1.04334	-19.2574	685.802	
1.03872	-19.2574	685.802	
1.03415	-19.2574	685.802	
1.0252	-19.2574	685.802	
1.02058	-19.2574	685.802	
1.01163	-19.2574	685.802	
1.0024	-19.2574	685.802	
0.98916	-19.2574	685.802	
0.987224	-19.2574	685.802	
0.979549	-19.2574	685.802	
0.970358	-19.2574	685.802	
0.961167	-19.2574	685.802	
0.947602	-19.2574	685.802	
0.938693	-19.2574	685.802	
0.936757	-19.2574	685.802	
0.927607	-19.2574	685.802	
0.922467	-19.2574	685.802	
0.921563	-19.2574	685.802	
0.91209	-19.2574	685.802	
0.898565	-19.2574	685.802	
0.883105	-19.2573	685.801	
0.87033	-19.2573	685.801	
0.86076	-19.2573	685.801	
0.849956	-19.2573	685.801	
0.83887	-19.2573	685.801	
0.81771	-19.2573	685.801	
0.801726	-19.2573	685.801	
0.786306	-19.2573	685.801	
0.772443	-19.2573	685.801	
0.75406	-19.2573	685.801	
0.744248	-19.2573	685.801	
0.73288	-19.2573	685.8	
0.721794	-19.2573	685.8	
0.704685	-19.2573	685.8	
0.698158	-19.2573	685.8	
0.6923	-19.2573	685.8	
0.691662	-19.2573	685.8	
0.676952	-19.2573	685.8	
0.651402	-19.2573	685.8	
0.629863	-19.2573	685.8	
0.618623	-19.2573	685.8	
0.599805	-19.2573	685.8	
0.572705	-19.2573	685.799	
0.557229	-19.2573	685.799	
0.536855	-19.2573	685.799	
0.526986	-19.2573	685.799	
0.511186	-19.2572	685.799	
0.511108	-19.2572	685.799	
0.505855	-19.2572	685.799	
0.499658	-19.2572	685.799	
0.49388	-19.2572	685.799	
0.486691	-19.2572	685.798	
0.480776	-19.2572	685.798	
0.470003	-19.2572	685.798	
0.460879	-19.2572	685.798	
0.449114	-19.2572	685.798	
0.442675	-19.2572	685.798	
0.435486	-19.2572	685.798	
0.420097	-19.2572	685.797	
0.418274	-19.2572	685.797	
0.40039	-19.2572	685.797	
0.387451	-19.2572	685.797	
0.367631	-19.2572	685.797	
0.337456	-19.2572	685.797	
0.323429	-19.2572	685.796	
0.299852	-19.2572	685.796	
0.294734	-19.2571	685.796	
0.28198	-19.2571	685.796	
0.272615	-19.2571	685.796	
0.262598	-19.2571	685.796	
0.257325	-19.2571	685.795	
0.257901	-19.2571	685.795	
0.268833	-19.2571	685.795	
0.269691	-19.2571	685.795	
0.280438	-19.2571	685.795	
0.27706	-19.2571	685.795	
0.269067	-19.2571	685.795	
0.266116	-19.2571	685.795	
0.253506	-19.2571	685.794	
0.257898	-19.2571	685.794	
0.264963	-19.2571	685.794	
0.281267	-19.2571	685.794	
0.302042	-19.2571	685.794	
0.312584	-19.2571	685.794	
0.309962	-19.257	685.794	
0.285051	-19.257	685.793	
0.275681	-19.257	685.793	
0.271544	-19.257	685.793	
0.273203	-19.257	685.793	
0.274092	-19.257	685.792	
0.270364	-19.257	685.792	
0.268695	-19.257	685.792	
0.267947	-19.257	685.791	
0.282068	-19.257	685.791	
0.294412	-19.257	685.791	
0.306239	-19.257	685.791	
0.29989	-19.2569	685.791	
0.279976	-19.2569	685.791	
0.300188	-19.2569	685.79	
0.329483	-19.2569	685.79	
0.355902	-19.2569	685.79	
0.373324	-19.2569	685.79	
0.380801	-19.2569	685.79	
0.359515	-19.2569	685.789	
0.361171	-19.2569	685.789	
0.379539	-19.2569	685.789	
0.402508	-19.2569	685.789	
0.418842	-19.2569	685.788	
0.406177	-19.2568	685.788	
0.412092	-19.2568	685.788	
0.42664	-19.2568	685.788	
0.415705	-19.2568	685.787	
0.404846	-19.2568	685.787	
0.411844	-19.2568	685.786	
0.444182	-19.2568	685.786	
0.441627	-19.2567	685.786	
0.423205	-19.2567	685.785	
0.418188	-19.2567	685.785	
0.432483	-19.2567	685.784	
0.448973	-19.2567	685.784	
0.453511	-19.2567	685.783	
0.463004	-19.2566	685.783	
0.465767	-19.2566	685.782	
0.457165	-19.2566	685.782	
0.447434	-19.2566	685.781	
0.472301	-19.2566	685.781	
0.503203	-19.2566	685.781	
0.511145	-19.2565	685.78	
0.477546	-19.2638	685.78	
0.470711	-19.2638	685.78	
0.494607	-19.2638	685.78	
0.506912	-19.2638	685.779	
0.504148	-19.2638	685.779	
0.503735	-19.2638	685.778	
0.5089	-19.2637	685.778	
0.509762	-19.2637	685.777	
0.504112	-19.2637	685.776	
0.52584	-19.2637	685.776	
0.53678	-19.2637	685.775	
0.521298	-19.271	685.775	
0.51497	-19.2709	685.775	
0.538012	-19.2709	685.774	
0.55925	-19.2709	685.774	
0.544469	-19.2709	685.773	
0.552539	-19.2708	685.772	
0.552126	-19.2781	685.772	
0.553845	-19.2781	685.771	
0.558426	-19.2781	685.77	
0.577456	-19.2781	685.77	
0.574155	-19.2853	685.77	
0.576271	-19.2853	685.769	
0.603618	-19.2926	685.769	
0.594847	-19.2926	685.768	
0.589776	-19.2925	685.767	
0.591046	-19.2925	685.766	
0.577376	-19.2998	685.766	
0.60021	-19.2998	685.765	
0.627474	-19.2997	685.764	
0.597946	-19.2997	685.763	
0.609473	-19.2997	685.762	
0.621666	-19.2996	685.761	
0.618009	-19.2996	685.76	
0.635615	-19.2995	685.759	
0.64026	-19.2995	685.758	
0.631431	-19.2994	685.756	
0.649923	-19.2994	685.755	
0.665915	-19.2994	685.754	
0.651139	-19.2993	685.753	
0.685013	-19.2993	685.752	
0.697281	-19.2992	685.751	
0.684176	-19.2992	685.75	
0.704737	-19.2992	685.749	
0.702016	-19.2991	685.747	
0.705719	-19.299	685.746	
0.705698	-19.299	685.745	
0.685003	-19.2989	685.743	
0.698447	-19.3062	685.743	
0.693361	-19.3062	685.741	
0.702799	-19.3061	685.74	
0.685763	-19.306	685.738	
0.677433	-19.306	685.736	
0.689884	-19.3059	685.735	
0.679162	-19.3058	685.733	
0.707109	-19.3058	685.732	
0.700058	-19.3057	685.73	
0.700585	-19.3057	685.728	
0.707135	-19.3056	685.727	
0.704877	-19.3055	685.725	
0.726974	-19.3055	685.724	
0.71601	-19.3054	685.722	
0.715505	-19.3054	685.72	
0.737312	-19.3053	685.719	
0.742636	-19.3052	685.716	
0.758605	-19.3052	685.715	
0.764171	-19.3051	685.713	
0.775005	-19.305	685.711	
0.764794	-19.3049	685.709	
0.786068	-19.3049	685.707	
0.826368	-19.3048	685.705	
0.824246	-19.3047	685.703	
0.812958	-19.3046	685.701	
0.807535	-19.3045	685.699	
0.818313	-19.2971	685.696	
0.813683	-19.297	685.693	
0.82026	-19.2969	685.691	
0.829563	-19.2968	685.688	
0.852792	-19.2967	685.686	
0.859309	-19.2966	685.683	
0.895641	-19.2965	685.681	
0.915203	-19.2964	685.678	
0.956901	-19.2963	685.675	
0.973133	-19.2962	685.672	
1.02298	-19.2961	685.67	
1.03251	-19.296	685.667	
1.07058	-19.2959	685.665	
1.06653	-19.2958	685.662	
1.10494	-19.2957	685.66	
1.07633	-19.2956	685.656	
1.10004	-19.2955	685.654	
1.08226	-19.2953	685.65	
1.09994	-19.2952	685.647	
1.08545	-19.295	685.644	
1.08057	-19.2949	685.641	
1.0869	-19.2948	685.638	
1.08581	-19.2947	685.634	
1.09595	-19.2945	685.632	
1.08357	-19.2944	685.628	
1.09498	-19.2943	685.625	
1.07691	-19.2941	685.621	
1.09701	-19.294	685.618	
1.09583	-19.2938	685.614	
1.08434	-19.2937	685.611	
1.07689	-19.2936	685.607	
1.07163	-19.2934	685.603	
1.07489	-19.2926	685.6	
1.04565	-19.2924	685.596	
1.05063	-19.2923	685.592	
1.03624	-19.2921	685.588	
1.04514	-19.2919	685.584	
1.03948	-19.2918	685.58	
1.03091	-19.2916	685.576	
1.05383	-19.2915	685.572	
1.03582	-19.2913	685.568	
1.03741	-19.2912	685.564	
1.0349	-19.291	685.559	
1.03494	-19.2908	685.555	
1.05546	-19.2907	685.551	
1.02911	-19.2905	685.547	
1.01744	-19.2904	685.543	
1.00235	-19.2902	685.538	
1.01014	-19.2899	685.533	
1.03614	-19.2898	685.529	
1.02491	-19.2896	685.523	
1.04558	-19.2894	685.519	
1.04617	-19.2892	685.514	
1.03457	-19.289	685.509	
1.05469	-19.2889	685.505	
1.0499	-19.2887	685.5	
1.06523	-19.2885	685.495	
1.07939	-19.2883	685.491	
1.07215	-19.2881	685.485	
1.11133	-19.2879	685.481	
1.12219	-19.2877	685.475	
1.14071	-19.2802	685.47	
1.14349	-19.28	685.464	
1.15355	-19.2798	685.458	
1.20255	-19.2796	685.453	
1.2154	-19.2794	685.447	
1.22654	-19.2791	685.441	
1.26449	-19.2789	685.435	
1.2833	-19.2786	685.429	
1.2926	-19.2784	685.423	
1.34697	-19.2781	685.416	
1.37914	-19.2779	685.41	
1.38222	-19.2776	685.403	
1.4438	-19.2774	685.397	
1.49792	-19.2772	685.39	
1.53039	-19.2769	685.383	
1.57236	-19.2766	685.376	
1.62293	-19.2764	685.37	
1.63882	-19.2761	685.362	
1.65888	-19.2758	685.355	
1.67024	-19.2756	685.349	
1.69927	-19.2753	685.342	
1.69855	-19.275	685.334	
1.70129	-19.2747	685.327	
1.71896	-19.2744	685.32	
1.70266	-19.2741	685.312	
1.69499	-19.2739	685.306	
1.70018	-19.2736	685.298	
1.69963	-19.2733	685.291	
1.69171	-19.273	685.283	
1.69704	-19.2727	685.276	
1.68722	-19.2725	685.268	
1.66368	-19.2721	685.259	
1.66434	-19.2792	685.253	
1.67831	-19.2789	685.246	
1.67225	-19.2786	685.237	
1.65348	-19.2783	685.229	
1.66584	-19.278	685.222	
1.68029	-19.2777	685.214	
1.67118	-19.2774	685.206	
1.65506	-19.2771	685.198	
1.66779	-19.2768	685.19	
1.65453	-19.2765	685.182	
1.62898	-19.2761	685.173	
1.59476	-19.2758	685.164	
1.59901	-19.2755	685.156	
1.57773	-19.2751	685.147	
1.55061	-19.2748	685.137	
1.52578	-19.2744	685.128	
1.50858	-19.2741	685.12	
1.50395	-19.2731	685.111	
1.4696	-19.2727	685.101	
1.46268	-19.2724	685.093	
1.45135	-19.272	685.084	
1.43588	-19.2717	685.075	
1.41709	-19.2713	685.065	
1.4193	-19.2636	685.056	
1.4254	-19.2633	685.046	
1.42937	-19.2629	685.036	
1.42666	-19.2625	685.026	
1.40072	-19.2621	685.016	
1.41186	-19.2617	685.006	
1.43468	-19.254	684.995	
1.47175	-19.2536	684.985	
1.50217	-19.2532	684.974	
1.5777	-19.2528	684.964	
1.61762	-19.245	684.952	
1.67046	-19.2446	684.941	
1.70094	-19.2441	684.929	
1.74438	-19.2437	684.918	
1.79943	-19.2433	684.908	
1.81228	-19.2428	684.896	
1.84903	-19.2424	684.885	
1.86079	-19.2346	684.872	
1.89208	-19.2341	684.86	
1.92115	-19.2337	684.849	
1.95314	-19.2333	684.838	
1.97749	-19.2328	684.826	
1.97102	-19.2323	684.813	
1.96292	-19.2318	684.801	
1.94094	-19.2314	684.789	
1.95884	-19.2309	684.777	
1.96665	-19.2298	684.765	
1.97145	-19.2293	684.752	
1.98322	-19.2288	684.739	
1.99948	-19.2283	684.727	
2.04221	-19.2279	684.715	
2.05662	-19.2274	684.703	
2.06912	-19.2269	684.69	
2.08947	-19.2264	684.677	
2.06846	-19.2259	684.664	
2.05484	-19.2254	684.65	
2.06265	-19.2249	684.638	
2.07784	-19.2245	684.625	
2.08245	-19.2233	684.612	
2.06721	-19.2227	684.599	
2.07207	-19.2222	684.586	
2.0821	-19.2217	684.573	
2.10362	-19.2213	684.561	
2.08972	-19.2208	684.547	
2.08177	-19.2202	684.533	
2.07161	-19.2197	684.52	
2.06825	-19.2119	684.506	
2.10563	-19.2114	684.493	
2.11587	-19.2102	684.479	
2.11575	-19.2096	684.464	
2.12518	-19.2091	684.449	
2.13642	-19.2085	684.435	
2.16572	-19.208	684.421	
2.21011	-19.2001	684.406	
2.24249	-19.1996	684.391	
2.28349	-19.199	684.376	
2.31043	-19.1984	684.36	
2.35961	-19.1978	684.345	
2.40553	-19.1972	684.33	
2.44467	-19.1966	684.314	
2.45661	-19.1961	684.3	
2.47934	-19.1955	684.285	
2.50538	-19.1949	684.269	
2.5038	-19.1943	684.254	
2.4788	-19.1937	684.238	
2.46713	-19.1931	684.222	
2.48241	-19.1924	684.206	
2.50523	-19.1919	684.192	
2.51552	-19.1913	684.176	
2.52356	-19.1907	684.16	
2.52122	-19.1901	684.144	
2.5312	-19.1894	684.128	
2.52859	-19.1888	684.112	
2.55948	-19.1883	684.097	
2.56672	-19.1877	684.08	
2.56225	-19.187	684.063	
2.55727	-19.1864	684.046	
2.57232	-19.1857	684.03	
2.56893	-19.185	684.012	
2.56039	-19.1844	683.995	
2.5549	-19.1837	683.978	
2.54867	-19.1831	683.961	
2.54162	-19.1824	683.943	
2.52128	-19.1817	683.925	
2.49632	-19.181	683.907	
2.48984	-19.1804	683.889	
2.4928	-19.179	683.872	
2.4915	-19.1783	683.854	
2.49962	-19.1777	683.837	
2.49933	-19.177	683.82	
2.50937	-19.1763	683.802	
2.49881	-19.1756	683.783	
2.50678	-19.175	683.766	
2.52937	-19.167	683.746	
2.55046	-19.1663	683.728	
2.60188	-19.1656	683.711	
2.65052	-19.165	683.694	
2.7024	-19.1643	683.675	
2.75196	-19.1563	683.656	
2.8076	-19.1556	683.638	
2.83627	-19.1548	683.619	
2.89968	-19.1542	683.602	
2.91835	-19.1535	683.583	
2.93706	-19.1528	683.564	
2.92965	-19.152	683.544	
2.94013	-19.144	683.524	
2.93857	-19.1432	683.505	
2.92825	-19.1424	683.486	
2.93678	-19.1417	683.467	
2.93613	-19.141	683.448	
2.93177	-19.1402	683.429	
2.9411	-19.1395	683.41	
2.92749	-19.1387	683.389	
2.93234	-19.1379	683.37	
2.92973	-19.1372	683.35	
2.95271	-19.1365	683.332	
2.96348	-19.1357	683.313	
2.96546	-19.135	683.293	
2.97187	-19.1342	683.273	
2.96711	-19.1335	683.253	
2.97587	-19.1328	683.234	
3.008	-19.132	683.215	
3.02816	-19.1313	683.195	
3.00166	-19.1305	683.175	
2.99137	-19.1297	683.154	
2.97637	-19.1289	683.133	
2.99838	-19.1282	683.113	
2.98157	-19.1274	683.092	
3.0035	-19.1267	683.073	
2.99996	-19.1259	683.052	
3.01779	-19.1171	683.031	
3.0165	-19.1162	683.008	
3.00479	-19.1154	682.987	
3.01334	-19.1146	682.965	
3.00004	-19.1138	682.944	
3.03295	-19.113	682.923	
3.05275	-19.1122	682.901	
3.09831	-19.1113	682.879	
3.1239	-19.1105	682.858	
3.15845	-19.1097	682.835	
3.21626	-19.1088	682.813	
3.29741	-19.108	682.791	
3.37085	-19.1072	682.769	
3.45021	-19.1063	682.747	
3.53619	-19.1055	682.725	
3.61664	-19.1047	682.703	
3.64828	-19.1038	682.68	
3.69316	-19.1029	682.658	
3.70777	-19.1021	682.636	
3.73556	-19.1013	682.616	
3.77342	-19.1005	682.595	
3.7732	-19.0997	682.573	
3.77477	-19.0989	682.552	
3.77712	-19.0981	682.53	
3.80528	-19.0973	682.51	
3.82516	-19.0965	682.489	
3.84025	-19.0957	682.468	
3.83569	-19.0949	682.446	
3.83686	-19.0941	682.425	
3.85179	-19.0933	682.404	
3.87681	-19.0925	682.384	
3.86145	-19.0932	682.361	
3.8584	-19.0924	682.34	
3.84526	-19.0916	682.318	
3.86065	-19.0908	682.297	
3.85811	-19.09	682.275	
3.82339	-19.0891	682.252	
3.80924	-19.0882	682.229	
3.77796	-19.0873	682.205	
3.7499	-19.0864	682.182	
3.73179	-19.0856	682.159	
3.71164	-19.0847	682.136	
3.66618	-19.0838	682.112	
3.63023	-19.0829	682.088	
3.60947	-19.082	682.065	
3.59165	-19.0811	682.043	
3.57753	-19.0796	682.021	
3.55233	-19.0787	681.998	
3.52923	-19.0763	681.973	
3.51539	-19.0753	681.949	
3.5128	-19.0761	681.928	
3.51225	-19.0737	681.905	
3.52096	-19.0728	681.883	
3.52819	-19.0719	681.859	
3.54337	-19.071	681.836	
3.58042	-19.0702	681.815	
3.64618	-19.0621	681.791	
3.7148	-19.0612	681.767	
3.76823	-19.0603	681.744	
3.83347	-19.0595	681.721	
3.88394	-19.0586	681.698	
3.94065	-19.057	681.675	
3.93203	-19.056	681.649	
3.97643	-19.0551	681.626	
4.02168	-19.0543	681.604	
4.03822	-19.0534	681.581	
4.06047	-19.0525	681.557	
4.09928	-19.0532	681.536	
4.13181	-19.0524	681.514	
4.15862	-19.0442	681.491	
4.18163	-19.0506	681.468	
4.20909	-19.0425	681.445	
4.26939	-19.0416	681.423	
4.29625	-19.0408	681.401	
4.30436	-19.0398	681.377	
4.3299	-19.039	681.354	
4.38471	-19.0382	681.333	
4.39217	-19.0373	681.309	
4.40047	-19.0364	681.287	
4.42449	-19.0356	681.267	
4.44559	-19.0348	681.244	
4.45973	-19.0339	681.221	
4.45645	-19.033	681.198	
4.4785	-19.0322	681.176	
4.50384	-19.0313	681.152	
4.49005	-19.0303	681.128	
4.48576	-19.0295	681.104	
4.48839	-19.0286	681.081	
4.47772	-19.0276	681.056	
4.4417	-19.0267	681.031	
4.44885	-19.0259	681.009	
4.43805	-19.025	680.986	
4.41573	-19.024	680.961	
4.40541	-19.0232	680.938	
4.40809	-19.0223	680.916	
4.41745	-19.0215	680.894	
4.3996	-19.0205	680.868	
4.42296	-19.019	680.846	
4.4353	-19.0166	680.823	
4.41617	-19.0172	680.799	
4.44072	-19.014	680.774	
4.47361	-19.0118	680.754	
4.48635	-19.0095	680.73	
4.52145	-19.0073	680.707	
4.5878	-19.0064	680.685	
4.62915	-19.0056	680.663	
4.6835	-19.0047	680.639	
4.75402	-19.0039	680.617	
4.82248	-19.003	680.595	
4.84738	-19.0021	680.571	
4.89562	-19.0029	680.55	
4.90781	-19.0021	680.528	
4.91366	-19.0012	680.504	
4.93434	-19.0004	680.483	
4.95055	-18.9995	680.461	
4.9557	-18.9986	680.438	
4.97828	-18.9979	680.417	
4.99439	-18.9971	680.396	
5.00676	-18.9962	680.374	
5.04107	-18.9955	680.355	
5.03203	-18.9947	680.333	
5.04487	-18.994	680.314	
5.05228	-18.9932	680.293	
5.05614	-18.9924	680.271	
5.08946	-18.9917	680.253	
5.06617	-18.9908	680.23	
5.08906	-18.9901	680.211	
5.09275	-18.9893	680.19	
5.09891	-18.9885	680.169	
5.1211	-18.9877	680.15	
5.1101	-18.9869	680.127	
5.14969	-18.9861	680.108	
5.14272	-18.9853	680.086	
5.133	-18.9845	680.064	
5.17205	-18.9838	680.046	
5.13667	-18.9829	680.022	
5.14475	-18.9821	680.002	
5.1397	-18.9813	679.98	
5.12109	-18.9804	679.956	
5.13155	-18.9796	679.935	
5.12423	-18.978	679.912	
5.10429	-18.9772	679.889	
5.10425	-18.9764	679.868	
5.08834	-18.9755	679.845	
5.10512	-18.9747	679.824	
5.09181	-18.9739	679.802	
5.07472	-18.973	679.779	
5.1014	-18.9723	679.76	
5.08588	-18.9715	679.738	
5.10632	-18.9708	679.72	
5.09699	-18.97	679.699	
5.10685	-18.9693	679.681	
5.11213	-18.9685	679.66	
5.12995	-18.9678	679.641	
5.1357	-18.9671	679.622	
5.144	-18.9663	679.602	
5.17534	-18.9649	679.583	
5.17132	-18.9641	679.563	
5.21098	-18.9634	679.544	
5.21785	-18.9627	679.524	
5.25332	-18.962	679.506	
5.25218	-18.9612	679.485	
5.30922	-18.9605	679.467	
5.35932	-18.9597	679.446	
5.41156	-18.9518	679.428	
5.44881	-18.9511	679.409	
5.52366	-18.9504	679.391	
5.56075	-18.9497	679.371	
5.61922	-18.949	679.354	
5.63625	-18.9482	679.333	
5.66854	-18.9476	679.316	
5.67069	-18.9468	679.296	
5.69444	-18.9462	679.279	
5.69645	-18.9455	679.26	
5.69635	-18.9447	679.242	
5.68732	-18.944	679.221	
5.70022	-18.9434	679.205	
5.69426	-18.9426	679.185	
5.71543	-18.942	679.169	
5.70436	-18.9412	679.148	
5.72511	-18.9406	679.133	
5.70118	-18.9398	679.113	
5.72675	-18.9392	679.097	
5.71021	-18.9385	679.079	
5.73008	-18.9379	679.062	
5.74641	-18.9373	679.046	
5.74557	-18.9366	679.028	
5.75453	-18.936	679.013	
5.76363	-18.9353	678.995	
5.79107	-18.9348	678.981	
5.7762	-18.9341	678.963	
5.79139	-18.9335	678.947	
5.78838	-18.9329	678.931	
5.77426	-18.9322	678.913	
5.76303	-18.9316	678.897	
5.75069	-18.9309	678.878	
5.75992	-18.9303	678.863	
5.72497	-18.9296	678.844	
5.72771	-18.9291	678.829	
5.72251	-18.9284	678.813	
5.71755	-18.9278	678.795	
5.72843	-18.9272	678.781	
5.69669	-18.9266	678.765	
5.73061	-18.9261	678.751	
5.7343	-18.9255	678.736	
5.71763	-18.9249	678.72	
5.73308	-18.9244	678.707	
5.72185	-18.9231	678.69	
5.73374	-18.9226	678.676	
5.72493	-18.922	678.662	
5.71116	-18.9214	678.645	
5.73021	-18.9208	678.63	
5.71189	-18.9202	678.614	
5.68351	-18.9196	678.599	
5.67361	-18.9191	678.584	
5.68049	-18.9185	678.567	
5.69307	-18.9179	678.553	
5.66288	-18.9173	678.536	
5.65454	-18.9167	678.522	
5.68127	-18.9163	678.509	
5.6774	-18.9084	678.493	
5.6722	-18.908	678.481	
5.66815	-18.9075	678.469	
5.66778	-18.907	678.456	
5.68979	-18.9065	678.443	
5.71492	-18.9061	678.431	
5.69968	-18.9056	678.417	
5.70961	-18.9051	678.405	
5.74619	-18.9047	678.394	
5.74008	-18.9042	678.38	
5.73706	-18.9037	678.369	
5.73919	-18.9034	678.359	
5.7459	-18.9029	678.347	
5.76611	-18.9024	678.334	
5.79098	-18.902	678.323	
5.78979	-18.9017	678.313	
5.7794	-18.9012	678.3	
5.79455	-18.9007	678.289	
5.81704	-18.9002	678.277	
5.83097	-18.8997	678.264	
5.81607	-18.8992	678.25	
5.83659	-18.8988	678.24	
5.86138	-18.8984	678.228	
5.87415	-18.8978	678.214	
5.87689	-18.8974	678.202	
5.88225	-18.897	678.192	
5.8749	-18.8965	678.177	
5.91285	-18.8961	678.166	
5.95936	-18.8957	678.157	
5.94807	-18.8952	678.144	
5.91969	-18.8947	678.13	
5.93587	-18.8943	678.119	
5.98076	-18.8939	678.109	
5.96394	-18.8934	678.096	
5.96131	-18.893	678.085	
5.98245	-18.8926	678.076	
6.00639	-18.8923	678.066	
6.01142	-18.8918	678.053	
6.03978	-18.8914	678.043	
6.05016	-18.8911	678.034	
6.05208	-18.8907	678.024	
6.06794	-18.8903	678.014	
6.12284	-18.8899	678.005	
6.15807	-18.8896	677.996	
6.18674	-18.8893	677.988	
6.21471	-18.889	677.979	
6.2382	-18.8878	677.967	
6.27071	-18.8875	677.957	
6.30944	-18.8872	677.949	
6.31221	-18.8868	677.939	
6.31297	-18.8863	677.928	
6.33585	-18.886	677.918	
6.3753	-18.8856	677.909	
6.38789	-18.8853	677.899	
6.37185	-18.8849	677.889	
6.37144	-18.8845	677.88	
6.38935	-18.8842	677.871	
6.41677	-18.8839	677.864	
6.43284	-18.8836	677.855	
6.42943	-18.8832	677.845	
6.42406	-18.8829	677.837	
6.43133	-18.8826	677.829	
6.45201	-18.8824	677.824	
6.46177	-18.8821	677.816	
6.46949	-18.8818	677.807	
6.46896	-18.8815	677.799	
6.47372	-18.8812	677.792	
6.47757	-18.881	677.786	
6.47985	-18.8808	677.78	
6.48964	-18.8805	677.774	
6.49666	-18.8803	677.767	
6.50584	-18.88	677.76	
6.52158	-18.8798	677.754	
6.53645	-18.8796	677.748	
6.55601	-18.8794	677.744	
6.55424	-18.8792	677.739	
6.55474	-18.879	677.733	
6.55711	-18.8787	677.727	
6.53717	-18.8785	677.72	
6.54569	-18.8783	677.714	
6.54513	-18.878	677.708	
6.55358	-18.8779	677.704	
6.56443	-18.8776	677.697	
6.56942	-18.8774	677.691	
6.56184	-18.8771	677.684	
6.54844	-18.8768	677.676	
6.53565	-18.8766	677.67	
6.51943	-18.8764	677.665	
6.52188	-18.8762	677.661	
6.51937	-18.876	677.655	
6.50678	-18.8758	677.649	
6.50354	-18.8756	677.643	
6.49736	-18.8753	677.636	
6.50676	-18.8751	677.631	
6.52229	-18.875	677.627	
6.52967	-18.8748	677.623	
6.52863	-18.8747	677.619	
6.53151	-18.8746	677.616	
6.52562	-18.8744	677.612	
6.52245	-18.8742	677.607	
6.53177	-18.8741	677.603	
6.5131	-18.8738	677.597	
6.51606	-18.8737	677.593	
6.51801	-18.8735	677.589	
6.53117	-18.8734	677.585	
6.53284	-18.8732	677.581	
6.54269	-18.8731	677.578	
6.56041	-18.873	677.574	
6.56163	-18.8728	677.57	
6.55538	-18.8727	677.566	
6.56158	-18.8725	677.562	
6.56064	-18.8724	677.558	
6.56033	-18.8722	677.554	
6.55865	-18.8721	677.55	
6.56169	-18.872	677.547	
6.56818	-18.8719	677.545	
6.56822	-18.8718	677.542	
6.56951	-18.8716	677.539	
6.58075	-18.8716	677.537	
6.58048	-18.8715	677.534	
6.58739	-18.8714	677.532	
6.59071	-18.8713	677.529	
6.58586	-18.8711	677.526	
6.58636	-18.871	677.523	
6.58764	-18.8709	677.519	
6.58896	-18.8708	677.516	
6.58212	-18.8706	677.512	
6.5907	-18.8705	677.51	
6.59631	-18.8704	677.507	
6.60535	-18.8704	677.505	
6.60859	-18.8703	677.503	
6.61428	-18.8702	677.501	
6.61567	-18.8702	677.499	
6.61771	-18.8701	677.497	
6.61621	-18.87	677.496	
6.62707	-18.87	677.495	
6.62487	-18.8699	677.493	
6.62658	-18.8698	677.491	
6.62456	-18.8697	677.489	
6.6253	-18.8697	677.487	
6.61964	-18.8696	677.485	
6.61316	-18.8695	677.483	
6.60852	-18.8694	677.48	
6.60949	-18.8694	677.478	
6.61379	-18.8693	677.477	
6.61504	-18.8708	677.476	
6.61532	-18.8707	677.473	
6.6134	-18.8707	677.472	
6.6207	-18.8706	677.471	
6.62893	-18.8706	677.47	
6.62932	-18.8706	677.469	
6.63727	-18.8705	677.468	
6.64055	-18.8705	677.466	
6.64882	-18.8704	677.465	
6.65705	-18.8704	677.464	
6.66458	-18.8703	677.462	
6.66751	-18.8703	677.461	
6.67505	-18.8702	677.46	
6.68327	-18.8702	677.459	
6.68006	-18.8701	677.458	
6.67584	-18.8701	677.456	
6.67619	-18.87	677.455	
6.68056	-18.87	677.454	
6.6859	-18.87	677.454	
6.69058	-18.87	677.454	
6.69522	-18.87	677.453	
6.69268	-18.87	677.453	
6.69733	-18.8699	677.452	
6.70159	-18.8699	677.452	
6.70623	-18.8699	677.451	
6.70443	-18.8699	677.451	
6.70505	-18.8698	677.45	
6.69849	-18.8698	677.449	
6.69884	-18.8698	677.448	
6.69947	-18.8697	677.446	
6.69259	-18.8697	677.445	
6.69033	-18.8697	677.445	
6.69497	-18.8696	677.444	
6.69985	-18.8696	677.444	
6.7016	-18.8696	677.444	
6.7029	-18.8696	677.444	
6.71054	-18.8696	677.444	
6.71026	-18.8696	677.444	
6.71225	-18.8696	677.444	
6.7192	-18.8696	677.444	
6.7199	-18.8696	677.444	
6.72119	-18.8696	677.444	
6.71763	-18.8696	677.444	
6.72094	-18.8696	677.443	
6.71235	-18.8696	677.442	
6.70349	-18.8695	677.441	
6.70009	-18.8695	677.439	
6.68694	-18.8694	677.438	
6.67378	-18.8693	677.436	
6.67367	-18.8693	677.435	
6.66124	-18.8692	677.433	
6.65395	-18.8692	677.432	
6.64508	-18.8691	677.431	
6.6434	-18.8691	677.43	
6.64044	-18.8691	677.43	
6.63587	-18.8691	677.429	
6.63587	-18.8691	677.429	
6.64006	-18.869	677.428	
6.63646	-18.869	677.428	
6.63618	-18.869	677.428	
6.63618	-18.869	677.428	
6.63189	-18.869	677.427	
6.63161	-18.869	677.427	
6.62893	-18.869	677.427	
6.63611	-18.869	677.427	
6.63611	-18.869	677.427	
6.63611	-18.869	677.427	
6.63182	-18.869	677.426	
6.63154	-18.869	677.426	
6.63154	-18.869	677.426	
6.63154	-18.869	677.426	
6.63127	-18.869	677.426	
6.62697	-18.8689	677.426	
6.62697	-18.8706	677.427	
6.62697	-18.8706	677.427	
6.62697	-18.8706	677.427	
6.62896	-18.8706	677.427	
6.63614	-18.8706	677.427	
6.63614	-18.8706	677.427	
6.63614	-18.8706	677.427	
6.63614	-18.8706	677.427	
6.63614	-18.8706	677.427	
6.63614	-18.8706	677.427	
6.63586	-18.8706	677.427	
6.63586	-18.8706	677.427	
6.63586	-18.8706	677.427	
6.63586	-18.8706	677.427	
6.63586	-18.8706	677.427	
6.63586	-18.8706	677.427	
6.63586	-18.8706	677.427	
6.63656	-18.8706	677.427	
6.63656	-18.8706	677.427	
6.63656	-18.8706	677.427	
6.63656	-18.8706	677.427	
6.63817	-18.8706	677.427	
6.63817	-18.8706	677.427	
6.63817	-18.8706	677.427	
6.63817	-18.8706	677.427	
6.63817	-18.8706	677.427	
6.63817	-18.8706	677.427	
6.63817	-18.8706	677.427	
6.63886	-18.8706	677.427	
6.63886	-18.8706	677.427	
6.61684	-18.8706	677.428	
6.61934	-18.8706	677.428	
6.64812	-18.8706	677.428	
6.64792	-18.8706	677.428	
6.64363	-18.8706	677.427	
6.64363	-18.8706	677.427	
6.64363	-18.8706	677.427	
6.64363	-18.8706	677.427	
6.64363	-18.8706	677.427	
6.64363	-18.8706	677.427	
6.64363	-18.8706	677.427	
6.64363	-18.8706	677.427	
6.64363	-18.8706	677.427	
6.64363	-18.8706	677.427	
6.64363	-18.8706	677.427	
6.64363	-18.8706	677.427	
6.64363	-18.8706	677.427	
6.64363	-18.8706	677.427	
6.64363	-18.8706	677.427	
6.64363	-18.8706	677.427	
6.64363	-18.8706	677.427	
6.64363	-18.8706	677.427	
6.64792	-18.8706	677.428	
6.64792	-18.8706	677.428	
6.64792	-18.8706	677.428	
6.64792	-18.8706	677.428	
6.64792	-18.8706	677.428	
6.64792	-18.8706	677.428	
6.64792	-18.8722	677.429	
6.64792	-18.8722	677.429	
6.64792	-18.8722	677.429	
6.64792	-18.8722	677.429	
6.64792	-18.8722	677.429	
6.64792	-18.8722	677.429	
6.64792	-18.8722	677.429	
6.64792	-18.8722	677.429	
6.64792	-18.8722	677.429	
6.64792	-18.8722	677.429	
6.64792	-18.8722	677.429	
6.64792	-18.8722	677.429	
6.64792	-18.8722	677.429	
6.64792	-18.8722	677.429	
6.64792	-18.8722	677.429	
6.64792	-18.8722	677.429	
6.64792	-18.8722	677.429	
6.64792	-18.8722	677.429	
6.64792	-18.8722	677.429	
6.64792	-18.8722	677.429	
6.64792	-18.8722	677.429	
6.64792	-18.8722	677.429	
6.64792	-18.8722	677.429	
6.64792	-18.8722	677.429	
6.64792	-18.8722	677.429	
6.64792	-18.8722	677.429	
6.64792	-18.8722	677.429	
6.64792	-18.8722	677.429	
6.64792	-18.8722	677.429	
6.64792	-18.8722	677.429	
6.64792	-18.8722	677.429	
6.64792	-18.8722	677.429	
6.64792	-18.8722	677.429	
6.64792	-18.8722	677.429	
6.64792	-18.8722	677.429	
6.64792	-18.8722	677.429	
6.64792	-18.8722	677.429	
6.64792	-18.8722	677.429	
6.64792	-18.8722	677.429	
6.64792	-18.8722	677.429	
6.64792	-18.8722	677.429	
6.64792	-18.8722	677.429	
6.64792	-18.8722	677.429	
6.64792	-18.8722	677.429	
6.6482	-18.8722	677.429	
6.6482	-18.8722	677.429	
6.6482	-18.8722	677.429	
6.6482	-18.8722	677.429	
6.6482	-18.8722	677.429	
6.6482	-18.8722	677.429	
6.6482	-18.8722	677.429	
6.6482	-18.8722	677.429	
6.6482	-18.8722	677.429	
6.6482	-18.8722	677.429	
6.6482	-18.8722	677.429	
6.6482	-18.8722	677.429	
6.6482	-18.8722	677.429	
6.6482	-18.8722	677.429	
6.6482	-18.8722	677.429	
6.6482	-18.8722	677.429	
6.6482	-18.8722	677.429	
6.6482	-18.8722	677.429	
6.6482	-18.8722	677.429	
6.6482	-18.8722	677.429	
6.65249	-18.8738	677.431	
6.65249	-18.8738	677.431	
6.65249	-18.8738	677.431	
6.65249	-18.8738	677.431	
6.65249	-18.8738	677.431	
6.67455	-18.8738	677.429	
6.69813	-18.8738	677.429	
6.69196	-18.8738	677.429	
6.6991	-18.8738	677.429	
6.6991	-18.8738	677.429	
6.69914	-18.8738	677.429	
6.69914	-18.8738	677.429	
6.6991	-18.8738	677.429	
6.6991	-18.8738	677.429	
6.69914	-18.8738	677.429	
6.69914	-18.8738	677.429	
6.6991	-18.8738	677.429	
6.6991	-18.8738	677.429	
6.69914	-18.8738	677.429	
6.69914	-18.8738	677.429	
6.6991	-18.8738	677.429	
6.6991	-18.8738	677.429	
6.69914	-18.8738	677.429	
6.69914	-18.8738	677.429	
6.6991	-18.8738	677.429	
6.73342	-18.8737	677.428	
6.75689	-18.8737	677.427	
6.75534	-18.8737	677.428	
6.76322	-18.8737	677.428	
6.76479	-18.8737	677.428	
6.76479	-18.8737	677.428	
6.76479	-18.8737	677.428	
6.76479	-18.8737	677.428	
6.76479	-18.8737	677.428	
6.76548	-18.8737	677.428	
6.76548	-18.8737	677.428	
6.76548	-18.8737	677.428	
6.76548	-18.8737	677.428	
6.76618	-18.8737	677.428	
6.78957	-18.8737	677.426	
6.81277	-18.8752	677.426	
6.81484	-18.8752	677.426	
6.81682	-18.8753	677.426	
6.81877	-18.8753	677.427	
6.81951	-18.8753	677.427	
6.81951	-18.8753	677.427	
6.8202	-18.8753	677.427	
6.8202	-18.8753	677.427	
6.8209	-18.8753	677.427	
6.8209	-18.8753	677.427	
6.8482	-18.8752	677.425	
6.87428	-18.8751	677.423	
6.8646	-18.8751	677.422	
6.86532	-18.8767	677.423	
6.86246	-18.8767	677.422	
6.85831	-18.8766	677.422	
6.85873	-18.8766	677.422	
6.85915	-18.8767	677.422	
6.85957	-18.8767	677.422	
6.88655	-18.8766	677.42	
6.90185	-18.8781	677.419	
6.88787	-18.8781	677.418	
6.89016	-18.878	677.417	
6.88301	-18.8796	677.417	
6.87617	-18.8812	677.417	
6.86771	-18.8844	677.418	
6.86111	-18.8859	677.418	
6.87899	-18.8858	677.415	
6.89402	-18.8857	677.413	
6.88219	-18.8857	677.411	
6.86806	-18.8856	677.409	
6.85639	-18.8855	677.407	
6.84683	-18.8855	677.405	
6.84153	-18.8854	677.405	
6.86569	-18.8853	677.402	
6.86811	-18.8852	677.398	
6.85358	-18.8851	677.397	
6.85103	-18.8851	677.396	
6.84185	-18.885	677.394	
6.83969	-18.885	677.394	
6.85705	-18.8849	677.392	
6.86535	-18.8849	677.39	
6.85635	-18.8848	677.388	
6.84638	-18.8864	677.388	
6.83101	-18.8863	677.386	
6.8203	-18.8863	677.385	
6.843	-18.8862	677.383	
6.86001	-18.8861	677.38	
6.84205	-18.886	677.378	
6.82404	-18.8859	677.375	
6.80554	-18.8858	677.373	
6.81525	-18.8857	677.369	
6.82325	-18.8855	677.365	
6.80483	-18.8854	677.363	
6.78222	-18.8853	677.36	
6.76805	-18.8852	677.358	
6.78616	-18.8851	677.355	
6.79944	-18.885	677.352	
6.78392	-18.8849	677.35	
6.77373	-18.8849	677.349	
6.76298	-18.8848	677.347	
6.78508	-18.8847	677.344	
6.78632	-18.8846	677.34	
6.78381	-18.8845	677.339	
6.77136	-18.8845	677.337	
6.75664	-18.8844	677.335	
6.77198	-18.8843	677.332	
6.7826	-18.8841	677.328	
6.75787	-18.884	677.325	
6.74112	-18.8839	677.323	
6.74807	-18.8837	677.319	
6.73354	-18.8836	677.314	
6.72052	-18.8835	677.312	
6.71107	-18.8835	677.311	
6.7266	-18.8833	677.308	
6.7296	-18.8832	677.305	
6.71321	-18.8831	677.302	
6.69914	-18.8831	677.3	
6.72302	-18.883	677.298	
6.7323	-18.8829	677.296	
6.71894	-18.8828	677.293	
6.70155	-18.8827	677.291	
6.70984	-18.8825	677.286	
6.72244	-18.8824	677.282	
6.70534	-18.8822	677.279	
6.6807	-18.8821	677.275	
6.70203	-18.882	677.271	
6.72151	-18.8818	677.268	
6.70554	-18.8817	677.265	
6.69281	-18.8817	677.263	
6.71567	-18.8815	677.26	
6.72585	-18.8814	677.257	
6.70916	-18.8814	677.256	
6.72585	-18.8813	677.253	
6.7206	-18.8811	677.249	
6.69357	-18.881	677.246	
6.70191	-18.8808	677.241	
6.69674	-18.8807	677.237	
6.66489	-18.8805	677.233	
6.6717	-18.8803	677.228	
6.68131	-18.8802	677.224	
6.66483	-18.8801	677.221	
6.66703	-18.8799	677.217	
6.67665	-18.8798	677.214	
6.65657	-18.8797	677.211	
6.65951	-18.8795	677.206	
6.66196	-18.8793	677.2	
6.63399	-18.8791	677.196	
6.62265	-18.8789	677.189	
6.62912	-18.8787	677.184	
6.60568	-18.8785	677.181	
6.6118	-18.8784	677.176	
6.61064	-18.8782	677.172	
6.59482	-18.8781	677.17	
6.60909	-18.878	677.165	
6.61394	-18.8778	677.16	
6.58424	-18.8776	677.157	
6.59716	-18.8775	677.152	
6.58814	-18.8772	677.146	
6.56987	-18.8771	677.143	
6.58681	-18.877	677.139	
6.58421	-18.8768	677.134	
6.56381	-18.8767	677.131	
6.59615	-18.8766	677.128	
6.59647	-18.8763	677.122	
6.56794	-18.8761	677.117	
6.57606	-18.8759	677.112	
6.55303	-18.8756	677.103	
6.52618	-18.8754	677.099	
6.54113	-18.8753	677.094	
6.53543	-18.8751	677.088	
6.52247	-18.875	677.086	
6.5323	-18.8748	677.081	
6.53605	-18.8746	677.075	
6.50373	-18.8744	677.071	
6.50869	-18.8741	677.064	
6.51205	-18.8739	677.057	
6.51614	-18.8737	677.052	
6.49197	-18.8735	677.046	
6.50069	-18.8733	677.042	
6.49205	-18.8731	677.036	
6.48336	-18.8728	677.029	
6.45416	-18.8725	677.021	
6.44221	-18.8723	677.015	
6.43146	-18.8721	677.01	
6.42154	-18.8719	677.004	
6.42828	-18.8718	677.001	
6.42261	-18.8716	676.996	
6.40703	-18.8714	676.991	
6.42162	-18.8712	676.986	
6.41894	-18.871	676.982	
6.4162	-18.8708	676.976	
6.4125	-18.8706	676.972	
6.43051	-18.8705	676.967	
6.43141	-18.8703	676.963	
6.44782	-18.8702	676.959	
6.44245	-18.87	676.954	
6.43718	-18.8697	676.947	
6.41887	-18.8695	676.941	
6.40886	-18.8692	676.933	
6.39083	-18.8689	676.926	
6.38279	-18.8687	676.919	
6.37799	-18.8685	676.915	
6.37093	-18.8682	676.908	
6.34925	-18.868	676.901	
6.34015	-18.8676	676.892	
6.33582	-18.8674	676.885	
6.34224	-18.8672	676.879	
6.34594	-18.867	676.874	
6.35	-18.8667	676.868	
6.33767	-18.8665	676.862	
6.33925	-18.8663	676.855	
6.30958	-18.866	676.848	
6.30588	-18.8657	676.842	
6.29522	-18.8655	676.836	
6.29978	-18.8653	676.831	
6.29084	-18.8652	676.826	
6.30121	-18.8649	676.82	
6.30474	-18.8647	676.813	
6.304	-18.8643	676.804	
6.31064	-18.8641	676.798	
6.32379	-18.8638	676.791	
6.31725	-18.8636	676.786	
6.30538	-18.8633	676.778	
6.28168	-18.8631	676.771	
6.26638	-18.8627	676.761	
6.24176	-18.8624	676.754	
6.23934	-18.8621	676.746	
6.24687	-18.8619	676.741	
6.25159	-18.8616	676.733	
6.25083	-18.8613	676.725	
6.23471	-18.861	676.715	
6.22087	-18.8607	676.708	
6.22912	-18.8604	676.701	
6.22503	-18.8602	676.695	
6.21628	-18.8599	676.687	
6.18433	-18.8596	676.679	
6.17738	-18.8593	676.671	
6.16117	-18.859	676.664	
6.17242	-18.8588	676.657	
6.15725	-18.8585	676.65	
6.16569	-18.8582	676.641	
6.14548	-18.8578	676.63	
6.15992	-18.8574	676.622	
6.14517	-18.8571	676.614	
6.14335	-18.8568	676.606	
6.11393	-18.8565	676.598	
6.09905	-18.8561	676.588	
6.09434	-18.8558	676.579	
6.1191	-18.8555	676.571	
6.14247	-18.8553	676.565	
6.15274	-18.855	676.557	
6.14887	-18.8547	676.549	
6.14395	-18.8543	676.54	
6.13329	-18.8541	676.533	
6.14155	-18.8538	676.525	
6.13768	-18.8535	676.517	
6.14912	-18.8531	676.508	
6.15777	-18.8528	676.499	
6.18909	-18.8525	676.49	
6.19404	-18.8522	676.482	
6.19984	-18.8518	676.474	
6.18427	-18.8515	676.465	
6.17711	-18.8511	676.455	
6.18099	-18.8508	676.447	
6.21655	-18.8505	676.439	
6.25241	-18.8503	676.433	
6.27337	-18.85	676.424	
6.26033	-18.8496	676.415	
6.26152	-18.8492	676.404	
6.25062	-18.8489	676.396	
6.27893	-18.8486	676.388	
6.28482	-18.8482	676.377	
6.31005	-18.8478	676.366	
6.30187	-18.8474	676.355	
6.30704	-18.847	676.345	
6.2922	-18.8466	676.335	
6.29355	-18.8461	676.323	
6.29898	-18.8457	676.312	
6.33112	-18.8453	676.301	
6.33802	-18.845	676.293	
6.34136	-18.8446	676.282	
6.3295	-18.8442	676.271	
6.35821	-18.8439	676.262	
6.37172	-18.8436	676.255	
6.40397	-18.8432	676.246	
6.40803	-18.8428	676.236	
6.40403	-18.8424	676.224	
6.38234	-18.842	676.214	
6.40105	-18.8418	676.207	
6.38885	-18.8414	676.197	
6.40419	-18.8409	676.185	
6.41731	-18.8406	676.175	
6.42861	-18.8402	676.165	
6.43069	-18.8398	676.155	
6.41161	-18.8394	676.144	
6.40123	-18.839	676.133	
6.41145	-18.8386	676.122	
6.43127	-18.8382	676.113	
6.44838	-18.8378	676.103	
6.42292	-18.8373	676.09	
6.41641	-18.8369	676.079	
6.41011	-18.8366	676.069	
6.39497	-18.8361	676.058	
6.39755	-18.8357	676.045	
6.42167	-18.8353	676.035	
6.45064	-18.835	676.027	
6.43694	-18.8346	676.017	
6.4137	-18.8341	676.004	
6.40713	-18.8337	675.993	
6.42878	-18.8334	675.984	
6.46565	-18.8331	675.976	
6.47763	-18.8327	675.966	
6.47008	-18.8322	675.954	
6.45998	-18.8318	675.944	
6.4628	-18.8315	675.936	
6.45608	-18.8311	675.925	
6.44293	-18.8306	675.911	
6.45795	-18.8302	675.9	
6.48273	-18.8298	675.89	
6.47302	-18.8294	675.88	
6.44842	-18.829	675.868	
6.447	-18.8285	675.857	
6.47101	-18.8282	675.847	
6.4909	-18.8278	675.838	
6.51171	-18.8274	675.827	
6.50544	-18.8269	675.813	
6.49943	-18.8265	675.803	
6.49294	-18.8261	675.793	
6.48651	-18.8257	675.781	
6.48783	-18.8251	675.767	
6.50872	-18.8247	675.755	
6.51052	-18.8243	675.745	
6.49593	-18.8238	675.732	
6.4832	-18.8233	675.719	
6.49726	-18.8229	675.708	
6.5272	-18.8225	675.698	
6.53209	-18.8221	675.686	
6.52252	-18.8216	675.673	
6.52862	-18.8212	675.662	
6.54274	-18.8208	675.653	
6.53262	-18.8204	675.64	
6.54324	-18.8199	675.627	
6.56851	-18.8194	675.616	
6.57423	-18.8191	675.606	
6.56519	-18.8186	675.594	
6.55517	-18.8181	675.582	
6.56593	-18.8177	675.571	
6.60127	-18.8173	675.56	
6.59292	-18.8168	675.547	
6.58766	-18.8163	675.533	
6.59871	-18.8159	675.522	
6.59147	-18.8154	675.509	
6.57997	-18.8148	675.493	
6.5972	-18.8143	675.48	
6.61339	-18.8138	675.467	
6.58614	-18.8133	675.452	
6.56568	-18.8127	675.437	
6.579	-18.8122	675.425	
6.58059	-18.8117	675.411	
6.58002	-18.8111	675.396	
6.57923	-18.8106	675.383	
6.58171	-18.8102	675.371	
6.56368	-18.8097	675.357	
6.56392	-18.8092	675.344	
6.58038	-18.8087	675.332	
6.57318	-18.8082	675.319	
6.5505	-18.8077	675.305	
6.53353	-18.8072	675.293	
6.53176	-18.8069	675.283	
6.53042	-18.8064	675.27	
6.53133	-18.8059	675.256	
6.52037	-18.8054	675.244	
6.51892	-18.805	675.233	
6.50457	-18.8045	675.219	
6.48588	-18.804	675.206	
6.49517	-18.8035	675.194	
6.48647	-18.803	675.181	
6.48143	-18.8024	675.166	
6.48887	-18.802	675.153	
6.49442	-18.8015	675.142	
6.47367	-18.801	675.129	
6.44836	-18.8005	675.114	
6.46411	-18.8	675.102	
6.48361	-18.7996	675.09	
6.46754	-18.799	675.076	
6.45288	-18.7985	675.062	
6.46215	-18.7981	675.052	
6.46174	-18.7976	675.039	
6.45053	-18.7971	675.023	
6.4468	-18.7965	675.009	
6.45828	-18.7961	674.997	
6.43909	-18.7955	674.982	
6.42896	-18.795	674.969	
6.43623	-18.7946	674.958	
6.44376	-18.7941	674.945	
6.43751	-18.7935	674.929	
6.42886	-18.793	674.915	
6.43472	-18.7925	674.903	
6.41302	-18.7919	674.887	
6.41863	-18.7914	674.873	
6.43771	-18.7909	674.861	
6.42504	-18.7904	674.846	
6.41247	-18.7897	674.829	
6.42404	-18.7892	674.816	
6.4198	-18.7888	674.804	
6.41685	-18.7882	674.788	
6.43836	-18.7877	674.775	
6.44955	-18.7872	674.763	
6.44154	-18.7867	674.75	
6.42342	-18.7861	674.733	
6.43435	-18.7856	674.72	
6.4349	-18.7851	674.707	
6.42974	-18.7845	674.691	
6.44205	-18.784	674.678	
6.44831	-18.7836	674.666	
6.43199	-18.783	674.652	
6.42302	-18.7824	674.634	
6.45524	-18.7819	674.622	
6.4512	-18.7813	674.607	
6.43686	-18.78	674.589	
6.45006	-18.7794	674.574	
6.4637	-18.7788	674.559	
6.45299	-18.7782	674.542	
6.46875	-18.7776	674.526	
6.48807	-18.7771	674.513	
6.49348	-18.7765	674.496	
6.52387	-18.7759	674.482	
6.54765	-18.7754	674.469	
6.55196	-18.7749	674.455	
6.56004	-18.7743	674.438	
6.59069	-18.7738	674.425	
6.61246	-18.7733	674.412	
6.61518	-18.7727	674.397	
6.64144	-18.7722	674.384	
6.67204	-18.7717	674.371	
6.69012	-18.7712	674.357	
6.67671	-18.7706	674.34	
6.68119	-18.7701	674.327	
6.68358	-18.7696	674.315	
6.67846	-18.769	674.299	
6.69154	-18.7685	674.285	
6.70716	-18.768	674.273	
6.70769	-18.7675	674.258	
6.68822	-18.7669	674.242	
6.67864	-18.7664	674.229	
6.70183	-18.7659	674.217	
6.69858	-18.7653	674.201	
6.69279	-18.7648	674.187	
6.68772	-18.7643	674.174	
6.67461	-18.7638	674.16	
6.67077	-18.7631	674.143	
6.68372	-18.7626	674.13	
6.66614	-18.7621	674.115	
6.62888	-18.7614	674.098	
6.61552	-18.7609	674.083	
6.62198	-18.7604	674.071	
6.60858	-18.7598	674.055	
6.60818	-18.7592	674.04	
6.61856	-18.7587	674.026	
6.61016	-18.7582	674.011	
6.58671	-18.7592	673.997	
6.57747	-18.7587	673.983	
6.57372	-18.7581	673.969	
6.5708	-18.7575	673.951	
6.57657	-18.7569	673.936	
6.57739	-18.7564	673.923	
6.5591	-18.7558	673.907	
6.55787	-18.7552	673.892	
6.57418	-18.7548	673.88	
6.58489	-18.7542	673.864	
6.55705	-18.7535	673.848	
6.54535	-18.7531	673.835	
6.55828	-18.7526	673.823	
6.55753	-18.7521	673.808	
6.55476	-18.7514	673.792	
6.55622	-18.7509	673.779	
6.54688	-18.7503	673.762	
6.5206	-18.7497	673.745	
6.53113	-18.7492	673.732	
6.52677	-18.7486	673.716	
6.51119	-18.7479	673.697	
6.51229	-18.7473	673.682	
6.48694	-18.7467	673.667	
6.44432	-18.746	673.648	
6.44972	-18.7454	673.633	
6.47496	-18.7449	673.62	
6.44404	-18.7458	673.601	
6.42989	-18.7452	673.586	
6.44298	-18.7448	673.574	
6.43872	-18.7442	673.558	
6.43075	-18.7436	673.541	
6.45454	-18.7431	673.529	
6.44653	-18.7425	673.514	
6.42527	-18.7419	673.497	
6.42193	-18.7413	673.483	
6.42849	-18.7408	673.47	
6.43847	-18.7402	673.454	
6.44809	-18.739	673.439	
6.45605	-18.7386	673.428	
6.43562	-18.738	673.412	
6.41562	-18.7373	673.395	
6.4271	-18.7368	673.38	
6.44804	-18.7362	673.366	
6.4423	-18.7356	673.349	
6.4355	-18.7351	673.335	
6.43335	-18.7346	673.322	
6.42455	-18.734	673.306	
6.43281	-18.7334	673.29	
6.45259	-18.7329	673.276	
6.45114	-18.7323	673.263	
6.42364	-18.7317	673.245	
6.41559	-18.7311	673.231	
6.43248	-18.7307	673.218	
6.4245	-18.73	673.201	
6.41639	-18.7294	673.184	
6.42192	-18.7289	673.171	
6.39425	-18.7283	673.155	
6.35868	-18.7276	673.138	
6.3723	-18.7271	673.123	
6.38664	-18.7265	673.107	
6.3656	-18.7258	673.089	
6.34821	-18.7252	673.073	
6.33816	-18.7247	673.059	
6.3187	-18.7239	673.04	
6.32019	-18.7233	673.024	
6.32019	-18.7228	673.011	
6.30253	-18.7222	672.994	
6.2742	-18.7209	672.977	
6.27131	-18.7204	672.965	
6.25823	-18.7198	672.949	
6.26129	-18.7192	672.932	
6.27408	-18.7186	672.917	
6.26918	-18.7181	672.904	
6.24977	-18.7176	672.889	
6.24356	-18.717	672.875	
6.27065	-18.7165	672.861	
6.28484	-18.7159	672.846	
6.26549	-18.7146	672.829	
6.26471	-18.714	672.814	
6.26672	-18.7135	672.801	
6.25038	-18.7122	672.784	
6.26055	-18.7116	672.768	
6.27344	-18.7104	672.753	
6.25093	-18.7097	672.737	
6.2229	-18.7084	672.72	
6.22403	-18.7078	672.705	
6.23028	-18.7072	672.688	
6.21968	-18.7065	672.67	
6.22766	-18.7059	672.655	
6.2322	-18.7054	672.64	
6.20616	-18.704	672.623	
6.22675	-18.7035	672.608	
6.25561	-18.703	672.594	
6.26899	-18.7024	672.579	
6.249	-18.7018	672.562	
6.27127	-18.7013	672.549	
6.30857	-18.7008	672.537	
6.32726	-18.7003	672.523	
6.33842	-18.6997	672.508	
6.36405	-18.6992	672.494	
6.39547	-18.6987	672.48	
6.40467	-18.6981	672.464	
6.44327	-18.6975	672.449	
6.46465	-18.6971	672.438	
6.46598	-18.6965	672.424	
6.46499	-18.6959	672.407	
6.48979	-18.6954	672.393	
6.51326	-18.6949	672.381	
6.50978	-18.6944	672.367	
6.50316	-18.6938	672.351	
6.52	-18.6933	672.339	
6.55249	-18.693	672.329	
6.55168	-18.6924	672.314	
6.53913	-18.6918	672.297	
6.53691	-18.6912	672.283	
6.55398	-18.6909	672.273	
6.56091	-18.6903	672.259	
6.55493	-18.6897	672.243	
6.56246	-18.6892	672.229	
6.57795	-18.6888	672.218	
6.57225	-18.6882	672.203	
6.55314	-18.6876	672.187	
6.56776	-18.6864	672.174	
6.58741	-18.686	672.162	
6.57917	-18.6854	672.146	
6.59228	-18.6848	672.132	
6.59779	-18.6844	672.119	
6.57763	-18.6838	672.104	
6.56688	-18.6831	672.086	
6.57051	-18.6825	672.071	
6.58537	-18.682	672.057	
6.55428	-18.6814	672.04	
6.54237	-18.6808	672.024	
6.55344	-18.6803	672.012	
6.54824	-18.6798	671.997	
6.53891	-18.6791	671.981	
6.5411	-18.6786	671.967	
6.55549	-18.6782	671.955	
6.54686	-18.6777	671.942	
6.52564	-18.6771	671.926	
6.52595	-18.6766	671.914	
6.55206	-18.6762	671.903	
6.56435	-18.6757	671.889	
6.54661	-18.6751	671.873	
6.53169	-18.6746	671.86	
6.54227	-18.6741	671.848	
6.54078	-18.6736	671.834	
6.52969	-18.673	671.817	
6.52625	-18.6724	671.802	
6.53147	-18.6719	671.789	
6.51463	-18.6713	671.773	
6.50055	-18.6707	671.756	
6.49595	-18.6702	671.743	
6.49529	-18.6696	671.728	
6.47857	-18.6689	671.71	
6.48995	-18.6684	671.696	
6.49932	-18.6679	671.683	
6.47827	-18.6674	671.669	
6.45604	-18.6667	671.652	
6.46173	-18.6662	671.637	
6.4768	-18.6657	671.625	
6.47391	-18.6652	671.611	
6.46507	-18.6646	671.596	
6.46208	-18.6641	671.583	
6.45592	-18.6637	671.571	
6.4517	-18.6632	671.558	
6.45128	-18.6627	671.544	
6.4774	-18.6622	671.533	
6.50339	-18.6618	671.522	
6.49459	-18.6613	671.509	
6.46203	-18.6608	671.494	
6.45869	-18.6603	671.482	
6.46685	-18.6599	671.471	
6.47015	-18.6587	671.458	
6.469	-18.6582	671.443	
6.47266	-18.6577	671.43	
6.47746	-18.6572	671.418	
6.46705	-18.6567	671.406	
6.44939	-18.6562	671.391	
6.43858	-18.6557	671.378	
6.44035	-18.6553	671.366	
6.45153	-18.6548	671.354	
6.46482	-18.6543	671.342	
6.45743	-18.6538	671.327	
6.44747	-18.6533	671.315	
6.44178	-18.6529	671.305	
6.41625	-18.6525	671.292	
6.39482	-18.6519	671.277	
6.40039	-18.6514	671.265	
6.4141	-18.651	671.253	
6.41405	-18.6505	671.239	
6.37976	-18.6499	671.223	
6.36004	-18.6494	671.211	
6.34992	-18.649	671.2	
6.35798	-18.6486	671.19	
6.35648	-18.6482	671.178	
6.33873	-18.6476	671.164	
6.34728	-18.6472	671.152	
6.35688	-18.6468	671.14	
6.33303	-18.6462	671.126	
6.29913	-18.6457	671.111	
6.27028	-18.6452	671.098	
6.2627	-18.6448	671.087	
6.2489	-18.6443	671.074	
6.23599	-18.6437	671.058	
6.25059	-18.6432	671.045	
6.26209	-18.6427	671.033	
6.26265	-18.6423	671.022	
6.23833	-18.6418	671.01	
6.2187	-18.6413	670.996	
6.21326	-18.6409	670.986	
6.23654	-18.6406	670.977	
6.24813	-18.6402	670.966	
6.25161	-18.6397	670.952	
6.2403	-18.6391	670.937	
6.23038	-18.6387	670.926	
6.23598	-18.6384	670.918	
6.21356	-18.6379	670.906	
6.19856	-18.6375	670.894	
6.19182	-18.637	670.881	
6.19884	-18.6365	670.869	
6.23188	-18.6362	670.86	
6.23089	-18.6358	670.849	
6.2081	-18.6352	670.835	
6.19279	-18.6348	670.823	
6.1907	-18.6344	670.812	
6.1901	-18.634	670.801	
6.19689	-18.6335	670.79	
6.19278	-18.633	670.776	
6.20093	-18.6326	670.764	
6.19856	-18.6321	670.753	
6.17656	-18.6317	670.741	
6.14203	-18.6312	670.727	
6.11649	-18.6306	670.713	
6.11584	-18.6302	670.702	
6.14187	-18.6299	670.692	
6.16665	-18.6294	670.681	
6.17483	-18.6289	670.668	
6.17137	-18.6285	670.657	
6.16968	-18.6281	670.646	
6.18007	-18.6278	670.638	
6.17972	-18.6274	670.627	
6.18634	-18.6263	670.615	
6.18453	-18.6258	670.602	
6.21111	-18.6254	670.591	
6.22344	-18.625	670.582	
6.20828	-18.6246	670.571	
6.19453	-18.6313	670.562	
6.17778	-18.6309	670.549	
6.19423	-18.6234	670.539	
6.22603	-18.6302	670.53	
6.27859	-18.6299	670.523	
6.29363	-18.6224	670.513	
6.29277	-18.6292	670.504	
6.26926	-18.6287	670.493	
6.27233	-18.6284	670.484	
6.27243	-18.628	670.474	
6.30224	-18.6278	670.467	
6.31881	-18.6274	670.456	
6.34274	-18.6269	670.445	
6.34426	-18.6265	670.433	
6.35884	-18.6261	670.423	
6.36161	-18.6258	670.414	
6.35339	-18.6254	670.404	
6.35419	-18.625	670.393	
6.34765	-18.6245	670.38	
6.36081	-18.6242	670.372	
6.4006	-18.6238	670.363	
6.43526	-18.6235	670.355	
6.45359	-18.6232	670.347	
6.45451	-18.6229	670.339	
6.47659	-18.6226	670.329	
6.48792	-18.6222	670.32	
6.53936	-18.6219	670.312	
6.57736	-18.6209	670.304	
6.6241	-18.6207	670.297	
6.63505	-18.6204	670.29	
6.64691	-18.62	670.28	
6.64352	-18.6197	670.271	
6.66184	-18.6192	670.258	
6.68161	-18.6188	670.249	
6.7169	-18.6185	670.239	
6.72093	-18.6182	670.231	
6.72492	-18.6249	670.221	
6.70512	-18.6245	670.21	
6.71585	-18.6241	670.2	
6.72352	-18.6237	670.19	
6.75496	-18.6234	670.182	
6.76111	-18.6231	670.173	
6.792	-18.6228	670.165	
6.80054	-18.6225	670.157	
6.80619	-18.6293	670.15	
6.79416	-18.629	670.142	
6.8137	-18.6288	670.136	
6.8117	-18.6285	670.129	
6.83114	-18.6283	670.123	
6.83105	-18.6273	670.115	
6.84468	-18.627	670.105	
6.8481	-18.6266	670.095	
6.86994	-18.6333	670.086	
6.85929	-18.633	670.077	
6.86751	-18.6327	670.069	
6.85803	-18.6324	670.062	
6.84397	-18.6321	670.052	
6.83439	-18.6317	670.042	
6.82816	-18.6384	670.031	
6.83659	-18.6381	670.022	
6.85992	-18.6377	670.014	
6.86363	-18.6374	670.006	
6.86032	-18.6443	669.998	
6.8567	-18.644	669.99	
6.85479	-18.6436	669.981	
6.83714	-18.6433	669.973	
6.83761	-18.6431	669.966	
6.83957	-18.6428	669.959	
6.85074	-18.6497	669.954	
6.8506	-18.6488	669.947	
6.86022	-18.6485	669.94	
6.86104	-18.6482	669.933	
6.85574	-18.655	669.923	
6.85838	-18.6547	669.916	
6.87243	-18.6538	669.909	
6.86248	-18.6606	669.903	
6.87214	-18.6598	669.898	
6.86124	-18.6589	669.891	
6.85493	-18.665	669.884	
6.84476	-18.6641	669.877	
6.83514	-18.6624	669.867	
6.82492	-18.6692	669.861	
6.83586	-18.6683	669.853	
6.83985	-18.6751	669.847	
6.86492	-18.6749	669.841	
6.86475	-18.6817	669.834	
6.85757	-18.6814	669.825	
6.84055	-18.6811	669.816	
6.83493	-18.688	669.809	
6.82313	-18.6942	669.803	
6.8172	-18.6939	669.797	
6.82551	-18.6937	669.792	
6.841	-18.7008	669.788	
6.83318	-18.7005	669.782	
6.8396	-18.7068	669.777	
6.84156	-18.7065	669.769	
6.83664	-18.7117	669.76	
6.83482	-18.713	669.755	
6.84444	-18.7176	669.747	
6.84198	-18.7245	669.741	
6.85247	-18.7243	669.735	
6.83712	-18.7241	669.729	
6.83401	-18.7309	669.722	
6.81273	-18.7378	669.716	
6.79549	-18.7374	669.706	
6.78101	-18.7372	669.699	
6.76685	-18.7434	669.692	
6.76398	-18.7503	669.686	
6.77619	-18.7501	669.681	
6.77402	-18.757	669.677	
6.77772	-18.7639	669.671	
6.77431	-18.7637	669.665	
6.77113	-18.7699	669.659	
6.75264	-18.7768	669.652	
6.75658	-18.7766	669.645	
6.76221	-18.7835	669.641	
6.75492	-18.7898	669.636	
6.74247	-18.7967	669.631	
6.74925	-18.8031	669.629	
6.74319	-18.8029	669.623	
6.73736	-18.8156	669.619	
6.72846	-18.8218	669.614	
6.72503	-18.8267	669.609	
6.70276	-18.8322	669.603	
6.69067	-18.8362	669.597	
6.6904	-18.8441	669.594	
6.69199	-18.8482	669.589	
6.68625	-18.8544	669.584	
6.69708	-18.8679	669.582	
6.69911	-18.8735	669.578	
6.7009	-18.8798	669.573	
6.69073	-18.886	669.567	
6.68773	-18.8993	669.562	
6.66907	-18.9055	669.555	
6.65894	-18.9189	669.55	
6.65448	-18.9316	669.547	
6.66021	-18.9363	669.541	
6.66758	-18.9426	669.538	
6.66285	-18.9555	669.536	
6.65818	-18.9683	669.535	
6.67061	-18.9747	669.533	
6.6685	-18.9875	669.531	
6.66968	-18.9993	669.528	
6.65602	-19.005	669.524	
6.65253	-19.0113	669.52	
6.65131	-19.0247	669.517	
6.63179	-19.0374	669.51	
6.63016	-19.0508	669.506	
6.62504	-19.0555	669.502	
6.62662	-19.0689	669.499	
6.62738	-19.0824	669.496	
6.63772	-19.0965	669.493	
6.64017	-19.11	669.492	
6.64898	-19.1219	669.49	
6.6507	-19.1353	669.487	
6.66013	-19.1488	669.485	
6.64984	-19.1622	669.481	
6.64362	-19.1805	669.478	
6.631	-19.194	669.475	
6.61181	-19.1986	669.468	
6.61053	-19.2169	669.466	
6.61285	-19.2359	669.465	
6.61554	-19.2517	669.461	
6.61359	-19.2596	669.456	
6.61659	-19.2754	669.452	
6.6196	-19.2833	669.448	
6.61832	-19.3	669.445	
6.61947	-19.3089	669.442	
6.62572	-19.3338	669.442	
6.63152	-19.3427	669.438	
6.62811	-19.358	669.435	
6.63299	-19.3663	669.431	
6.63801	-19.3816	669.427	
6.641	-19.3953	669.423	
6.64373	-19.4107	669.421	
6.63634	-19.4267	669.417	
6.6354	-19.4403	669.412	
6.63938	-19.4619	669.408	
6.63629	-19.4756	669.404	
6.63767	-19.491	669.402	
6.63905	-19.5061	669.398	
6.64586	-19.5267	669.395	
6.65459	-19.5467	669.391	
6.65954	-19.5754	669.39	
6.65413	-19.5876	669.386	
6.66523	-19.6053	669.382	
6.6747	-19.6239	669.38	
6.68389	-19.649	669.379	
6.6907	-19.6598	669.375	
6.69044	-19.6836	669.373	
6.68434	-19.6985	669.369	
6.68532	-19.7188	669.366	
6.68388	-19.7374	669.363	
6.68644	-19.7561	669.359	
6.68007	-19.7761	669.356	
6.68196	-19.8025	669.353	
6.67749	-19.8266	669.349	
6.67446	-19.8514	669.344	
6.65915	-19.8777	669.339	
6.66623	-19.9044	669.338	
6.66434	-19.9279	669.335	
6.66273	-19.9556	669.331	
6.67216	-19.9839	669.329	
6.6715	-20.0025	669.323	
6.67387	-20.0292	669.319	
6.68267	-20.0557	669.314	
6.68346	-20.0835	669.309	
6.69316	-20.1203	669.308	
6.69867	-20.1562	669.304	
6.69028	-20.1868	669.301	
6.69547	-20.2223	669.298	
6.70327	-20.2601	669.297	
6.70074	-20.2829	669.294	
6.69969	-20.3264	669.292	
6.70024	-20.3673	669.288	
6.69991	-20.4069	669.285	
6.70443	-20.4479	669.282	
6.7006	-20.4852	669.278	
6.69805	-20.524	669.274	
6.69815	-20.5636	669.272	
6.69432	-20.6033	669.269	
6.69533	-20.6436	669.267	
6.6957	-20.6837	669.264	
6.6958	-20.712	669.261	
6.69614	-20.7673	669.261	
6.69132	-20.8115	669.257	
6.68495	-20.8543	669.253	
6.68105	-20.8971	669.249	
6.68144	-20.9381	669.244	
6.67475	-20.983	669.24	
6.67937	-21.0296	669.239	
6.68065	-21.081	669.236	
6.67369	-21.1347	669.234	
6.67249	-21.1856	669.233	
6.66153	-21.2326	669.229	
6.65458	-21.2757	669.223	
6.65426	-21.3202	669.217	
6.65308	-21.378	669.212	
6.64614	-21.429	669.208	
6.64622	-21.4884	669.203	
6.63887	-21.5409	669.2	
6.63927	-21.5967	669.195	
6.6368	-21.6509	669.189	
6.63281	-21.7034	669.183	
6.63745	-21.7671	669.179	
6.63344	-21.8307	669.176	
6.63295	-21.8991	669.175	
6.63787	-21.9723	669.171	
6.63342	-22.0323	669.166	
6.63326	-22.0813	669.16	
6.63111	-22.1426	669.155	
6.63089	-22.2127	669.153	
6.63535	-22.2909	669.152	
6.63158	-22.3651	669.148	
6.62899	-22.4426	669.144	
6.62878	-22.516	669.141	
6.62622	-22.5957	669.137	
6.62177	-22.6729	669.135	
6.61829	-22.7511	669.13	
6.61571	-22.8233	669.124	
6.61862	-22.9017	669.117	
6.61418	-22.9839	669.112	
6.61425	-23.0654	669.11	
6.61167	-23.1502	669.104	
6.60752	-23.2272	669.097	
6.6076	-23.3072	669.092	
6.60316	-23.399	669.089	
6.60323	-23.4887	669.087	
6.60067	-23.5673	669.077	
6.60077	-23.6528	669.069	
6.60085	-23.7536	669.066	
6.60093	-23.8379	669.06	
6.60103	-23.9233	669.054	
6.6027	-24.0004	669.044	
6.60279	-24.0956	669.038	
6.6029	-24.1967	669.03	
6.60302	-24.2639	669.017	
6.6047	-24.372	669.009	
6.60481	-24.4788	669.001	
6.60493	-24.5788	668.99	
6.60504	-24.6914	668.983	
6.60515	-24.8072	668.977	
6.60523	-24.9113	668.966	
6.60562	-25.0294	668.958	
6.60572	-25.1483	668.954	
6.60586	-25.2478	668.941	
6.59892	-25.3721	668.933	
6.60321	-25.5053	668.93	
6.60335	-25.6265	668.918	
6.60532	-25.744	668.907	
6.60388	-25.849	668.896	
6.60981	-25.9797	668.886	
6.60989	-26.1133	668.878	
6.60327	-26.2414	668.864	
6.60604	-26.3676	668.852	
6.61067	-26.5012	668.841	
6.61106	-26.6366	668.826	
6.61596	-26.7763	668.817	
6.61775	-26.8944	668.802	
6.62193	-27.0423	668.793	
6.62707	-27.175	668.781	
6.62911	-27.3363	668.772	
6.63424	-27.4824	668.764	
6.63625	-27.638	668.752	
6.63855	-27.8061	668.747	
6.65209	-27.9575	668.735	
6.65405	-28.1246	668.728	
6.66112	-28.2815	668.719	
6.67523	-28.4324	668.704	
6.68606	-28.585	668.695	
6.69627	-28.75	668.682	
6.70476	-28.9257	668.676	
6.72875	-29.0742	668.663	
6.74833	-29.2649	668.661	
6.76105	-29.4381	668.65	
6.776	-29.6286	668.646	
6.79288	-29.8082	668.636	
6.8028	-29.9904	668.629	
6.82081	-30.1761	668.618	
6.82107	-30.3702	668.61	
6.83397	-30.5569	668.598	
6.84853	-30.7471	668.589	
6.86046	-30.9284	668.576	
6.87946	-31.1206	668.569	
6.89486	-31.2999	668.556	
6.90924	-31.5175	668.549	
6.91728	-31.6933	668.535	
6.92169	-31.8885	668.526	
6.94603	-32.0721	668.516	
6.95603	-32.2813	668.508	
6.98498	-32.503	668.505	
7.00505	-32.712	668.497	
7.03405	-32.8998	668.488	
7.04871	-33.0936	668.473	
7.06401	-33.3113	668.465	
7.08235	-33.5321	668.459	
7.11425	-33.754	668.45	
7.13176	-33.9618	668.443	
7.13487	-34.1818	668.429	
7.14992	-34.4091	668.421	
7.17816	-34.6292	668.414	
7.20388	-34.8538	668.403	
7.21993	-35.0842	668.393	
7.24354	-35.3144	668.385	
7.27721	-35.5437	668.373	
7.33155	-35.7572	668.367	
7.34174	-35.9945	668.36	
7.32841	-36.2513	668.349	
7.32549	-36.5102	668.343	
7.34338	-36.7564	668.335	
7.38268	-37.0079	668.325	
7.39864	-37.2691	668.316	
7.42596	-37.5183	668.304	
7.45729	-37.7684	668.291	
7.46795	-38.0144	668.28	
7.47133	-38.2704	668.266	
7.4941	-38.4996	668.249	
7.53044	-38.7523	668.239	
7.5329	-39.0345	668.233	
7.54604	-39.3206	668.221	
7.58288	-39.592	668.208	
7.60113	-39.8611	668.193	
7.61221	-40.1074	668.175	
7.62436	-40.3847	668.167	
7.641	-40.6517	668.153	
7.65816	-40.9431	668.139	
7.69953	-41.2137	668.131	
7.71491	-41.4916	668.118	
7.7055	-41.7708	668.103	
7.73694	-42.0261	668.087	
7.7534	-42.3076	668.076	
7.77946	-42.581	668.063	
7.79625	-42.8746	668.056	
7.78876	-43.1791	668.039	
7.77784	-43.4762	668.027	
7.80511	-43.7504	668.013	
7.80188	-44.0589	668	
7.82176	-44.3229	667.981	
7.83007	-44.6315	667.972	
7.81777	-44.9404	667.959	
7.83756	-45.2215	667.94	
7.85496	-45.5168	667.93	
7.8462	-45.8234	667.912	
7.8639	-46.0981	667.897	
7.83025	-46.4028	667.887	
7.86492	-46.7066	667.873	
7.89392	-46.9976	667.859	
7.85594	-47.3022	667.841	
7.8669	-47.5974	667.829	
7.8888	-47.8882	667.812	
7.90777	-48.2007	667.807	
7.90732	-48.4878	667.791	
7.89851	-48.7949	667.779	
7.89451	-49.1023	667.763	
7.90709	-49.3779	667.748	
7.87858	-49.6787	667.736	
7.90297	-49.9684	667.724	
7.87028	-50.2704	667.712	
7.84045	-50.5944	667.698	
7.81448	-50.8763	667.684	
7.7409	-51.1851	667.675	
7.70777	-51.4622	667.658	
7.66681	-51.7849	667.651	
7.61089	-52.0973	667.633	
7.60951	-52.3764	667.619	
7.57988	-52.7043	667.609	
7.57279	-53.0185	667.599	
7.58854	-53.3196	667.585	
7.56798	-53.6441	667.575	
7.62258	-53.9409	667.566	
7.56829	-54.2618	667.55	
7.5963	-54.5709	667.541	
7.6141	-54.8966	667.536	
7.60324	-55.2376	667.525	
7.65296	-55.53	667.515	
7.65907	-55.8272	667.504	
7.62117	-56.1519	667.491	
7.66466	-56.461	667.483	
7.6538	-56.7945	667.475	
7.67886	-57.133	667.467	
7.70987	-57.4201	667.457	
7.69733	-57.7438	667.445	
7.70144	-58.0799	667.433	
7.70923	-58.407	667.424	
7.72552	-58.702	667.408	
7.7617	-58.995	667.396	
7.73315	-59.3196	667.383	
7.75282	-59.6219	667.372	
7.76722	-59.9194	667.366	
7.7607	-60.2333	667.349	
7.75494	-60.5483	667.336	
7.77045	-60.8518	667.323	
7.79145	-61.1488	667.309	
7.80497	-61.446	667.299	
7.81836	-61.7407	667.287	
7.81188	-62.042	667.27	
7.80668	-62.3542	667.267	
7.86188	-62.6539	667.254	
7.88759	-62.9551	667.244	
7.88725	-63.2573	667.228	
7.93228	-63.5262	667.216	
7.98498	-63.8001	667.208	
8.00543	-64.0846	667.195	
8.00607	-64.3789	667.185	
8.03085	-64.6722	667.173	
8.05271	-64.9617	667.164	
8.05253	-65.2493	667.151	
8.08323	-65.5354	667.137	
8.0897	-65.8142	667.122	
8.08713	-66.0935	667.106	
8.06075	-66.3995	667.091	
8.07028	-66.6849	667.08	
8.06869	-66.959	667.062	
8.03918	-67.2384	667.045	
8.03889	-67.5247	667.035	
8.01529	-67.8093	667.019	
8.00868	-68.0879	667.001	
7.97844	-68.3805	666.993	
7.96315	-68.6731	666.982	
7.9464	-68.9474	666.962	
7.9158	-69.2132	666.953	
7.86989	-69.4929	666.947	
7.81336	-69.7446	666.928	
7.7548	-70.0448	666.922	
7.71895	-70.3037	666.917	
7.66906	-70.5769	666.906	
7.63083	-70.8425	666.9	
7.63248	-71.108	666.9	
7.64974	-71.3802	666.893	
7.65171	-71.6477	666.892	
7.67268	-71.9049	666.884	
7.69574	-72.1574	666.878	
7.72587	-72.4263	666.872	
7.76502	-72.6715	666.86	
7.78017	-72.9277	666.85	
7.79664	-73.1905	666.842	
7.82677	-73.4289	666.83	
7.81017	-73.6978	666.819	
7.82946	-73.9366	666.806	
7.8651	-74.1762	666.798	
7.88846	-74.4145	666.793	
7.86558	-74.6492	666.777	
7.8853	-74.8915	666.771	
7.90021	-75.1188	666.76	
7.88713	-75.3561	666.75	
7.8862	-75.587	666.743	
7.89588	-75.8145	666.733	
7.88911	-76.0434	666.726	
7.87888	-76.2667	666.712	
7.91019	-76.4999	666.709	
7.91951	-76.7139	666.698	
7.91816	-76.9273	666.691	
7.94402	-77.1299	666.683	
7.96882	-77.3595	666.679	
7.97182	-77.5718	666.667	
7.99504	-77.8008	666.664	
8.00777	-78.0091	666.656	
8.02291	-78.2275	666.653	
8.05013	-78.4322	666.648	
8.07829	-78.6391	666.647	
8.08113	-78.8525	666.641	
8.08933	-79.0613	666.642	
8.07244	-79.2473	666.629	
8.07931	-79.4484	666.627	
8.08687	-79.6279	666.616	
8.07435	-79.8131	666.61	
8.08457	-80.0158	666.594	
8.06831	-80.1931	666.58	
8.08954	-80.3639	666.567	
8.07537	-80.5479	666.554	
8.07594	-80.7232	666.539	
8.05207	-80.8945	666.527	
8.04706	-81.074	666.515	
8.00983	-81.2439	666.502	
7.98856	-81.4207	666.492	
7.94714	-81.6089	666.478	
7.88169	-81.7988	666.464	
7.85542	-81.9413	666.453	
7.81359	-82.0991	666.444	
7.76391	-82.2802	666.428	
7.6852	-82.4609	666.415	
7.66424	-82.6077	666.407	
7.60331	-82.775	666.4	
7.57786	-82.9335	666.393	
7.5142	-83.1091	666.384	
7.50111	-83.2779	666.383	
7.47442	-83.4407	666.373	
7.48586	-83.6129	666.372	
7.47646	-83.7802	666.363	
7.48202	-83.9401	666.356	
7.48385	-84.0968	666.352	
7.50144	-84.2525	666.346	
7.49635	-84.414	666.337	
7.51703	-84.5776	666.338	
7.51041	-84.7187	666.33	
7.53677	-84.8789	666.326	
7.53309	-85.0517	666.321	
7.55146	-85.2106	666.312	
7.54095	-85.3666	666.303	
7.5494	-85.5232	666.299	
7.57817	-85.65	666.291	
7.58693	-85.7771	666.282	
7.61268	-85.9174	666.281	
7.5825	-86.0577	666.272	
7.55662	-86.1955	666.263	
7.564	-86.3546	666.26	
7.57635	-86.4828	666.253	
7.59066	-86.609	666.242	
7.59056	-86.7344	666.234	
7.57576	-86.8673	666.229	
7.58783	-86.9962	666.221	
7.59601	-87.1181	666.213	
7.57658	-87.2523	666.208	
7.58437	-87.3865	666.201	
7.58687	-87.5253	666.192	
7.60759	-87.6507	666.185	
7.61092	-87.7781	666.182	
7.62637	-87.9125	666.176	
7.61566	-88.0353	666.167	
7.62928	-88.1563	666.162	
7.65709	-88.2922	666.161	
7.66754	-88.4107	666.155	
7.6483	-88.5318	666.148	
7.6364	-88.6554	666.146	
7.65318	-88.788	666.146	
7.65977	-88.9099	666.14	
7.67413	-89.0325	666.133	
7.68359	-89.1493	666.133	
7.66992	-89.2675	666.132	
7.65628	-89.3807	666.124	
7.65861	-89.4939	666.116	
7.69367	-89.6166	666.113	
7.70595	-89.7262	666.108	
7.68844	-89.8334	666.099	
7.66127	-89.957	666.087	
7.67271	-90.0515	666.081	
7.71052	-90.1772	666.079	
7.73632	-90.2854	666.072	
7.72964	-90.3793	666.06	
7.72346	-90.4882	666.053	
7.70389	-90.5982	666.047	
7.70549	-90.7138	666.045	
7.70871	-90.823	666.035	
7.71911	-90.9103	666.022	
7.7282	-91.0085	666.011	
7.72715	-91.1089	666.004	
7.74044	-91.2118	665.994	
7.73265	-91.299	665.985	
7.72394	-91.3935	665.976	
7.72457	-91.4914	665.971	
7.7075	-91.5853	665.963	
7.692	-91.6757	665.955	
7.6943	-91.7613	665.945	
7.70159	-91.849	665.938	
7.70838	-91.9462	665.933	
7.71305	-92.035	665.925	
7.71225	-92.1192	665.915	
7.71425	-92.2037	665.907	
7.71122	-92.2921	665.9	
7.70647	-92.388	665.892	
7.6949	-92.4688	665.884	
7.67079	-92.5593	665.873	
7.65651	-92.6485	665.863	
7.64361	-92.7305	665.857	
7.64816	-92.8149	665.851	
7.64955	-92.8991	665.846	
7.65409	-92.9788	665.839	
7.65502	-93.065	665.832	
7.66317	-93.1461	665.825	
7.66617	-93.2342	665.821	
7.68142	-93.311	665.817	
7.67882	-93.3975	665.816	
7.69074	-93.4721	665.812	
7.70259	-93.5469	665.805	
7.71119	-93.6219	665.795	
7.71993	-93.6847	665.788	
7.72518	-93.7523	665.781	
7.73636	-93.8349	665.774	
7.75326	-93.9098	665.768	
7.76262	-93.9818	665.76	
7.77245	-94.0571	665.756	
7.77949	-94.1269	665.752	
7.7969	-94.1911	665.749	
7.80605	-94.2649	665.748	
7.81252	-94.3357	665.745	
7.82987	-94.4062	665.742	
7.84468	-94.4706	665.739	
7.86197	-94.5358	665.737	
7.86462	-94.61	665.737	
7.87991	-94.6773	665.736	
7.88546	-94.7422	665.736	
7.89898	-94.8105	665.733	
7.90709	-94.8722	665.728	
7.9189	-94.9311	665.722	
7.92495	-94.9933	665.716	
7.92296	-95.0473	665.708	
7.93808	-95.1127	665.704	
7.93321	-95.1728	665.695	
7.93828	-95.2345	665.683	
7.9238	-95.2815	665.669	
7.8958	-95.3253	665.654	
7.87552	-95.3815	665.641	
7.866	-95.4304	665.629	
7.85983	-95.4862	665.616	
7.83077	-95.5345	665.6	
7.79381	-95.5785	665.583	
7.76949	-95.6235	665.571	
7.74773	-95.6718	665.561	
7.72809	-95.7247	665.549	
7.69231	-95.7784	665.535	
7.65644	-95.8199	665.519	
7.62764	-95.8574	665.508	
7.61846	-95.9061	665.499	
7.59536	-95.9485	665.488	
7.54791	-95.9983	665.476	
7.52265	-96.0441	665.463	
7.50028	-96.0807	665.451	
7.46121	-96.1266	665.436	
7.40935	-96.1751	665.421	
7.37752	-96.2203	665.41	
7.35567	-96.2641	665.399	
7.30739	-96.3036	665.381	
7.28118	-96.3416	665.366	
7.26034	-96.3922	665.354	
7.22423	-96.4296	665.341	
7.19964	-96.4765	665.328	
7.19023	-96.5283	665.323	
7.17213	-96.5746	665.311	
7.16015	-96.6132	665.299	
7.17058	-96.6454	665.288	
7.16311	-96.6906	665.272	
7.15421	-96.7377	665.258	
7.13513	-96.7751	665.244	
7.08485	-96.8126	665.229	
7.0619	-96.8512	665.217	
7.03739	-96.8863	665.2	
7.03188	-96.9115	665.183	
7.04042	-96.9477	665.167	
7.02006	-96.9772	665.147	
7.01133	-97.019	665.134	
6.98728	-97.0619	665.12	
6.95468	-97.0997	665.106	
6.94481	-97.14	665.093	
6.92966	-97.1769	665.078	
6.93754	-97.2119	665.063	
6.91977	-97.2473	665.047	
6.88528	-97.2863	665.032	
6.85942	-97.3194	665.019	
6.83055	-97.3624	665.006	
6.84346	-97.4108	664.995	
6.81823	-97.4537	664.982	
6.82465	-97.4988	664.975	
6.79813	-97.5335	664.96	
6.78928	-97.5688	664.948	
6.78328	-97.6097	664.932	
6.78761	-97.6437	664.917	
6.80091	-97.684	664.905	
6.7724	-97.7165	664.89	
6.7563	-97.7589	664.877	
6.75741	-97.795	664.862	
6.76578	-97.8324	664.85	
6.74085	-97.871	664.835	
6.73697	-97.9048	664.822	
6.7058	-97.9352	664.804	
6.71089	-97.9608	664.79	
6.68096	-97.9992	664.77	
6.65957	-98.0259	664.754	
6.61129	-98.0587	664.738	
6.57877	-98.0937	664.724	
6.54887	-98.1277	664.707	
6.53054	-98.1637	664.692	
6.48581	-98.2012	664.677	
6.42461	-98.239	664.659	
6.40581	-98.2693	664.645	
6.37535	-98.3052	664.627	
6.3691	-98.3365	664.613	
6.32686	-98.3674	664.596	
6.30486	-98.3999	664.582	
6.27136	-98.4389	664.566	
6.25025	-98.4655	664.548	
6.23863	-98.4999	664.536	
6.2011	-98.5325	664.52	
6.19154	-98.5635	664.509	
6.16731	-98.5981	664.494	
6.17004	-98.6327	664.483	
6.14349	-98.6606	664.471	
6.14039	-98.6953	664.46	
6.15265	-98.7287	664.449	
6.13214	-98.7557	664.436	
6.13879	-98.7758	664.429	
6.13413	-98.8036	664.417	
6.15491	-98.837	664.406	
6.15786	-98.8627	664.39	
6.16244	-98.8885	664.377	
6.15961	-98.9131	664.363	
6.16456	-98.9421	664.346	
6.17713	-98.9603	664.334	
6.16101	-98.983	664.315	
6.17746	-99.0075	664.3	
6.17487	-99.0274	664.281	
6.1557	-99.0481	664.262	
6.17197	-99.0615	664.247	
6.14903	-99.0846	664.227	
6.13491	-99.1073	664.205	
6.15233	-99.1325	664.19	
6.13974	-99.154	664.166	
6.13486	-99.1684	664.146	
6.17698	-99.1865	664.131	
6.18735	-99.2092	664.109	
6.20644	-99.2231	664.086	
6.25206	-99.2418	664.068	
6.27389	-99.2653	664.047	
6.31699	-99.281	664.026	
6.35348	-99.2996	664.01	
6.37169	-99.316	663.989	
6.4047	-99.3413	663.969	
6.43177	-99.3527	663.953	
6.44494	-99.3747	663.935	
6.4634	-99.3958	663.919	
6.47073	-99.4148	663.903	
6.45448	-99.4347	663.884	
6.46487	-99.4479	663.87	
6.45841	-99.4601	663.852	
6.44619	-99.4734	663.833	
6.45376	-99.4861	663.817	
6.4186	-99.5	663.798	
6.40831	-99.5162	663.779	
6.41239	-99.5313	663.762	
6.40004	-99.5463	663.741	
6.37955	-99.5602	663.72	
6.37757	-99.5671	663.701	
6.33486	-99.5752	663.681	
6.28644	-99.583	663.658	
6.24995	-99.5924	663.636	
6.24038	-99.6008	663.617	
6.22844	-99.61	663.597	
6.20018	-99.6179	663.574	
6.17172	-99.6179	663.554	
6.14355	-99.6242	663.535	
6.11535	-99.6237	663.513	
6.08504	-99.6316	663.493	
6.08595	-99.6347	663.478	
6.06049	-99.639	663.459	
6.05434	-99.6408	663.442	
6.05686	-99.6458	663.428	
6.03057	-99.6419	663.409	
6.03897	-99.644	663.394	
6.0475	-99.6491	663.382	
6.02913	-99.644	663.363	
6.0243	-99.6471	663.347	
6.04299	-99.6428	663.332	
6.01002	-99.6391	663.311	
5.99066	-99.6421	663.291	
5.99959	-99.6388	663.274	
5.96488	-99.6344	663.251	
5.93386	-99.6241	663.23	
5.93162	-99.6205	663.21	
5.88612	-99.615	663.188	
5.83755	-99.6035	663.164	
5.80132	-99.6039	663.14	
5.77716	-99.5965	663.118	
5.76151	-99.5842	663.097	
5.73026	-99.5768	663.072	
5.67964	-99.5626	663.047	
5.65846	-99.5622	663.023	
5.652	-99.5497	663.001	
5.61744	-99.5433	662.976	
5.59316	-99.5322	662.952	
5.59527	-99.5284	662.931	
5.60873	-99.5165	662.911	
5.6076	-99.5087	662.886	
5.64118	-99.497	662.869	
5.6472	-99.4898	662.849	
5.65543	-99.4755	662.825	
5.70347	-99.4635	662.806	
5.72358	-99.4579	662.784	
5.74052	-99.4416	662.755	
5.78213	-99.4274	662.733	
5.81713	-99.4201	662.707	
5.82821	-99.4034	662.677	
5.88852	-99.3953	662.651	
5.96415	-99.3789	662.623	
6.00181	-99.3635	662.595	
6.03659	-99.3577	662.567	
6.08274	-99.3459	662.543	
6.11275	-99.3402	662.516	
6.10793	-99.3347	662.486	
6.10728	-99.3226	662.459	
6.12071	-99.3121	662.437	
6.12251	-99.3089	662.411	
6.11814	-99.3039	662.383	
6.10692	-99.2952	662.36	
6.12257	-99.2922	662.338	
6.1028	-99.2829	662.313	
6.10575	-99.2814	662.291	
6.12094	-99.2732	662.27	
6.11612	-99.2728	662.247	
6.10403	-99.2712	662.225	
6.11878	-99.2642	662.206	
6.10361	-99.2538	662.183	
6.115	-99.2534	662.162	
6.13255	-99.2429	662.143	
6.13498	-99.2412	662.122	
6.13514	-99.2321	662.103	
6.14221	-99.2287	662.081	
6.13107	-99.2173	662.056	
6.14	-99.2162	662.035	
6.14496	-99.2082	662.013	
6.12619	-99.2065	661.988	
6.11465	-99.1972	661.963	
6.09398	-99.1953	661.937	
6.07131	-99.1925	661.908	
6.02471	-99.1827	661.879	
6.01732	-99.182	661.855	
5.98507	-99.171	661.826	
5.94631	-99.1669	661.797	
5.92515	-99.1568	661.772	
5.90879	-99.1462	661.745	
5.88968	-99.1426	661.717	
5.87066	-99.1405	661.69	
5.87696	-99.1387	661.667	
5.85721	-99.1347	661.639	
5.84023	-99.1341	661.613	
5.84671	-99.1267	661.591	
5.82661	-99.1251	661.563	
5.7917	-99.1242	661.538	
5.79501	-99.1172	661.518	
5.79525	-99.1088	661.494	
5.79845	-99.1076	661.471	
5.7988	-99.1061	661.448	
5.79756	-99.1034	661.422	
5.80487	-99.0964	661.401	
5.77889	-99.0946	661.376	
5.77934	-99.0931	661.352	
5.7884	-99.0922	661.327	
5.79971	-99.0848	661.302	
5.81583	-99.0844	661.278	
5.83115	-99.0835	661.251	
5.80029	-99.0825	661.222	
5.79538	-99.0749	661.196	
5.81197	-99.0739	661.167	
5.80276	-99.0718	661.135	
5.81962	-99.0635	661.108	
5.83996	-99.0614	661.079	
5.83632	-99.0585	661.047	
5.89225	-99.0571	661.023	
5.91051	-99.0466	660.994	
5.9268	-99.0434	660.966	
5.97346	-99.0414	660.943	
6.0027	-99.0381	660.915	
6.03098	-99.0368	660.891	
6.06439	-99.0276	660.865	
6.12793	-99.0274	660.843	
6.17752	-99.0264	660.817	
6.24858	-99.0259	660.792	
6.33119	-99.0263	660.77	
6.38258	-99.0236	660.742	
6.4708	-99.0245	660.72	
6.53245	-99.0243	660.694	
6.59789	-99.0319	660.67	
6.63912	-99.0307	660.643	
6.68861	-99.031	660.619	
6.72797	-99.0306	660.592	
6.74527	-99.0292	660.564	
6.78556	-99.0284	660.538	
6.786	-99.0265	660.508	
6.82094	-99.0238	660.48	
6.80696	-99.0205	660.449	
6.79443	-99.0101	660.418	
6.80178	-99.0066	660.389	
6.78119	-99.0017	660.356	
6.77476	-98.9979	660.326	
6.7741	-98.9877	660.296	
6.75528	-98.9839	660.262	
6.76	-98.9817	660.233	
6.75087	-98.9792	660.201	
6.74894	-98.9714	660.173	
6.74553	-98.9704	660.144	
6.73111	-98.9686	660.113	
6.75224	-98.9615	660.087	
6.75219	-98.9603	660.058	
6.76054	-98.9542	660.034	
6.75098	-98.9468	660.008	
6.77203	-98.947	659.984	
6.76529	-98.9397	659.955	
6.78994	-98.9342	659.934	
6.78536	-98.9335	659.907	
6.81219	-98.928	659.885	
6.80396	-98.9199	659.856	
6.8263	-98.9145	659.835	
6.82146	-98.9143	659.808	
6.83368	-98.9074	659.783	
6.80683	-98.8998	659.754	
6.81259	-98.9001	659.73	
6.79826	-98.8922	659.7	
6.81057	-98.8834	659.674	
6.79451	-98.8752	659.643	
6.79872	-98.8753	659.619	
6.76009	-98.8661	659.586	
6.77224	-98.8589	659.561	
6.74578	-98.8495	659.53	
6.74041	-98.8419	659.504	
6.70769	-98.8394	659.47	
6.69925	-98.8314	659.442	
6.67735	-98.8208	659.409	
6.66593	-98.8129	659.382	
6.62072	-98.8042	659.349	
6.60386	-98.8011	659.318	
6.5917	-98.7928	659.287	
6.57077	-98.7829	659.257	
6.54527	-98.7708	659.224	
6.54782	-98.769	659.196	
6.53069	-98.7589	659.165	
6.54674	-98.75	659.139	
6.52316	-98.7384	659.106	
6.53091	-98.7367	659.081	
6.51139	-98.7265	659.05	
6.53362	-98.7184	659.025	
6.55409	-98.7165	658.999	
6.55012	-98.7124	658.97	
6.55134	-98.711	658.946	
6.55122	-98.6977	658.914	
6.57805	-98.6952	658.888	
6.5861	-98.6841	658.86	
6.56816	-98.6812	658.83	
6.57524	-98.6786	658.804	
6.56608	-98.6747	658.774	
6.58273	-98.6642	658.747	
6.59208	-98.66	658.716	
6.58197	-98.6647	658.686	
6.56646	-98.6539	658.656	
6.54655	-98.649	658.622	
6.56491	-98.6473	658.595	
6.55682	-98.6492	658.56	
6.56996	-98.6406	658.533	
6.5518	-98.6352	658.5	
6.53983	-98.6377	658.467	
6.54197	-98.6334	658.436	
6.54983	-98.6265	658.399	
6.55593	-98.6231	658.371	
6.52811	-98.618	658.336	
6.54912	-98.6233	658.309	
6.55468	-98.6206	658.278	
6.54418	-98.6263	658.247	
6.55259	-98.6245	658.219	
6.54498	-98.63	658.188	
6.55641	-98.6278	658.159	
6.55792	-98.6317	658.126	
6.56497	-98.6304	658.095	
6.57282	-98.6355	658.068	
6.56452	-98.6388	658.033	
6.60778	-98.6453	658.005	
6.62351	-98.6424	657.973	
6.63992	-98.6465	657.942	
6.67813	-98.6534	657.915	
6.68925	-98.658	657.88	
6.73405	-98.663	657.852	
6.75678	-98.6697	657.825	
6.7726	-98.6753	657.794	
6.82876	-98.6873	657.766	
6.85857	-98.6936	657.737	
6.85992	-98.6989	657.705	
6.90188	-98.7108	657.676	
6.93121	-98.7167	657.647	
6.96151	-98.7231	657.618	
6.97809	-98.7287	657.593	
7.00518	-98.7401	657.562	
7.0391	-98.7532	657.533	
7.07674	-98.7588	657.507	
7.07692	-98.7619	657.478	
7.07737	-98.7729	657.446	
7.11333	-98.7837	657.419	
7.13784	-98.7849	657.388	
7.14941	-98.7943	657.355	
7.17124	-98.8032	657.326	
7.19298	-98.8133	657.297	
7.22156	-98.821	657.263	
7.25049	-98.831	657.233	
7.26678	-98.8415	657.205	
7.2534	-98.8458	657.173	
7.27337	-98.8553	657.141	
7.31306	-98.8654	657.112	
7.32685	-98.8743	657.077	
7.34356	-98.8841	657.047	
7.36066	-98.8965	657.021	
7.37903	-98.9082	656.992	
7.39412	-98.9191	656.96	
7.44122	-98.9229	656.934	
7.46129	-98.935	656.906	
7.45895	-98.9463	656.876	
7.50002	-98.9515	656.849	
7.55124	-98.9642	656.824	
7.58676	-98.9744	656.795	
7.58687	-98.9858	656.766	
7.59718	-98.9963	656.738	
7.64648	-99.0005	656.712	
7.67627	-99.0102	656.682	
7.6927	-99.0211	656.653	
7.71129	-99.0318	656.626	
7.72709	-99.0416	656.595	
7.75019	-99.0496	656.563	
7.7805	-99.0528	656.534	
7.79875	-99.061	656.503	
7.79406	-99.0702	656.47	
7.82487	-99.0806	656.442	
7.88102	-99.098	656.414	
7.907	-99.1081	656.385	
7.91514	-99.1179	656.355	
7.94938	-99.1352	656.326	
8.00795	-99.1449	656.299	
8.0445	-99.1483	656.27	
8.07257	-99.1585	656.242	
8.10889	-99.1744	656.213	
8.16264	-99.1785	656.188	
8.2159	-99.1948	656.159	
8.23433	-99.2034	656.129	
8.25545	-99.2178	656.1	
8.30482	-99.229	656.075	
8.36704	-99.2387	656.05	
8.40465	-99.2495	656.024	
8.42037	-99.2651	655.995	
8.45552	-99.2727	655.967	
8.50664	-99.2889	655.94	
8.56644	-99.3062	655.914	
8.60338	-99.3133	655.884	
8.6121	-99.3265	655.852	
8.64245	-99.3348	655.821	
8.68885	-99.3506	655.792	
8.73849	-99.3589	655.765	
8.76565	-99.3726	655.734	
8.79285	-99.3771	655.7	
8.83699	-99.3909	655.669	
8.89027	-99.3981	655.64	
8.92322	-99.4179	655.61	
8.94578	-99.4322	655.582	
8.9796	-99.4396	655.553	
9.03824	-99.4523	655.523	
9.09598	-99.4664	655.497	
9.14938	-99.4798	655.47	
9.22501	-99.5027	655.447	
9.27475	-99.5226	655.419	
9.33871	-99.5271	655.39	
9.39929	-99.5434	655.358	
9.44253	-99.5592	655.324	
9.50749	-99.5702	655.294	
9.5745	-99.5775	655.26	
9.65072	-99.5874	655.23	
9.71318	-99.602	655.195	
9.7716	-99.6173	655.16	
9.82216	-99.6306	655.123	
9.8863	-99.6536	655.09	
9.95982	-99.6711	655.058	
10.0618	-99.6795	655.028	
10.1322	-99.6956	654.996	
10.2099	-99.7169	654.962	
10.2705	-99.7253	654.928	
10.3581	-99.74	654.895	
10.4419	-99.7584	654.866	
10.5465	-99.7749	654.836	
10.6572	-99.7926	654.807	
10.7789	-99.8184	654.78	
10.8839	-99.8347	654.749	
10.9834	-99.8683	654.719	
11.0905	-99.8862	654.688	
11.1975	-99.909	654.653	
11.307	-99.9251	654.62	
11.401	-99.9532	654.586	
11.5089	-99.9714	654.557	
11.6112	-99.9906	654.521	
11.7047	-100.022	654.487	
11.7653	-100.045	654.453	
11.8348	-100.078	654.42	
11.911	-100.104	654.388	
11.9927	-100.139	654.36	
12.0676	-100.165	654.331	
12.1603	-100.194	654.305	
12.2297	-100.232	654.28	
12.3147	-100.254	654.254	
12.4042	-100.288	654.228	
12.496	-100.322	654.202	
12.5797	-100.349	654.176	
12.669	-100.381	654.148	
12.7562	-100.413	654.121	
12.8304	-100.446	654.095	
12.9259	-100.474	654.065	
13.0171	-100.505	654.038	
13.1191	-100.536	654.009	
13.1759	-100.573	653.981	
13.2655	-100.597	653.952	
13.3709	-100.631	653.927	
13.4623	-100.664	653.902	
13.5499	-100.693	653.872	
13.6332	-100.724	653.842	
13.7241	-100.759	653.811	
13.8106	-100.787	653.778	
13.8783	-100.818	653.742	
13.9596	-100.844	653.709	
14.0486	-100.872	653.678	
14.1325	-100.907	653.645	
14.2154	-100.936	653.616	
14.3008	-100.968	653.587	
14.3743	-100.996	653.555	
14.4598	-101.022	653.521	
14.5284	-101.049	653.488	
14.6027	-101.085	653.456	
14.6897	-101.112	653.426	
14.767	-101.149	653.398	
14.8431	-101.187	653.37	
14.9439	-101.227	653.344	
15.0464	-101.257	653.317	
15.1535	-101.291	653.294	
15.2657	-101.326	653.273	
15.3595	-101.365	653.25	
15.4707	-101.405	653.228	
15.5834	-101.448	653.207	
15.7035	-101.483	653.188	
15.8246	-101.522	653.169	
15.9437	-101.569	653.153	
16.0734	-101.616	653.136	
16.1937	-101.665	653.119	
16.3213	-101.715	653.103	
16.4377	-101.766	653.088	
16.5617	-101.808	653.07	
16.6955	-101.851	653.053	
16.8112	-101.895	653.036	
16.9482	-101.951	653.017	
17.0861	-102	652.998	
17.2153	-102.057	652.98	
17.3523	-102.114	652.961	
17.4939	-102.171	652.943	
17.6464	-102.227	652.925	
17.7754	-102.284	652.907	
17.9376	-102.341	652.889	
18.1082	-102.403	652.869	
18.248	-102.474	652.852	
18.3813	-102.536	652.832	
18.5255	-102.606	652.814	
18.6542	-102.675	652.793	
18.777	-102.736	652.773	
18.8937	-102.804	652.751	
18.9943	-102.871	652.728	
19.0905	-102.936	652.703	
19.1828	-103.007	652.676	
19.2575	-103.071	652.65	
19.3471	-103.134	652.622	
19.4418	-103.196	652.594	
19.5285	-103.259	652.567	
19.6317	-103.321	652.54	
19.7186	-103.383	652.512	
19.8108	-103.454	652.485	
19.9036	-103.517	652.457	
19.9882	-103.571	652.427	
20.0612	-103.631	652.395	
20.1453	-103.69	652.366	
20.2363	-103.748	652.335	
20.3308	-103.8	652.304	
20.4172	-103.851	652.274	
20.5107	-103.901	652.244	
20.6082	-103.943	652.212	
20.7147	-103.987	652.181	
20.8134	-104.04	652.151	
20.925	-104.079	652.123	
21.013	-104.125	652.094	
21.1292	-104.165	652.068	
21.2332	-104.207	652.043	
21.3443	-104.243	652.02	
21.4495	-104.278	651.997	
21.5556	-104.303	651.973	
21.6724	-104.33	651.948	
21.7634	-104.358	651.926	
21.8829	-104.383	651.901	
22.0124	-104.412	651.879	
22.1417	-104.432	651.857	
22.2635	-104.453	651.835	
22.3694	-104.469	651.815	
22.4988	-104.483	651.793	
22.6427	-104.499	651.772	
22.7888	-104.508	651.751	
22.9244	-104.524	651.731	
23.0773	-104.533	651.71	
23.2267	-104.543	651.691	
23.3962	-104.558	651.668	
23.569	-104.567	651.646	
23.7403	-104.569	651.626	
23.9324	-104.571	651.604	
24.1068	-104.575	651.585	
24.2658	-104.579	651.564	
24.4405	-104.578	651.545	
24.6149	-104.583	651.525	
24.7726	-104.59	651.507	
24.9485	-104.588	651.487	
25.0749	-104.581	651.471	
25.2249	-104.581	651.454	
25.3731	-104.579	651.436	
25.4902	-104.58	651.419	
25.6022	-104.571	651.401	
25.7172	-104.565	651.387	
25.8371	-104.559	651.371	
25.9502	-104.56	651.354	
26.0634	-104.554	651.338	
26.1768	-104.545	651.319	
26.2992	-104.539	651.303	
26.4059	-104.533	651.285	
26.5232	-104.526	651.268	
26.6335	-104.521	651.253	
26.7459	-104.515	651.236	
26.8859	-104.508	651.217	
27.0028	-104.502	651.2	
27.1222	-104.49	651.184	
27.2377	-104.484	651.165	
27.3415	-104.479	651.146	
27.4591	-104.472	651.127	
27.5605	-104.459	651.104	
27.6648	-104.452	651.085	
27.7791	-104.447	651.066	
27.8916	-104.441	651.046	
28.013	-104.429	651.028	
28.1227	-104.417	651.009	
28.2333	-104.405	650.989	
28.3444	-104.392	650.97	
28.4355	-104.378	650.947	
28.5503	-104.359	650.929	
28.6704	-104.341	650.909	
28.7898	-104.322	650.89	
28.9064	-104.296	650.873	
29.0335	-104.278	650.855	
29.1506	-104.26	650.836	
29.2588	-104.235	650.816	
29.3682	-104.21	650.796	
29.4822	-104.185	650.775	
29.5862	-104.168	650.755	
29.7015	-104.139	650.736	
29.8135	-104.116	650.714	
29.923	-104.085	650.691	
30.0269	-104.062	650.666	
30.1307	-104.031	650.642	
30.2437	-104.002	650.619	
30.3758	-103.965	650.597	
30.4707	-103.934	650.575	
30.575	-103.904	650.551	
30.6907	-103.873	650.526	
30.8055	-103.838	650.507	
30.9083	-103.802	650.487	
31.0291	-103.774	650.468	
31.1623	-103.738	650.448	
31.2957	-103.695	650.427	
31.4033	-103.65	650.409	
31.5174	-103.6	650.39	
31.635	-103.558	650.371	
31.7504	-103.509	650.354	
31.874	-103.461	650.335	
32.0127	-103.422	650.317	
32.1243	-103.373	650.298	
32.2397	-103.317	650.278	
32.3541	-103.268	650.261	
32.4663	-103.214	650.242	
32.5815	-103.154	650.227	
32.7203	-103.095	650.21	
32.8574	-103.037	650.192	
32.9881	-102.981	650.18	
33.1084	-102.926	650.167	
33.2411	-102.867	650.158	
33.3804	-102.804	650.149	
33.4963	-102.751	650.141	
33.6227	-102.697	650.133	
33.7329	-102.636	650.129	
33.8551	-102.578	650.128	
33.9868	-102.514	650.126	
34.1202	-102.455	650.127	
34.2358	-102.395	650.127	
34.3631	-102.331	650.125	
34.4804	-102.269	650.127	
34.5981	-102.206	650.13	
34.7183	-102.138	650.134	
34.8364	-102.078	650.139	
34.9627	-102.003	650.145	
35.0666	-101.932	650.151	
35.1878	-101.867	650.154	
35.3252	-101.796	650.16	
35.465	-101.716	650.173	
35.5618	-101.659	650.182	
35.6789	-101.591	650.193	
35.8155	-101.518	650.201	
35.9291	-101.453	650.214	
36.0464	-101.377	650.231	
36.1564	-101.299	650.247	
36.2648	-101.222	650.258	
36.3682	-101.159	650.272	
36.4797	-101.087	650.285	
36.5915	-101.017	650.302	
36.698	-100.926	650.318	
36.7981	-100.841	650.333	
36.9048	-100.757	650.352	
37.0042	-100.68	650.373	
37.1047	-100.596	650.389	
37.1984	-100.503	650.403	
37.2895	-100.419	650.422	
37.3655	-100.338	650.446	
37.4443	-100.247	650.464	
37.5188	-100.145	650.483	
37.6006	-100.064	650.503	
37.6807	-99.9736	650.525	
37.7528	-99.8773	650.545	
37.8309	-99.778	650.565	
37.9054	-99.6757	650.589	
37.9805	-99.5523	650.62	
38.0479	-99.4726	650.635	
38.1285	-99.3803	650.658	
38.195	-99.2841	650.686	
38.2657	-99.1897	650.714	
38.3347	-99.1035	650.738	
38.4006	-99.0064	650.767	
38.4734	-98.8988	650.795	
38.5423	-98.7953	650.82	
38.6201	-98.7143	650.85	
38.6893	-98.6197	650.882	
38.771	-98.5196	650.908	
38.8357	-98.4008	650.93	
38.8806	-98.2929	650.959	
38.9308	-98.182	650.988	
38.9956	-98.0739	651.012	
39.0763	-97.9579	651.039	
39.1356	-97.8499	651.071	
39.1926	-97.7474	651.1	
39.2593	-97.635	651.126	
39.3185	-97.5199	651.155	
39.3706	-97.4179	651.186	
39.4382	-97.3028	651.215	
39.5049	-97.1853	651.239	
39.5762	-97.0748	651.268	
39.6335	-96.9743	651.301	
39.692	-96.8674	651.33	
39.7659	-96.7465	651.363	
39.8353	-96.6269	651.398	
39.9198	-96.5278	651.43	
39.9805	-96.4183	651.459	
40.0301	-96.3055	651.494	
40.1011	-96.1869	651.528	
40.17	-96.056	651.56	
40.2527	-95.9358	651.598	
40.3235	-95.8279	651.634	
40.4059	-95.6987	651.666	
40.4663	-95.5708	651.699	
40.5452	-95.4222	651.743	
40.5844	-95.3131	651.769	
40.644	-95.178	651.804	
40.7065	-95.0451	651.844	
40.7759	-94.9112	651.881	
40.8506	-94.7853	651.918	
40.904	-94.6551	651.96	
41.0019	-94.48	652.009	
41.0667	-94.3879	652.042	
41.155	-94.2284	652.1	
41.219	-94.1134	652.13	
41.281	-93.9808	652.175	
41.348	-93.8368	652.216	
41.4182	-93.6819	652.258	
41.5053	-93.5357	652.308	
41.5917	-93.3941	652.351	
41.6822	-93.2097	652.407	
41.7494	-93.0572	652.447	
41.809	-92.9425	652.484	
41.8755	-92.7842	652.536	
41.9543	-92.6312	652.58	
42.0452	-92.438	652.641	
42.1102	-92.3201	652.675	
42.1885	-92.1601	652.72	
42.261	-91.9936	652.764	
42.3193	-91.8421	652.812	
42.4095	-91.6355	652.87	
42.4586	-91.5	652.908	
42.5386	-91.3236	652.956	
42.615	-91.1383	652.993	
42.6786	-90.9548	653.041	
42.7703	-90.7757	653.079	
42.8504	-90.6034	653.124	
42.9258	-90.3673	653.175	
42.9986	-90.1818	653.221	
43.0679	-90.037	653.253	
43.1513	-89.8562	653.289	
43.2404	-89.6728	653.333	
43.3011	-89.4727	653.368	
43.3604	-89.2907	653.408	
43.4327	-89.0981	653.443	
43.5081	-88.9227	653.495	
43.5877	-88.7148	653.521	
43.6688	-88.5247	653.556	
43.7337	-88.3375	653.596	
43.7997	-88.1455	653.629	
43.8793	-87.9613	653.667	
43.957	-87.7572	653.7	
44.0221	-87.5733	653.738	
44.0836	-87.3777	653.772	
44.1558	-87.1848	653.813	
44.2331	-87.0069	653.848	
44.3169	-86.8221	653.889	
44.3695	-86.6208	653.928	
44.4353	-86.4303	653.969	
44.539	-86.1924	654.016	
44.597	-86.0421	654.046	
44.6703	-85.847	654.084	
44.7515	-85.6454	654.119	
44.8395	-85.4259	654.168	
44.8907	-85.2418	654.193	
44.9567	-85.042	654.232	
45.0482	-84.8347	654.266	
45.1217	-84.6409	654.304	
45.2095	-84.4248	654.333	
45.2866	-84.2095	654.368	
45.3582	-83.9889	654.399	
45.4353	-83.7583	654.424	
45.5134	-83.5448	654.455	
45.5996	-83.327	654.482	
45.6929	-83.1156	654.515	
45.7855	-82.8903	654.537	
45.8846	-82.658	654.564	
45.947	-82.4339	654.588	
46.0442	-82.2057	654.611	
46.1428	-81.9805	654.639	
46.2316	-81.7493	654.664	
46.3024	-81.5132	654.688	
46.3948	-81.2766	654.71	
46.5132	-81.0038	654.742	
46.6314	-80.7581	654.766	
46.6914	-80.5415	654.78	
46.7853	-80.3086	654.805	
46.9148	-80.0153	654.843	
46.9771	-79.8213	654.861	
47.0619	-79.5533	654.883	
47.1739	-79.2416	654.918	
47.2372	-79.0359	654.935	
47.3495	-78.7155	654.968	
47.4381	-78.5065	654.985	
47.5163	-78.2383	655.01	
47.6199	-77.976	655.036	
47.7169	-77.6977	655.061	
47.7841	-77.4331	655.086	
47.8866	-77.1471	655.11	
47.9709	-76.8687	655.135	
48.0497	-76.583	655.155	
48.1467	-76.2998	655.175	
48.2266	-76.0116	655.194	
48.3034	-75.7073	655.219	
48.3744	-75.4264	655.24	
48.453	-75.134	655.262	
48.5287	-74.8477	655.299	
48.5841	-74.5179	655.3	
48.6807	-74.2151	655.324	
48.7428	-73.9135	655.347	
48.819	-73.6005	655.371	
48.8748	-73.2905	655.396	
48.9458	-72.9731	655.426	
48.9978	-72.6594	655.453	
49.083	-72.3285	655.476	
49.1279	-72.0044	655.499	
49.2222	-71.6714	655.523	
49.2992	-71.3294	655.542	
49.4158	-71.0017	655.566	
49.5074	-70.642	655.579	
49.6398	-70.2314	655.597	
49.7199	-69.9305	655.601	
49.8336	-69.5727	655.61	
49.9557	-69.2093	655.622	
50.0482	-68.8372	655.626	
50.1957	-68.45	655.631	
50.2967	-68.09	655.632	
50.4218	-67.7191	655.638	
50.5268	-67.3345	655.642	
50.6476	-66.9484	655.652	
50.7584	-66.5672	655.664	
50.8653	-66.1843	655.677	
50.9895	-65.8131	655.698	
51.0888	-65.4304	655.716	
51.1974	-65.0525	655.74	
51.2708	-64.6663	655.764	
51.4018	-64.2687	655.783	
51.5391	-63.7922	655.814	
51.5981	-63.4723	655.828	
51.7069	-63.0619	655.85	
51.801	-62.6482	655.864	
51.9029	-62.226	655.879	
52.0017	-61.782	655.889	
52.1095	-61.3357	655.897	
52.1978	-60.9065	655.904	
52.291	-60.4574	655.912	
52.4113	-59.9188	655.925	
52.4916	-59.4611	655.934	
52.5799	-59.091	655.941	
52.7028	-58.5482	655.963	
52.7947	-58.1742	655.975	
52.9321	-57.6373	655.999	
53.032	-57.2539	656.019	
53.1511	-56.7981	656.045	
53.3127	-56.2736	656.082	
53.4319	-55.8068	656.106	
53.5275	-55.4287	656.121	
53.6776	-54.876	656.15	
53.8251	-54.3719	656.167	
53.9586	-53.9151	656.192	
54.0811	-53.4213	656.205	
54.2275	-52.9275	656.219	
54.3431	-52.4071	656.235	
54.5044	-51.9053	656.259	
54.6534	-51.3931	656.278	
54.7437	-50.9844	656.288	
54.9483	-50.3705	656.321	
55.0646	-49.854	656.343	
55.2048	-49.4816	656.379	
55.3687	-48.8359	656.395	
55.504	-48.3039	656.413	
55.6339	-47.8602	656.424	
55.8554	-47.2294	656.451	
55.9884	-46.8001	656.46	
